# Sandbox Data | Context: 101 | Index: 2 | Label: Sim {/:Italic {/Symbol {/:Italic s}}}_{3} = sigc-100 kPa
# Column_1: X_Axis	Column_2: Y_Axis
0.000100	0.000078
0.000200	0.000157
0.000300	0.000236
0.000400	0.000316
0.000500	0.000396
0.000600	0.000477
0.000700	0.000559
0.000800	0.000640
0.000900	0.000722
0.001000	0.000805
0.001100	0.000888
0.001200	0.000971
0.001300	0.001054
0.001400	0.001137
0.001500	0.001221
0.001600	0.001304
0.001700	0.001388
0.001800	0.001472
0.001900	0.001556
0.002000	0.001640
0.002100	0.001724
0.002200	0.001808
0.002300	0.001892
0.002400	0.001976
0.002500	0.002060
0.002600	0.002144
0.002700	0.002228
0.002800	0.002312
0.002900	0.002395
0.003000	0.002478
0.003100	0.002562
0.003200	0.002644
0.003300	0.002727
0.003400	0.002810
0.003500	0.002892
0.003600	0.002974
0.003700	0.003056
0.003800	0.003138
0.003900	0.003219
0.004000	0.003300
0.004100	0.003381
0.004200	0.003461
0.004300	0.003541
0.004400	0.003621
0.004500	0.003701
0.004600	0.003780
0.004700	0.003859
0.004800	0.003938
0.004900	0.004016
0.005000	0.004094
0.005100	0.004171
0.005200	0.004248
0.005300	0.004325
0.005400	0.004402
0.005500	0.004478
0.005600	0.004553
0.005700	0.004629
0.005800	0.004703
0.005900	0.004778
0.006000	0.004852
0.006100	0.004926
0.006200	0.004999
0.006300	0.005072
0.006400	0.005145
0.006500	0.005217
0.006600	0.005289
0.006700	0.005360
0.006800	0.005431
0.006900	0.005502
0.007000	0.005572
0.007100	0.005642
0.007200	0.005711
0.007300	0.005780
0.007400	0.005849
0.007500	0.005917
0.007600	0.005985
0.007700	0.006052
0.007800	0.006119
0.007900	0.006186
0.008000	0.006252
0.008100	0.006318
0.008200	0.006383
0.008300	0.006448
0.008400	0.006513
0.008500	0.006577
0.008600	0.006641
0.008700	0.006704
0.008800	0.006767
0.008900	0.006829
0.009000	0.006892
0.009100	0.006953
0.009200	0.007015
0.009300	0.007076
0.009400	0.007136
0.009500	0.007197
0.009600	0.007256
0.009700	0.007316
0.009800	0.007375
0.009900	0.007434
0.010000	0.007492
0.010100	0.007550
0.010200	0.007607
0.010300	0.007664
0.010400	0.007721
0.010500	0.007777
0.010600	0.007833
0.010700	0.007889
0.010800	0.007944
0.010900	0.007999
0.011000	0.008054
0.011100	0.008108
0.011200	0.008162
0.011300	0.008215
0.011400	0.008268
0.011500	0.008321
0.011600	0.008373
0.011700	0.008425
0.011800	0.008477
0.011900	0.008528
0.012000	0.008579
0.012100	0.008629
0.012200	0.008680
0.012300	0.008730
0.012400	0.008779
0.012500	0.008828
0.012600	0.008877
0.012700	0.008926
0.012800	0.008974
0.012900	0.009022
0.013000	0.009069
0.013100	0.009116
0.013200	0.009163
0.013300	0.009209
0.013400	0.009256
0.013500	0.009301
0.013600	0.009347
0.013700	0.009392
0.013800	0.009437
0.013900	0.009482
0.014000	0.009526
0.014100	0.009570
0.014200	0.009613
0.014300	0.009657
0.014400	0.009700
0.014500	0.009742
0.014600	0.009785
0.014700	0.009827
0.014800	0.009869
0.014900	0.009910
0.015000	0.009951
0.015100	0.009992
0.015200	0.010033
0.015300	0.010073
0.015400	0.010113
0.015500	0.010153
0.015600	0.010192
0.015700	0.010231
0.015800	0.010270
0.015900	0.010309
0.016000	0.010347
0.016100	0.010385
0.016200	0.010422
0.016300	0.010460
0.016400	0.010497
0.016500	0.010534
0.016600	0.010571
0.016700	0.010607
0.016800	0.010643
0.016900	0.010679
0.017000	0.010714
0.017100	0.010750
0.017200	0.010785
0.017300	0.010819
0.017400	0.010854
0.017500	0.010888
0.017600	0.010922
0.017700	0.010956
0.017800	0.010989
0.017900	0.011022
0.018000	0.011055
0.018100	0.011088
0.018200	0.011121
0.018300	0.011153
0.018400	0.011185
0.018500	0.011216
0.018600	0.011248
0.018700	0.011279
0.018800	0.011310
0.018900	0.011341
0.019000	0.011372
0.019100	0.011402
0.019200	0.011432
0.019300	0.011462
0.019400	0.011491
0.019500	0.011521
0.019600	0.011550
0.019700	0.011579
0.019800	0.011608
0.019900	0.011636
0.020000	0.011664
0.020100	0.011692
0.020200	0.011720
0.020300	0.011748
0.020400	0.011775
0.020500	0.011802
0.020600	0.011829
0.020700	0.011856
0.020800	0.011883
0.020900	0.011909
0.021000	0.011935
0.021100	0.011961
0.021200	0.011987
0.021300	0.012012
0.021400	0.012038
0.021500	0.012063
0.021600	0.012088
0.021700	0.012112
0.021800	0.012137
0.021900	0.012161
0.022000	0.012185
0.022100	0.012209
0.022200	0.012233
0.022300	0.012256
0.022400	0.012280
0.022500	0.012303
0.022600	0.012326
0.022700	0.012349
0.022800	0.012371
0.022900	0.012394
0.023000	0.012416
0.023100	0.012438
0.023200	0.012460
0.023300	0.012482
0.023400	0.012503
0.023500	0.012524
0.023600	0.012546
0.023700	0.012567
0.023800	0.012587
0.023900	0.012608
0.024000	0.012628
0.024100	0.012649
0.024200	0.012669
0.024300	0.012689
0.024400	0.012709
0.024500	0.012728
0.024600	0.012748
0.024700	0.012767
0.024800	0.012786
0.024900	0.012805
0.025000	0.012824
0.025100	0.012842
0.025200	0.012861
0.025300	0.012879
0.025400	0.012897
0.025500	0.012915
0.025600	0.012933
0.025700	0.012951
0.025800	0.012968
0.025900	0.012986
0.026000	0.013003
0.026100	0.013020
0.026200	0.013037
0.026300	0.013054
0.026400	0.013070
0.026500	0.013087
0.026600	0.013103
0.026700	0.013119
0.026800	0.013135
0.026900	0.013151
0.027000	0.013167
0.027100	0.013183
0.027200	0.013198
0.027300	0.013213
0.027400	0.013229
0.027500	0.013244
0.027600	0.013258
0.027700	0.013273
0.027800	0.013288
0.027900	0.013302
0.028000	0.013317
0.028100	0.013331
0.028200	0.013345
0.028300	0.013359
0.028400	0.013373
0.028500	0.013387
0.028600	0.013400
0.028700	0.013414
0.028800	0.013427
0.028900	0.013440
0.029000	0.013453
0.029100	0.013466
0.029200	0.013479
0.029300	0.013492
0.029400	0.013504
0.029500	0.013517
0.029600	0.013529
0.029700	0.013541
0.029800	0.013553
0.029900	0.013565
0.030000	0.013577
0.030100	0.013589
0.030200	0.013600
0.030300	0.013612
0.030400	0.013623
0.030500	0.013635
0.030600	0.013646
0.030700	0.013657
0.030800	0.013668
0.030900	0.013678
0.031000	0.013689
0.031100	0.013700
0.031200	0.013710
0.031300	0.013721
0.031400	0.013731
0.031500	0.013741
0.031600	0.013751
0.031700	0.013761
0.031800	0.013771
0.031900	0.013781
0.032000	0.013790
0.032100	0.013800
0.032200	0.013809
0.032300	0.013818
0.032400	0.013828
0.032500	0.013837
0.032600	0.013846
0.032700	0.013855
0.032800	0.013863
0.032900	0.013872
0.033000	0.013881
0.033100	0.013889
0.033200	0.013898
0.033300	0.013906
0.033400	0.013914
0.033500	0.013922
0.033600	0.013930
0.033700	0.013938
0.033800	0.013946
0.033900	0.013954
0.034000	0.013962
0.034100	0.013969
0.034200	0.013977
0.034300	0.013984
0.034400	0.013991
0.034500	0.013999
0.034600	0.014006
0.034700	0.014013
0.034800	0.014020
0.034900	0.014027
0.035000	0.014033
0.035100	0.014040
0.035200	0.014047
0.035300	0.014053
0.035400	0.014059
0.035500	0.014066
0.035600	0.014072
0.035700	0.014078
0.035800	0.014084
0.035900	0.014090
0.036000	0.014096
0.036100	0.014102
0.036200	0.014108
0.036300	0.014114
0.036400	0.014119
0.036500	0.014125
0.036600	0.014130
0.036700	0.014136
0.036800	0.014141
0.036900	0.014146
0.037000	0.014151
0.037100	0.014156
0.037200	0.014161
0.037300	0.014166
0.037400	0.014171
0.037500	0.014176
0.037600	0.014181
0.037700	0.014185
0.037800	0.014190
0.037900	0.014194
0.038000	0.014199
0.038100	0.014203
0.038200	0.014207
0.038300	0.014211
0.038400	0.014215
0.038500	0.014220
0.038600	0.014224
0.038700	0.014227
0.038800	0.014231
0.038900	0.014235
0.039000	0.014239
0.039100	0.014242
0.039200	0.014246
0.039300	0.014249
0.039400	0.014253
0.039500	0.014256
0.039600	0.014260
0.039700	0.014263
0.039800	0.014266
0.039900	0.014269
0.040000	0.014272
0.040100	0.014275
0.040200	0.014278
0.040300	0.014281
0.040400	0.014284
0.040500	0.014287
0.040600	0.014289
0.040700	0.014292
0.040800	0.014295
0.040900	0.014297
0.041000	0.014299
0.041100	0.014302
0.041200	0.014304
0.041300	0.014306
0.041400	0.014309
0.041500	0.014311
0.041600	0.014313
0.041700	0.014315
0.041800	0.014317
0.041900	0.014319
0.042000	0.014321
0.042100	0.014323
0.042200	0.014324
0.042300	0.014326
0.042400	0.014328
0.042500	0.014329
0.042600	0.014331
0.042700	0.014332
0.042800	0.014334
0.042900	0.014335
0.043000	0.014337
0.043100	0.014338
0.043200	0.014339
0.043300	0.014340
0.043400	0.014341
0.043500	0.014343
0.043600	0.014344
0.043700	0.014345
0.043800	0.014346
0.043900	0.014346
0.044000	0.014347
0.044100	0.014348
0.044200	0.014349
0.044300	0.014350
0.044400	0.014350
0.044500	0.014351
0.044600	0.014351
0.044700	0.014352
0.044800	0.014352
0.044900	0.014353
0.045000	0.014353
0.045100	0.014353
0.045200	0.014354
0.045300	0.014354
0.045400	0.014354
0.045500	0.014354
0.045600	0.014354
0.045700	0.014354
0.045800	0.014354
0.045900	0.014354
0.046000	0.014354
0.046100	0.014354
0.046200	0.014354
0.046300	0.014354
0.046400	0.014354
0.046500	0.014353
0.046600	0.014353
0.046700	0.014353
0.046800	0.014352
0.046900	0.014352
0.047000	0.014351
0.047100	0.014351
0.047200	0.014350
0.047300	0.014350
0.047400	0.014349
0.047500	0.014348
0.047600	0.014348
0.047700	0.014347
0.047800	0.014346
0.047900	0.014345
0.048000	0.014344
0.048100	0.014344
0.048200	0.014343
0.048300	0.014342
0.048400	0.014341
0.048500	0.014340
0.048600	0.014338
0.048700	0.014337
0.048800	0.014336
0.048900	0.014335
0.049000	0.014334
0.049100	0.014333
0.049200	0.014331
0.049300	0.014330
0.049400	0.014329
0.049500	0.014327
0.049600	0.014326
0.049700	0.014324
0.049800	0.014323
0.049900	0.014321
0.050000	0.014320
0.050100	0.014318
0.050200	0.014316
0.050300	0.014315
0.050400	0.014313
0.050500	0.014311
0.050600	0.014310
0.050700	0.014308
0.050800	0.014306
0.050900	0.014304
0.051000	0.014302
0.051100	0.014300
0.051200	0.014299
0.051300	0.014297
0.051400	0.014295
0.051500	0.014293
0.051600	0.014290
0.051700	0.014288
0.051800	0.014286
0.051900	0.014284
0.052000	0.014282
0.052100	0.014280
0.052200	0.014278
0.052300	0.014275
0.052400	0.014273
0.052500	0.014271
0.052600	0.014268
0.052700	0.014266
0.052800	0.014264
0.052900	0.014261
0.053000	0.014259
0.053100	0.014256
0.053200	0.014254
0.053300	0.014251
0.053400	0.014249
0.053500	0.014246
0.053600	0.014244
0.053700	0.014241
0.053800	0.014238
0.053900	0.014236
0.054000	0.014233
0.054100	0.014230
0.054200	0.014228
0.054300	0.014225
0.054400	0.014222
0.054500	0.014219
0.054600	0.014216
0.054700	0.014214
0.054800	0.014211
0.054900	0.014208
0.055000	0.014205
0.055100	0.014202
0.055200	0.014199
0.055300	0.014196
0.055400	0.014193
0.055500	0.014190
0.055600	0.014187
0.055700	0.014184
0.055800	0.014181
0.055900	0.014178
0.056000	0.014175
0.056100	0.014171
0.056200	0.014168
0.056300	0.014165
0.056400	0.014162
0.056500	0.014159
0.056600	0.014155
0.056700	0.014152
0.056800	0.014149
0.056900	0.014145
0.057000	0.014142
0.057100	0.014139
0.057200	0.014135
0.057300	0.014132
0.057400	0.014128
0.057500	0.014125
0.057600	0.014122
0.057700	0.014118
0.057800	0.014115
0.057900	0.014111
0.058000	0.014108
0.058100	0.014104
0.058200	0.014101
0.058300	0.014097
0.058400	0.014093
0.058500	0.014090
0.058600	0.014086
0.058700	0.014082
0.058800	0.014079
0.058900	0.014075
0.059000	0.014071
0.059100	0.014068
0.059200	0.014064
0.059300	0.014060
0.059400	0.014056
0.059500	0.014053
0.059600	0.014049
0.059700	0.014045
0.059800	0.014041
0.059900	0.014037
0.060000	0.014034
0.060100	0.014030
0.060200	0.014026
0.060300	0.014022
0.060400	0.014018
0.060500	0.014014
0.060600	0.014010
0.060700	0.014006
0.060800	0.014002
0.060900	0.013998
0.061000	0.013994
0.061100	0.013990
0.061200	0.013986
0.061300	0.013982
0.061400	0.013978
0.061500	0.013974
0.061600	0.013970
0.061700	0.013966
0.061800	0.013962
0.061900	0.013958
0.062000	0.013954
0.062100	0.013949
0.062200	0.013945
0.062300	0.013941
0.062400	0.013937
0.062500	0.013933
0.062600	0.013928
0.062700	0.013924
0.062800	0.013920
0.062900	0.013916
0.063000	0.013912
0.063100	0.013907
0.063200	0.013903
0.063300	0.013899
0.063400	0.013894
0.063500	0.013890
0.063600	0.013886
0.063700	0.013881
0.063800	0.013877
0.063900	0.013873
0.064000	0.013868
0.064100	0.013864
0.064200	0.013860
0.064300	0.013855
0.064400	0.013851
0.064500	0.013846
0.064600	0.013842
0.064700	0.013838
0.064800	0.013833
0.064900	0.013829
0.065000	0.013824
0.065100	0.013820
0.065200	0.013815
0.065300	0.013811
0.065400	0.013806
0.065500	0.013802
0.065600	0.013797
0.065700	0.013793
0.065800	0.013788
0.065900	0.013784
0.066000	0.013779
0.066100	0.013775
0.066200	0.013770
0.066300	0.013765
0.066400	0.013761
0.066500	0.013756
0.066600	0.013752
0.066700	0.013747
0.066800	0.013742
0.066900	0.013738
0.067000	0.013733
0.067100	0.013728
0.067200	0.013724
0.067300	0.013719
0.067400	0.013714
0.067500	0.013710
0.067600	0.013705
0.067700	0.013700
0.067800	0.013696
0.067900	0.013691
0.068000	0.013686
0.068100	0.013682
0.068200	0.013677
0.068300	0.013672
0.068400	0.013667
0.068500	0.013663
0.068600	0.013658
0.068700	0.013653
0.068800	0.013648
0.068900	0.013644
0.069000	0.013639
0.069100	0.013634
0.069200	0.013629
0.069300	0.013625
0.069400	0.013620
0.069500	0.013615
0.069600	0.013610
0.069700	0.013605
0.069800	0.013600
0.069900	0.013596
0.070000	0.013591
0.070100	0.013586
0.070200	0.013581
0.070300	0.013576
0.070400	0.013571
0.070500	0.013567
0.070600	0.013562
0.070700	0.013557
0.070800	0.013552
0.070900	0.013547
0.071000	0.013542
0.071100	0.013537
0.071200	0.013532
0.071300	0.013528
0.071400	0.013523
0.071500	0.013518
0.071600	0.013513
0.071700	0.013508
0.071800	0.013503
0.071900	0.013498
0.072000	0.013493
0.072100	0.013488
0.072200	0.013483
0.072300	0.013478
0.072400	0.013473
0.072500	0.013469
0.072600	0.013464
0.072700	0.013459
0.072800	0.013454
0.072900	0.013449
0.073000	0.013444
0.073100	0.013439
0.073200	0.013434
0.073300	0.013429
0.073400	0.013424
0.073500	0.013419
0.073600	0.013414
0.073700	0.013409
0.073800	0.013404
0.073900	0.013399
0.074000	0.013394
0.074100	0.013389
0.074200	0.013384
0.074300	0.013379
0.074400	0.013374
0.074500	0.013369
0.074600	0.013364
0.074700	0.013359
0.074800	0.013354
0.074900	0.013349
0.075000	0.013344
0.075100	0.013339
0.075200	0.013334
0.075300	0.013329
0.075400	0.013324
0.075500	0.013319
0.075600	0.013314
0.075700	0.013309
0.075800	0.013304
0.075900	0.013299
0.076000	0.013294
0.076100	0.013289
0.076200	0.013284
0.076300	0.013279
0.076400	0.013274
0.076500	0.013268
0.076600	0.013263
0.076700	0.013258
0.076800	0.013253
0.076900	0.013248
0.077000	0.013243
0.077100	0.013238
0.077200	0.013233
0.077300	0.013228
0.077400	0.013223
0.077500	0.013218
0.077600	0.013213
0.077700	0.013208
0.077800	0.013203
0.077900	0.013198
0.078000	0.013193
0.078100	0.013188
0.078200	0.013183
0.078300	0.013177
0.078400	0.013172
0.078500	0.013167
0.078600	0.013162
0.078700	0.013157
0.078800	0.013152
0.078900	0.013147
0.079000	0.013142
0.079100	0.013137
0.079200	0.013132
0.079300	0.013127
0.079400	0.013122
0.079500	0.013117
0.079600	0.013112
0.079700	0.013107
0.079800	0.013101
0.079900	0.013096
0.080000	0.013091
0.080100	0.013086
0.080200	0.013081
0.080300	0.013076
0.080400	0.013071
0.080500	0.013066
0.080600	0.013061
0.080700	0.013056
0.080800	0.013051
0.080900	0.013046
0.081000	0.013041
0.081100	0.013036
0.081200	0.013031
0.081300	0.013026
0.081400	0.013020
0.081500	0.013015
0.081600	0.013010
0.081700	0.013005
0.081800	0.013000
0.081900	0.012995
0.082000	0.012990
0.082100	0.012985
0.082200	0.012980
0.082300	0.012975
0.082400	0.012970
0.082500	0.012965
0.082600	0.012960
0.082700	0.012955
0.082800	0.012950
0.082900	0.012945
0.083000	0.012940
0.083100	0.012935
0.083200	0.012929
0.083300	0.012924
0.083400	0.012919
0.083500	0.012914
0.083600	0.012909
0.083700	0.012904
0.083800	0.012899
0.083900	0.012894
0.084000	0.012889
0.084100	0.012884
0.084200	0.012879
0.084300	0.012874
0.084400	0.012869
0.084500	0.012864
0.084600	0.012859
0.084700	0.012854
0.084800	0.012849
0.084900	0.012844
0.085000	0.012839
0.085100	0.012834
0.085200	0.012829
0.085300	0.012824
0.085400	0.012819
0.085500	0.012814
0.085600	0.012809
0.085700	0.012804
0.085800	0.012799
0.085900	0.012794
0.086000	0.012789
0.086100	0.012784
0.086200	0.012779
0.086300	0.012774
0.086400	0.012769
0.086500	0.012764
0.086600	0.012759
0.086700	0.012754
0.086800	0.012749
0.086900	0.012744
0.087000	0.012739
0.087100	0.012734
0.087200	0.012729
0.087300	0.012724
0.087400	0.012719
0.087500	0.012714
0.087600	0.012709
0.087700	0.012704
0.087800	0.012699
0.087900	0.012694
0.088000	0.012689
0.088100	0.012684
0.088200	0.012679
0.088300	0.012674
0.088400	0.012669
0.088500	0.012664
0.088600	0.012660
0.088700	0.012655
0.088800	0.012650
0.088900	0.012645
0.089000	0.012640
0.089100	0.012635
0.089200	0.012630
0.089300	0.012625
0.089400	0.012620
0.089500	0.012615
0.089600	0.012610
0.089700	0.012605
0.089800	0.012600
0.089900	0.012596
0.090000	0.012591
0.090100	0.012586
0.090200	0.012581
0.090300	0.012576
0.090400	0.012571
0.090500	0.012566
0.090600	0.012561
0.090700	0.012556
0.090800	0.012552
0.090900	0.012547
0.091000	0.012542
0.091100	0.012537
0.091200	0.012532
0.091300	0.012527
0.091400	0.012522
0.091500	0.012518
0.091600	0.012513
0.091700	0.012508
0.091800	0.012503
0.091900	0.012498
0.092000	0.012493
0.092100	0.012488
0.092200	0.012484
0.092300	0.012479
0.092400	0.012474
0.092500	0.012469
0.092600	0.012464
0.092700	0.012460
0.092800	0.012455
0.092900	0.012450
0.093000	0.012445
0.093100	0.012440
0.093200	0.012435
0.093300	0.012431
0.093400	0.012426
0.093500	0.012421
0.093600	0.012416
0.093700	0.012412
0.093800	0.012407
0.093900	0.012402
0.094000	0.012397
0.094100	0.012392
0.094200	0.012388
0.094300	0.012383
0.094400	0.012378
0.094500	0.012373
0.094600	0.012369
0.094700	0.012364
0.094800	0.012359
0.094900	0.012354
0.095000	0.012350
0.095100	0.012345
0.095200	0.012340
0.095300	0.012336
0.095400	0.012331
0.095500	0.012326
0.095600	0.012321
0.095700	0.012317
0.095800	0.012312
0.095900	0.012307
0.096000	0.012303
0.096100	0.012298
0.096200	0.012293
0.096300	0.012289
0.096400	0.012284
0.096500	0.012279
0.096600	0.012275
0.096700	0.012270
0.096800	0.012265
0.096900	0.012261
0.097000	0.012256
0.097100	0.012251
0.097200	0.012247
0.097300	0.012242
0.097400	0.012237
0.097500	0.012233
0.097600	0.012228
0.097700	0.012223
0.097800	0.012219
0.097900	0.012214
0.098000	0.012210
0.098100	0.012205
0.098200	0.012200
0.098300	0.012196
0.098400	0.012191
0.098500	0.012187
0.098600	0.012182
0.098700	0.012177
0.098800	0.012173
0.098900	0.012168
0.099000	0.012164
0.099100	0.012159
0.099200	0.012155
0.099300	0.012150
0.099400	0.012145
0.099500	0.012141
0.099600	0.012136
0.099700	0.012132
0.099800	0.012127
0.099900	0.012123
0.100000	0.012118
0.100100	0.012114
0.100200	0.012109
0.100300	0.012105
0.100400	0.012100
0.100500	0.012096
0.100600	0.012091
0.100700	0.012087
0.100800	0.012082
0.100900	0.012078
0.101000	0.012073
0.101100	0.012069
0.101200	0.012064
0.101300	0.012060
0.101400	0.012055
0.101500	0.012051
0.101600	0.012046
0.101700	0.012042
0.101800	0.012037
0.101900	0.012033
0.102000	0.012028
0.102100	0.012024
0.102200	0.012020
0.102300	0.012015
0.102400	0.012011
0.102500	0.012006
0.102600	0.012002
0.102700	0.011998
0.102800	0.011993
0.102900	0.011989
0.103000	0.011984
0.103100	0.011980
0.103200	0.011976
0.103300	0.011971
0.103400	0.011967
0.103500	0.011962
0.103600	0.011958
0.103700	0.011954
0.103800	0.011949
0.103900	0.011945
0.104000	0.011941
0.104100	0.011936
0.104200	0.011932
0.104300	0.011928
0.104400	0.011923
0.104500	0.011919
0.104600	0.011915
0.104700	0.011910
0.104800	0.011906
0.104900	0.011902
0.105000	0.011897
0.105100	0.011893
0.105200	0.011889
0.105300	0.011884
0.105400	0.011880
0.105500	0.011876
0.105600	0.011872
0.105700	0.011867
0.105800	0.011863
0.105900	0.011859
0.106000	0.011854
0.106100	0.011850
0.106200	0.011846
0.106300	0.011842
0.106400	0.011837
0.106500	0.011833
0.106600	0.011829
0.106700	0.011825
0.106800	0.011821
0.106900	0.011816
0.107000	0.011812
0.107100	0.011808
0.107200	0.011804
0.107300	0.011800
0.107400	0.011795
0.107500	0.011791
0.107600	0.011787
0.107700	0.011783
0.107800	0.011779
0.107900	0.011774
0.108000	0.011770
0.108100	0.011766
0.108200	0.011762
0.108300	0.011758
0.108400	0.011754
0.108500	0.011750
0.108600	0.011745
0.108700	0.011741
0.108800	0.011737
0.108900	0.011733
0.109000	0.011729
0.109100	0.011725
0.109200	0.011721
0.109300	0.011717
0.109400	0.011712
0.109500	0.011708
0.109600	0.011704
0.109700	0.011700
0.109800	0.011696
0.109900	0.011692
0.110000	0.011688
0.110100	0.011684
0.110200	0.011680
0.110300	0.011676
0.110400	0.011672
0.110500	0.011668
0.110600	0.011664
0.110700	0.011660
0.110800	0.011656
0.110900	0.011652
0.111000	0.011647
0.111100	0.011643
0.111200	0.011639
0.111300	0.011635
0.111400	0.011631
0.111500	0.011627
0.111600	0.011623
0.111700	0.011619
0.111800	0.011615
0.111900	0.011612
0.112000	0.011608
0.112100	0.011604
0.112200	0.011600
0.112300	0.011596
0.112400	0.011592
0.112500	0.011588
0.112600	0.011584
0.112700	0.011580
0.112800	0.011576
0.112900	0.011572
0.113000	0.011568
0.113100	0.011564
0.113200	0.011560
0.113300	0.011556
0.113400	0.011552
0.113500	0.011548
0.113600	0.011545
0.113700	0.011541
0.113800	0.011537
0.113900	0.011533
0.114000	0.011529
0.114100	0.011525
0.114200	0.011521
0.114300	0.011517
0.114400	0.011514
0.114500	0.011510
0.114600	0.011506
0.114700	0.011502
0.114800	0.011498
0.114900	0.011494
0.115000	0.011491
0.115100	0.011487
0.115200	0.011483
0.115300	0.011479
0.115400	0.011475
0.115500	0.011471
0.115600	0.011468
0.115700	0.011464
0.115800	0.011460
0.115900	0.011456
0.116000	0.011452
0.116100	0.011449
0.116200	0.011445
0.116300	0.011441
0.116400	0.011437
0.116500	0.011434
0.116600	0.011430
0.116700	0.011426
0.116800	0.011422
0.116900	0.011419
0.117000	0.011415
0.117100	0.011411
0.117200	0.011407
0.117300	0.011404
0.117400	0.011400
0.117500	0.011396
0.117600	0.011393
0.117700	0.011389
0.117800	0.011385
0.117900	0.011382
0.118000	0.011378
0.118100	0.011374
0.118200	0.011370
0.118300	0.011367
0.118400	0.011363
0.118500	0.011359
0.118600	0.011356
0.118700	0.011352
0.118800	0.011349
0.118900	0.011345
0.119000	0.011341
0.119100	0.011338
0.119200	0.011334
0.119300	0.011330
0.119400	0.011327
0.119500	0.011323
0.119600	0.011319
0.119700	0.011316
0.119800	0.011312
0.119900	0.011309
0.120000	0.011305
0.120100	0.011302
0.120200	0.011298
0.120300	0.011294
0.120400	0.011291
0.120500	0.011287
0.120600	0.011284
0.120700	0.011280
0.120800	0.011277
0.120900	0.011273
0.121000	0.011269
0.121100	0.011266
0.121200	0.011262
0.121300	0.011259
0.121400	0.011255
0.121500	0.011252
0.121600	0.011248
0.121700	0.011245
0.121800	0.011241
0.121900	0.011238
0.122000	0.011234
0.122100	0.011231
0.122200	0.011227
0.122300	0.011224
0.122400	0.011220
0.122500	0.011217
0.122600	0.011213
0.122700	0.011210
0.122800	0.011206
0.122900	0.011203
0.123000	0.011200
0.123100	0.011196
0.123200	0.011193
0.123300	0.011189
0.123400	0.011186
0.123500	0.011182
0.123600	0.011179
0.123700	0.011176
0.123800	0.011172
0.123900	0.011169
0.124000	0.011165
0.124100	0.011162
0.124200	0.011159
0.124300	0.011155
0.124400	0.011152
0.124500	0.011148
0.124600	0.011145
0.124700	0.011142
0.124800	0.011138
0.124900	0.011135
0.125000	0.011132
0.125100	0.011128
0.125200	0.011125
0.125300	0.011122
0.125400	0.011118
0.125500	0.011115
0.125600	0.011112
0.125700	0.011108
0.125800	0.011105
0.125900	0.011102
0.126000	0.011098
0.126100	0.011095
0.126200	0.011092
0.126300	0.011088
0.126400	0.011085
0.126500	0.011082
0.126600	0.011079
0.126700	0.011075
0.126800	0.011072
0.126900	0.011069
0.127000	0.011065
0.127100	0.011062
0.127200	0.011059
0.127300	0.011056
0.127400	0.011052
0.127500	0.011049
0.127600	0.011046
0.127700	0.011043
0.127800	0.011040
0.127900	0.011036
0.128000	0.011033
0.128100	0.011030
0.128200	0.011027
0.128300	0.011023
0.128400	0.011020
0.128500	0.011017
0.128600	0.011014
0.128700	0.011011
0.128800	0.011008
0.128900	0.011004
0.129000	0.011001
0.129100	0.010998
0.129200	0.010995
0.129300	0.010992
0.129400	0.010989
0.129500	0.010985
0.129600	0.010982
0.129700	0.010979
0.129800	0.010976
0.129900	0.010973
0.130000	0.010970
0.130100	0.010967
0.130200	0.010963
0.130300	0.010960
0.130400	0.010957
0.130500	0.010954
0.130600	0.010951
0.130700	0.010948
0.130800	0.010945
0.130900	0.010942
0.131000	0.010939
0.131100	0.010936
0.131200	0.010933
0.131300	0.010929
0.131400	0.010926
0.131500	0.010923
0.131600	0.010920
0.131700	0.010917
0.131800	0.010914
0.131900	0.010911
0.132000	0.010908
0.132100	0.010905
0.132200	0.010902
0.132300	0.010899
0.132400	0.010896
0.132500	0.010893
0.132600	0.010890
0.132700	0.010887
0.132800	0.010884
0.132900	0.010881
0.133000	0.010878
0.133100	0.010875
0.133200	0.010872
0.133300	0.010869
0.133400	0.010866
0.133500	0.010863
0.133600	0.010860
0.133700	0.010857
0.133800	0.010854
0.133900	0.010851
0.134000	0.010848
0.134100	0.010845
0.134200	0.010842
0.134300	0.010839
0.134400	0.010837
0.134500	0.010834
0.134600	0.010831
0.134700	0.010828
0.134800	0.010825
0.134900	0.010822
0.135000	0.010819
0.135100	0.010816
0.135200	0.010813
0.135300	0.010810
0.135400	0.010807
0.135500	0.010805
0.135600	0.010802
0.135700	0.010799
0.135800	0.010796
0.135900	0.010793
0.136000	0.010790
0.136100	0.010787
0.136200	0.010784
0.136300	0.010782
0.136400	0.010779
0.136500	0.010776
0.136600	0.010773
0.136700	0.010770
0.136800	0.010767
0.136900	0.010765
0.137000	0.010762
0.137100	0.010759
0.137200	0.010756
0.137300	0.010753
0.137400	0.010751
0.137500	0.010748
0.137600	0.010745
0.137700	0.010742
0.137800	0.010739
0.137900	0.010737
0.138000	0.010734
0.138100	0.010731
0.138200	0.010728
0.138300	0.010725
0.138400	0.010723
0.138500	0.010720
0.138600	0.010717
0.138700	0.010714
0.138800	0.010712
0.138900	0.010709
0.139000	0.010706
0.139100	0.010703
0.139200	0.010701
0.139300	0.010698
0.139400	0.010695
0.139500	0.010693
0.139600	0.010690
0.139700	0.010687
0.139800	0.010684
0.139900	0.010682
0.140000	0.010679
0.140100	0.010676
0.140200	0.010674
0.140300	0.010671
0.140400	0.010668
0.140500	0.010666
0.140600	0.010663
0.140700	0.010660
0.140800	0.010658
0.140900	0.010655
0.141000	0.010652
0.141100	0.010650
0.141200	0.010647
0.141300	0.010644
0.141400	0.010642
0.141500	0.010639
0.141600	0.010636
0.141700	0.010634
0.141800	0.010631
0.141900	0.010629
0.142000	0.010626
0.142100	0.010623
0.142200	0.010621
0.142300	0.010618
0.142400	0.010615
0.142500	0.010613
0.142600	0.010610
0.142700	0.010608
0.142800	0.010605
0.142900	0.010603
0.143000	0.010600
0.143100	0.010597
0.143200	0.010595
0.143300	0.010592
0.143400	0.010590
0.143500	0.010587
0.143600	0.010585
0.143700	0.010582
0.143800	0.010579
0.143900	0.010577
0.144000	0.010574
0.144100	0.010572
0.144200	0.010569
0.144300	0.010567
0.144400	0.010564
0.144500	0.010562
0.144600	0.010559
0.144700	0.010557
0.144800	0.010554
0.144900	0.010552
0.145000	0.010549
0.145100	0.010547
0.145200	0.010544
0.145300	0.010542
0.145400	0.010539
0.145500	0.010537
0.145600	0.010534
0.145700	0.010532
0.145800	0.010529
0.145900	0.010527
0.146000	0.010524
0.146100	0.010522
0.146200	0.010520
0.146300	0.010517
0.146400	0.010515
0.146500	0.010512
0.146600	0.010510
0.146700	0.010507
0.146800	0.010505
0.146900	0.010502
0.147000	0.010500
0.147100	0.010498
0.147200	0.010495
0.147300	0.010493
0.147400	0.010490
0.147500	0.010488
0.147600	0.010486
0.147700	0.010483
0.147800	0.010481
0.147900	0.010478
0.148000	0.010476
0.148100	0.010474
0.148200	0.010471
0.148300	0.010469
0.148400	0.010467
0.148500	0.010464
0.148600	0.010462
0.148700	0.010459
0.148800	0.010457
0.148900	0.010455
0.149000	0.010452
0.149100	0.010450
0.149200	0.010448
0.149300	0.010445
0.149400	0.010443
0.149500	0.010441
0.149600	0.010438
0.149700	0.010436
0.149800	0.010434
0.149900	0.010431
0.150000	0.010429
0.150100	0.010427
0.150200	0.010424
0.150300	0.010422
0.150400	0.010420
0.150500	0.010418
0.150600	0.010415
0.150700	0.010413
0.150800	0.010411
0.150900	0.010408
0.151000	0.010406
0.151100	0.010404
0.151200	0.010402
0.151300	0.010399
0.151400	0.010397
0.151500	0.010395
0.151600	0.010393
0.151700	0.010390
0.151800	0.010388
0.151900	0.010386
0.152000	0.010384
0.152100	0.010381
0.152200	0.010379
0.152300	0.010377
0.152400	0.010375
0.152500	0.010372
0.152600	0.010370
0.152700	0.010368
0.152800	0.010366
0.152900	0.010364
0.153000	0.010361
0.153100	0.010359
0.153200	0.010357
0.153300	0.010355
0.153400	0.010353
0.153500	0.010350
0.153600	0.010348
0.153700	0.010346
0.153800	0.010344
0.153900	0.010342
0.154000	0.010340
0.154100	0.010337
0.154200	0.010335
0.154300	0.010333
0.154400	0.010331
0.154500	0.010329
0.154600	0.010327
0.154700	0.010324
0.154800	0.010322
0.154900	0.010320
0.155000	0.010318
0.155100	0.010316
0.155200	0.010314
0.155300	0.010312
0.155400	0.010310
0.155500	0.010307
0.155600	0.010305
0.155700	0.010303
0.155800	0.010301
0.155900	0.010299
0.156000	0.010297
0.156100	0.010295
0.156200	0.010293
0.156300	0.010291
0.156400	0.010288
0.156500	0.010286
0.156600	0.010284
0.156700	0.010282
0.156800	0.010280
0.156900	0.010278
0.157000	0.010276
0.157100	0.010274
0.157200	0.010272
0.157300	0.010270
0.157400	0.010268
0.157500	0.010266
0.157600	0.010264
0.157700	0.010262
0.157800	0.010260
0.157900	0.010258
0.158000	0.010256
0.158100	0.010253
0.158200	0.010251
0.158300	0.010249
0.158400	0.010247
0.158500	0.010245
0.158600	0.010243
0.158700	0.010241
0.158800	0.010239
0.158900	0.010237
0.159000	0.010235
0.159100	0.010233
0.159200	0.010231
0.159300	0.010229
0.159400	0.010227
0.159500	0.010225
0.159600	0.010223
0.159700	0.010221
0.159800	0.010219
0.159900	0.010217
0.160000	0.010215
0.160100	0.010213
0.160200	0.010212
0.160300	0.010210
0.160400	0.010208
0.160500	0.010206
0.160600	0.010204
0.160700	0.010202
0.160800	0.010200
0.160900	0.010198
0.161000	0.010196
0.161100	0.010194
0.161200	0.010192
0.161300	0.010190
0.161400	0.010188
0.161500	0.010186
0.161600	0.010184
0.161700	0.010182
0.161800	0.010180
0.161900	0.010179
0.162000	0.010177
0.162100	0.010175
0.162200	0.010173
0.162300	0.010171
0.162400	0.010169
0.162500	0.010167
0.162600	0.010165
0.162700	0.010163
0.162800	0.010162
0.162900	0.010160
0.163000	0.010158
0.163100	0.010156
0.163200	0.010154
0.163300	0.010152
0.163400	0.010150
0.163500	0.010148
0.163600	0.010147
0.163700	0.010145
0.163800	0.010143
0.163900	0.010141
0.164000	0.010139
0.164100	0.010137
0.164200	0.010135
0.164300	0.010134
0.164400	0.010132
0.164500	0.010130
0.164600	0.010128
0.164700	0.010126
0.164800	0.010124
0.164900	0.010123
0.165000	0.010121
0.165100	0.010119
0.165200	0.010117
0.165300	0.010115
0.165400	0.010114
0.165500	0.010112
0.165600	0.010110
0.165700	0.010108
0.165800	0.010106
0.165900	0.010105
0.166000	0.010103
0.166100	0.010101
0.166200	0.010099
0.166300	0.010097
0.166400	0.010096
0.166500	0.010094
0.166600	0.010092
0.166700	0.010090
0.166800	0.010089
0.166900	0.010087
0.167000	0.010085
0.167100	0.010083
0.167200	0.010082
0.167300	0.010080
0.167400	0.010078
0.167500	0.010076
0.167600	0.010075
0.167700	0.010073
0.167800	0.010071
0.167900	0.010069
0.168000	0.010068
0.168100	0.010066
0.168200	0.010064
0.168300	0.010062
0.168400	0.010061
0.168500	0.010059
0.168600	0.010057
0.168700	0.010056
0.168800	0.010054
0.168900	0.010052
0.169000	0.010050
0.169100	0.010049
0.169200	0.010047
0.169300	0.010045
0.169400	0.010044
0.169500	0.010042
0.169600	0.010040
0.169700	0.010039
0.169800	0.010037
0.169900	0.010035
0.170000	0.010034
0.170100	0.010032
0.170200	0.010030
0.170300	0.010029
0.170400	0.010027
0.170500	0.010025
0.170600	0.010024
0.170700	0.010022
0.170800	0.010020
0.170900	0.010019
0.171000	0.010017
0.171100	0.010015
0.171200	0.010014
0.171300	0.010012
0.171400	0.010010
0.171500	0.010009
0.171600	0.010007
0.171700	0.010006
0.171800	0.010004
0.171900	0.010002
0.172000	0.010001
0.172100	0.009999
0.172200	0.009997
0.172300	0.009996
0.172400	0.009994
0.172500	0.009993
0.172600	0.009991
0.172700	0.009989
0.172800	0.009988
0.172900	0.009986
0.173000	0.009985
0.173100	0.009983
0.173200	0.009981
0.173300	0.009980
0.173400	0.009978
0.173500	0.009977
0.173600	0.009975
0.173700	0.009973
0.173800	0.009972
0.173900	0.009970
0.174000	0.009969
0.174100	0.009967
0.174200	0.009966
0.174300	0.009964
0.174400	0.009963
0.174500	0.009961
0.174600	0.009959
0.174700	0.009958
0.174800	0.009956
0.174900	0.009955
0.175000	0.009953
0.175100	0.009952
0.175200	0.009950
0.175300	0.009949
0.175400	0.009947
0.175500	0.009946
0.175600	0.009944
0.175700	0.009942
0.175800	0.009941
0.175900	0.009939
0.176000	0.009938
0.176100	0.009936
0.176200	0.009935
0.176300	0.009933
0.176400	0.009932
0.176500	0.009930
0.176600	0.009929
0.176700	0.009927
0.176800	0.009926
0.176900	0.009924
0.177000	0.009923
0.177100	0.009921
0.177200	0.009920
0.177300	0.009918
0.177400	0.009917
0.177500	0.009915
0.177600	0.009914
0.177700	0.009913
0.177800	0.009911
0.177900	0.009910
0.178000	0.009908
0.178100	0.009907
0.178200	0.009905
0.178300	0.009904
0.178400	0.009902
0.178500	0.009901
0.178600	0.009899
0.178700	0.009898
0.178800	0.009896
0.178900	0.009895
0.179000	0.009894
0.179100	0.009892
0.179200	0.009891
0.179300	0.009889
0.179400	0.009888
0.179500	0.009886
0.179600	0.009885
0.179700	0.009884
0.179800	0.009882
0.179900	0.009881
0.180000	0.009879
0.180100	0.009878
0.180200	0.009876
0.180300	0.009875
0.180400	0.009874
0.180500	0.009872
0.180600	0.009871
0.180700	0.009869
0.180800	0.009868
0.180900	0.009867
0.181000	0.009865
0.181100	0.009864
0.181200	0.009862
0.181300	0.009861
0.181400	0.009860
0.181500	0.009858
0.181600	0.009857
0.181700	0.009855
0.181800	0.009854
0.181900	0.009853
0.182000	0.009851
0.182100	0.009850
0.182200	0.009849
0.182300	0.009847
0.182400	0.009846
0.182500	0.009844
0.182600	0.009843
0.182700	0.009842
0.182800	0.009840
0.182900	0.009839
0.183000	0.009838
0.183100	0.009836
0.183200	0.009835
0.183300	0.009834
0.183400	0.009832
0.183500	0.009831
0.183600	0.009830
0.183700	0.009828
0.183800	0.009827
0.183900	0.009826
0.184000	0.009824
0.184100	0.009823
0.184200	0.009822
0.184300	0.009820
0.184400	0.009819
0.184500	0.009818
0.184600	0.009816
0.184700	0.009815
0.184800	0.009814
0.184900	0.009812
0.185000	0.009811
0.185100	0.009810
0.185200	0.009809
0.185300	0.009807
0.185400	0.009806
0.185500	0.009805
0.185600	0.009803
0.185700	0.009802
0.185800	0.009801
0.185900	0.009800
0.186000	0.009798
0.186100	0.009797
0.186200	0.009796
0.186300	0.009794
0.186400	0.009793
0.186500	0.009792
0.186600	0.009791
0.186700	0.009789
0.186800	0.009788
0.186900	0.009787
0.187000	0.009786
0.187100	0.009784
0.187200	0.009783
0.187300	0.009782
0.187400	0.009780
0.187500	0.009779
0.187600	0.009778
0.187700	0.009777
0.187800	0.009775
0.187900	0.009774
0.188000	0.009773
0.188100	0.009772
0.188200	0.009771
0.188300	0.009769
0.188400	0.009768
0.188500	0.009767
0.188600	0.009766
0.188700	0.009764
0.188800	0.009763
0.188900	0.009762
0.189000	0.009761
0.189100	0.009759
0.189200	0.009758
0.189300	0.009757
0.189400	0.009756
0.189500	0.009755
0.189600	0.009753
0.189700	0.009752
0.189800	0.009751
0.189900	0.009750
0.190000	0.009749
0.190100	0.009747
0.190200	0.009746
0.190300	0.009745
0.190400	0.009744
0.190500	0.009743
0.190600	0.009741
0.190700	0.009740
0.190800	0.009739
0.190900	0.009738
0.191000	0.009737
0.191100	0.009736
0.191200	0.009734
0.191300	0.009733
0.191400	0.009732
0.191500	0.009731
0.191600	0.009730
0.191700	0.009728
0.191800	0.009727
0.191900	0.009726
0.192000	0.009725
0.192100	0.009724
0.192200	0.009723
0.192300	0.009722
0.192400	0.009720
0.192500	0.009719
0.192600	0.009718
0.192700	0.009717
0.192800	0.009716
0.192900	0.009715
0.193000	0.009713
0.193100	0.009712
0.193200	0.009711
0.193300	0.009710
0.193400	0.009709
0.193500	0.009708
0.193600	0.009707
0.193700	0.009706
0.193800	0.009704
0.193900	0.009703
0.194000	0.009702
0.194100	0.009701
0.194200	0.009700
0.194300	0.009699
0.194400	0.009698
0.194500	0.009697
0.194600	0.009695
0.194700	0.009694
0.194800	0.009693
0.194900	0.009692
0.195000	0.009691
0.195100	0.009690
0.195200	0.009689
0.195300	0.009688
0.195400	0.009687
0.195500	0.009686
0.195600	0.009684
0.195700	0.009683
0.195800	0.009682
0.195900	0.009681
0.196000	0.009680
0.196100	0.009679
0.196200	0.009678
0.196300	0.009677
0.196400	0.009676
0.196500	0.009675
0.196600	0.009674
0.196700	0.009673
0.196800	0.009672
0.196900	0.009670
0.197000	0.009669
0.197100	0.009668
0.197200	0.009667
0.197300	0.009666
0.197400	0.009665
0.197500	0.009664
0.197600	0.009663
0.197700	0.009662
0.197800	0.009661
0.197900	0.009660
0.198000	0.009659
0.198100	0.009658
0.198200	0.009657
0.198300	0.009656
0.198400	0.009655
0.198500	0.009654
0.198600	0.009653
0.198700	0.009652
0.198800	0.009650
0.198900	0.009649
0.199000	0.009648
0.199100	0.009647
0.199200	0.009646
0.199300	0.009645
0.199400	0.009644
0.199500	0.009643
0.199600	0.009642
0.199700	0.009641
0.199800	0.009640
0.199900	0.009639
0.200000	0.009638
0.200100	0.009637
