# Sandbox Data | Context: 101 | Index: 1 | Label: Sim {/:Italic {/Symbol {/:Italic s}}}_{3} = sigc-50 kPa
# Column_1: X_Axis	Column_2: Y_Axis
0.000100	0.000066
0.000200	0.000133
0.000300	0.000200
0.000400	0.000267
0.000500	0.000334
0.000600	0.000401
0.000700	0.000469
0.000800	0.000537
0.000900	0.000605
0.001000	0.000673
0.001100	0.000742
0.001200	0.000810
0.001300	0.000879
0.001400	0.000948
0.001500	0.001017
0.001600	0.001086
0.001700	0.001155
0.001800	0.001224
0.001900	0.001293
0.002000	0.001363
0.002100	0.001432
0.002200	0.001501
0.002300	0.001571
0.002400	0.001640
0.002500	0.001709
0.002600	0.001779
0.002700	0.001848
0.002800	0.001917
0.002900	0.001986
0.003000	0.002056
0.003100	0.002125
0.003200	0.002194
0.003300	0.002263
0.003400	0.002332
0.003500	0.002400
0.003600	0.002469
0.003700	0.002537
0.003800	0.002606
0.003900	0.002674
0.004000	0.002742
0.004100	0.002810
0.004200	0.002878
0.004300	0.002945
0.004400	0.003012
0.004500	0.003079
0.004600	0.003146
0.004700	0.003213
0.004800	0.003280
0.004900	0.003346
0.005000	0.003412
0.005100	0.003478
0.005200	0.003543
0.005300	0.003608
0.005400	0.003673
0.005500	0.003738
0.005600	0.003802
0.005700	0.003867
0.005800	0.003930
0.005900	0.003994
0.006000	0.004057
0.006100	0.004120
0.006200	0.004183
0.006300	0.004245
0.006400	0.004307
0.006500	0.004369
0.006600	0.004430
0.006700	0.004491
0.006800	0.004551
0.006900	0.004612
0.007000	0.004671
0.007100	0.004731
0.007200	0.004790
0.007300	0.004849
0.007400	0.004907
0.007500	0.004965
0.007600	0.005023
0.007700	0.005080
0.007800	0.005137
0.007900	0.005193
0.008000	0.005250
0.008100	0.005305
0.008200	0.005360
0.008300	0.005415
0.008400	0.005470
0.008500	0.005524
0.008600	0.005577
0.008700	0.005631
0.008800	0.005683
0.008900	0.005736
0.009000	0.005788
0.009100	0.005839
0.009200	0.005890
0.009300	0.005941
0.009400	0.005991
0.009500	0.006041
0.009600	0.006090
0.009700	0.006139
0.009800	0.006187
0.009900	0.006235
0.010000	0.006283
0.010100	0.006330
0.010200	0.006377
0.010300	0.006423
0.010400	0.006469
0.010500	0.006514
0.010600	0.006559
0.010700	0.006603
0.010800	0.006647
0.010900	0.006691
0.011000	0.006734
0.011100	0.006777
0.011200	0.006819
0.011300	0.006861
0.011400	0.006902
0.011500	0.006943
0.011600	0.006983
0.011700	0.007023
0.011800	0.007062
0.011900	0.007101
0.012000	0.007140
0.012100	0.007178
0.012200	0.007216
0.012300	0.007253
0.012400	0.007289
0.012500	0.007326
0.012600	0.007362
0.012700	0.007397
0.012800	0.007432
0.012900	0.007466
0.013000	0.007500
0.013100	0.007534
0.013200	0.007567
0.013300	0.007600
0.013400	0.007632
0.013500	0.007664
0.013600	0.007695
0.013700	0.007726
0.013800	0.007756
0.013900	0.007786
0.014000	0.007816
0.014100	0.007845
0.014200	0.007874
0.014300	0.007902
0.014400	0.007930
0.014500	0.007957
0.014600	0.007984
0.014700	0.008011
0.014800	0.008037
0.014900	0.008063
0.015000	0.008088
0.015100	0.008113
0.015200	0.008137
0.015300	0.008161
0.015400	0.008185
0.015500	0.008208
0.015600	0.008231
0.015700	0.008253
0.015800	0.008275
0.015900	0.008296
0.016000	0.008317
0.016100	0.008338
0.016200	0.008358
0.016300	0.008378
0.016400	0.008397
0.016500	0.008416
0.016600	0.008435
0.016700	0.008453
0.016800	0.008471
0.016900	0.008489
0.017000	0.008506
0.017100	0.008522
0.017200	0.008538
0.017300	0.008554
0.017400	0.008570
0.017500	0.008585
0.017600	0.008600
0.017700	0.008614
0.017800	0.008628
0.017900	0.008641
0.018000	0.008655
0.018100	0.008668
0.018200	0.008680
0.018300	0.008692
0.018400	0.008704
0.018500	0.008715
0.018600	0.008726
0.018700	0.008737
0.018800	0.008747
0.018900	0.008757
0.019000	0.008766
0.019100	0.008776
0.019200	0.008785
0.019300	0.008793
0.019400	0.008801
0.019500	0.008809
0.019600	0.008816
0.019700	0.008824
0.019800	0.008830
0.019900	0.008837
0.020000	0.008843
0.020100	0.008849
0.020200	0.008854
0.020300	0.008859
0.020400	0.008864
0.020500	0.008869
0.020600	0.008873
0.020700	0.008877
0.020800	0.008880
0.020900	0.008883
0.021000	0.008886
0.021100	0.008889
0.021200	0.008891
0.021300	0.008893
0.021400	0.008894
0.021500	0.008896
0.021600	0.008897
0.021700	0.008898
0.021800	0.008898
0.021900	0.008898
0.022000	0.008898
0.022100	0.008897
0.022200	0.008897
0.022300	0.008896
0.022400	0.008894
0.022500	0.008893
0.022600	0.008891
0.022700	0.008889
0.022800	0.008886
0.022900	0.008883
0.023000	0.008880
0.023100	0.008877
0.023200	0.008873
0.023300	0.008870
0.023400	0.008866
0.023500	0.008861
0.023600	0.008857
0.023700	0.008852
0.023800	0.008846
0.023900	0.008841
0.024000	0.008835
0.024100	0.008829
0.024200	0.008823
0.024300	0.008817
0.024400	0.008810
0.024500	0.008803
0.024600	0.008796
0.024700	0.008788
0.024800	0.008781
0.024900	0.008773
0.025000	0.008765
0.025100	0.008756
0.025200	0.008748
0.025300	0.008739
0.025400	0.008730
0.025500	0.008720
0.025600	0.008711
0.025700	0.008701
0.025800	0.008691
0.025900	0.008681
0.026000	0.008670
0.026100	0.008660
0.026200	0.008649
0.026300	0.008638
0.026400	0.008626
0.026500	0.008615
0.026600	0.008603
0.026700	0.008591
0.026800	0.008579
0.026900	0.008566
0.027000	0.008554
0.027100	0.008541
0.027200	0.008528
0.027300	0.008515
0.027400	0.008501
0.027500	0.008488
0.027600	0.008474
0.027700	0.008460
0.027800	0.008446
0.027900	0.008431
0.028000	0.008417
0.028100	0.008402
0.028200	0.008387
0.028300	0.008372
0.028400	0.008357
0.028500	0.008341
0.028600	0.008325
0.028700	0.008310
0.028800	0.008293
0.028900	0.008277
0.029000	0.008261
0.029100	0.008244
0.029200	0.008228
0.029300	0.008211
0.029400	0.008194
0.029500	0.008176
0.029600	0.008159
0.029700	0.008141
0.029800	0.008123
0.029900	0.008106
0.030000	0.008087
0.030100	0.008069
0.030200	0.008051
0.030300	0.008032
0.030400	0.008014
0.030500	0.007995
0.030600	0.007976
0.030700	0.007956
0.030800	0.007937
0.030900	0.007918
0.031000	0.007898
0.031100	0.007878
0.031200	0.007858
0.031300	0.007838
0.031400	0.007818
0.031500	0.007798
0.031600	0.007777
0.031700	0.007757
0.031800	0.007736
0.031900	0.007715
0.032000	0.007694
0.032100	0.007673
0.032200	0.007651
0.032300	0.007630
0.032400	0.007608
0.032500	0.007587
0.032600	0.007565
0.032700	0.007543
0.032800	0.007521
0.032900	0.007498
0.033000	0.007476
0.033100	0.007454
0.033200	0.007431
0.033300	0.007408
0.033400	0.007385
0.033500	0.007362
0.033600	0.007339
0.033700	0.007316
0.033800	0.007293
0.033900	0.007269
0.034000	0.007246
0.034100	0.007222
0.034200	0.007198
0.034300	0.007175
0.034400	0.007151
0.034500	0.007126
0.034600	0.007102
0.034700	0.007078
0.034800	0.007053
0.034900	0.007029
0.035000	0.007004
0.035100	0.006980
0.035200	0.006955
0.035300	0.006930
0.035400	0.006905
0.035500	0.006880
0.035600	0.006854
0.035700	0.006829
0.035800	0.006804
0.035900	0.006778
0.036000	0.006753
0.036100	0.006727
0.036200	0.006701
0.036300	0.006675
0.036400	0.006649
0.036500	0.006623
0.036600	0.006597
0.036700	0.006571
0.036800	0.006544
0.036900	0.006518
0.037000	0.006491
0.037100	0.006465
0.037200	0.006438
0.037300	0.006411
0.037400	0.006384
0.037500	0.006358
0.037600	0.006330
0.037700	0.006303
0.037800	0.006276
0.037900	0.006249
0.038000	0.006222
0.038100	0.006194
0.038200	0.006167
0.038300	0.006139
0.038400	0.006112
0.038500	0.006084
0.038600	0.006056
0.038700	0.006028
0.038800	0.006000
0.038900	0.005972
0.039000	0.005944
0.039100	0.005916
0.039200	0.005888
0.039300	0.005860
0.039400	0.005831
0.039500	0.005803
0.039600	0.005775
0.039700	0.005746
0.039800	0.005718
0.039900	0.005689
0.040000	0.005660
0.040100	0.005631
0.040200	0.005603
0.040300	0.005574
0.040400	0.005545
0.040500	0.005516
0.040600	0.005487
0.040700	0.005458
0.040800	0.005428
0.040900	0.005399
0.041000	0.005370
0.041100	0.005340
0.041200	0.005311
0.041300	0.005282
0.041400	0.005252
0.041500	0.005223
0.041600	0.005193
0.041700	0.005163
0.041800	0.005134
0.041900	0.005104
0.042000	0.005074
0.042100	0.005044
0.042200	0.005014
0.042300	0.004984
0.042400	0.004954
0.042500	0.004924
0.042600	0.004894
0.042700	0.004864
0.042800	0.004834
0.042900	0.004804
0.043000	0.004773
0.043100	0.004743
0.043200	0.004713
0.043300	0.004682
0.043400	0.004652
0.043500	0.004621
0.043600	0.004591
0.043700	0.004560
0.043800	0.004530
0.043900	0.004499
0.044000	0.004468
0.044100	0.004438
0.044200	0.004407
0.044300	0.004376
0.044400	0.004345
0.044500	0.004315
0.044600	0.004284
0.044700	0.004253
0.044800	0.004222
0.044900	0.004191
0.045000	0.004160
0.045100	0.004129
0.045200	0.004098
0.045300	0.004067
0.045400	0.004036
0.045500	0.004004
0.045600	0.003973
0.045700	0.003942
0.045800	0.003911
0.045900	0.003879
0.046000	0.003848
0.046100	0.003817
0.046200	0.003785
0.046300	0.003754
0.046400	0.003723
0.046500	0.003691
0.046600	0.003660
0.046700	0.003628
0.046800	0.003597
0.046900	0.003565
0.047000	0.003534
0.047100	0.003502
0.047200	0.003471
0.047300	0.003439
0.047400	0.003407
0.047500	0.003376
0.047600	0.003344
0.047700	0.003312
0.047800	0.003281
0.047900	0.003249
0.048000	0.003217
0.048100	0.003185
0.048200	0.003153
0.048300	0.003122
0.048400	0.003090
0.048500	0.003058
0.048600	0.003026
0.048700	0.002994
0.048800	0.002962
0.048900	0.002930
0.049000	0.002899
0.049100	0.002867
0.049200	0.002835
0.049300	0.002803
0.049400	0.002771
0.049500	0.002739
0.049600	0.002707
0.049700	0.002675
0.049800	0.002643
0.049900	0.002611
0.050000	0.002579
0.050100	0.002547
0.050200	0.002514
0.050300	0.002482
0.050400	0.002450
0.050500	0.002418
0.050600	0.002386
0.050700	0.002354
0.050800	0.002322
0.050900	0.002290
0.051000	0.002258
0.051100	0.002225
0.051200	0.002193
0.051300	0.002161
0.051400	0.002129
0.051500	0.002097
0.051600	0.002065
0.051700	0.002032
0.051800	0.002000
0.051900	0.001968
0.052000	0.001936
0.052100	0.001904
0.052200	0.001871
0.052300	0.001839
0.052400	0.001807
0.052500	0.001775
0.052600	0.001743
0.052700	0.001710
0.052800	0.001678
0.052900	0.001646
0.053000	0.001614
0.053100	0.001581
0.053200	0.001549
0.053300	0.001517
0.053400	0.001485
0.053500	0.001453
0.053600	0.001420
0.053700	0.001388
0.053800	0.001356
0.053900	0.001324
0.054000	0.001291
0.054100	0.001259
0.054200	0.001227
0.054300	0.001195
0.054400	0.001162
0.054500	0.001130
0.054600	0.001098
0.054700	0.001066
0.054800	0.001034
0.054900	0.001001
0.055000	0.000969
0.055100	0.000937
0.055200	0.000905
0.055300	0.000873
0.055400	0.000841
0.055500	0.000808
0.055600	0.000776
0.055700	0.000744
0.055800	0.000712
0.055900	0.000680
0.056000	0.000648
0.056100	0.000615
0.056200	0.000583
0.056300	0.000551
0.056400	0.000519
0.056500	0.000487
0.056600	0.000455
0.056700	0.000423
0.056800	0.000391
0.056900	0.000359
0.057000	0.000326
0.057100	0.000294
0.057200	0.000262
0.057300	0.000230
0.057400	0.000198
0.057500	0.000166
0.057600	0.000134
0.057700	0.000102
0.057800	0.000070
0.057900	0.000038
0.058000	0.000006
0.058100	-0.000026
0.058200	-0.000058
0.058300	-0.000090
0.058400	-0.000122
0.058500	-0.000153
0.058600	-0.000185
0.058700	-0.000217
0.058800	-0.000249
0.058900	-0.000281
0.059000	-0.000313
0.059100	-0.000345
0.059200	-0.000377
0.059300	-0.000408
0.059400	-0.000440
0.059500	-0.000472
0.059600	-0.000504
0.059700	-0.000535
0.059800	-0.000567
0.059900	-0.000599
0.060000	-0.000631
0.060100	-0.000662
0.060200	-0.000694
0.060300	-0.000726
0.060400	-0.000757
0.060500	-0.000789
0.060600	-0.000821
0.060700	-0.000852
0.060800	-0.000884
0.060900	-0.000916
0.061000	-0.000947
0.061100	-0.000979
0.061200	-0.001010
0.061300	-0.001042
0.061400	-0.001073
0.061500	-0.001105
0.061600	-0.001136
0.061700	-0.001168
0.061800	-0.001199
0.061900	-0.001231
0.062000	-0.001262
0.062100	-0.001293
0.062200	-0.001325
0.062300	-0.001356
0.062400	-0.001387
0.062500	-0.001419
0.062600	-0.001450
0.062700	-0.001481
0.062800	-0.001513
0.062900	-0.001544
0.063000	-0.001575
0.063100	-0.001606
0.063200	-0.001637
0.063300	-0.001669
0.063400	-0.001700
0.063500	-0.001731
0.063600	-0.001762
0.063700	-0.001793
0.063800	-0.001824
0.063900	-0.001855
0.064000	-0.001886
0.064100	-0.001917
0.064200	-0.001948
0.064300	-0.001979
0.064400	-0.002010
0.064500	-0.002041
0.064600	-0.002072
0.064700	-0.002103
0.064800	-0.002134
0.064900	-0.002165
0.065000	-0.002195
0.065100	-0.002226
0.065200	-0.002257
0.065300	-0.002288
0.065400	-0.002318
0.065500	-0.002349
0.065600	-0.002380
0.065700	-0.002411
0.065800	-0.002441
0.065900	-0.002472
0.066000	-0.002502
0.066100	-0.002533
0.066200	-0.002564
0.066300	-0.002594
0.066400	-0.002625
0.066500	-0.002655
0.066600	-0.002686
0.066700	-0.002716
0.066800	-0.002746
0.066900	-0.002777
0.067000	-0.002807
0.067100	-0.002838
0.067200	-0.002868
0.067300	-0.002898
0.067400	-0.002928
0.067500	-0.002959
0.067600	-0.002989
0.067700	-0.003019
0.067800	-0.003049
0.067900	-0.003079
0.068000	-0.003110
0.068100	-0.003140
0.068200	-0.003170
0.068300	-0.003200
0.068400	-0.003230
0.068500	-0.003260
0.068600	-0.003290
0.068700	-0.003320
0.068800	-0.003350
0.068900	-0.003380
0.069000	-0.003410
0.069100	-0.003439
0.069200	-0.003469
0.069300	-0.003499
0.069400	-0.003529
0.069500	-0.003559
0.069600	-0.003588
0.069700	-0.003618
0.069800	-0.003648
0.069900	-0.003677
0.070000	-0.003707
0.070100	-0.003737
0.070200	-0.003766
0.070300	-0.003796
0.070400	-0.003825
0.070500	-0.003855
0.070600	-0.003884
0.070700	-0.003914
0.070800	-0.003943
0.070900	-0.003973
0.071000	-0.004002
0.071100	-0.004031
0.071200	-0.004061
0.071300	-0.004090
0.071400	-0.004119
0.071500	-0.004148
0.071600	-0.004178
0.071700	-0.004207
0.071800	-0.004236
0.071900	-0.004265
0.072000	-0.004294
0.072100	-0.004323
0.072200	-0.004352
0.072300	-0.004381
0.072400	-0.004410
0.072500	-0.004439
0.072600	-0.004468
0.072700	-0.004497
0.072800	-0.004526
0.072900	-0.004555
0.073000	-0.004584
0.073100	-0.004613
0.073200	-0.004641
0.073300	-0.004670
0.073400	-0.004699
0.073500	-0.004727
0.073600	-0.004756
0.073700	-0.004785
0.073800	-0.004813
0.073900	-0.004842
0.074000	-0.004870
0.074100	-0.004899
0.074200	-0.004928
0.074300	-0.004956
0.074400	-0.004984
0.074500	-0.005013
0.074600	-0.005041
0.074700	-0.005070
0.074800	-0.005098
0.074900	-0.005126
0.075000	-0.005154
0.075100	-0.005183
0.075200	-0.005211
0.075300	-0.005239
0.075400	-0.005267
0.075500	-0.005295
0.075600	-0.005323
0.075700	-0.005351
0.075800	-0.005379
0.075900	-0.005407
0.076000	-0.005435
0.076100	-0.005463
0.076200	-0.005491
0.076300	-0.005519
0.076400	-0.005547
0.076500	-0.005575
0.076600	-0.005603
0.076700	-0.005630
0.076800	-0.005658
0.076900	-0.005686
0.077000	-0.005714
0.077100	-0.005741
0.077200	-0.005769
0.077300	-0.005796
0.077400	-0.005824
0.077500	-0.005852
0.077600	-0.005879
0.077700	-0.005906
0.077800	-0.005934
0.077900	-0.005961
0.078000	-0.005989
0.078100	-0.006016
0.078200	-0.006043
0.078300	-0.006071
0.078400	-0.006098
0.078500	-0.006125
0.078600	-0.006152
0.078700	-0.006180
0.078800	-0.006207
0.078900	-0.006234
0.079000	-0.006261
0.079100	-0.006288
0.079200	-0.006315
0.079300	-0.006342
0.079400	-0.006369
0.079500	-0.006396
0.079600	-0.006423
0.079700	-0.006450
0.079800	-0.006477
0.079900	-0.006503
0.080000	-0.006530
0.080100	-0.006557
0.080200	-0.006584
0.080300	-0.006610
0.080400	-0.006637
0.080500	-0.006664
0.080600	-0.006690
0.080700	-0.006717
0.080800	-0.006743
0.080900	-0.006770
0.081000	-0.006796
0.081100	-0.006823
0.081200	-0.006849
0.081300	-0.006876
0.081400	-0.006902
0.081500	-0.006928
0.081600	-0.006955
0.081700	-0.006981
0.081800	-0.007007
0.081900	-0.007033
0.082000	-0.007059
0.082100	-0.007086
0.082200	-0.007112
0.082300	-0.007138
0.082400	-0.007164
0.082500	-0.007190
0.082600	-0.007216
0.082700	-0.007242
0.082800	-0.007268
0.082900	-0.007294
0.083000	-0.007319
0.083100	-0.007345
0.083200	-0.007371
0.083300	-0.007397
0.083400	-0.007423
0.083500	-0.007448
0.083600	-0.007474
0.083700	-0.007500
0.083800	-0.007525
0.083900	-0.007551
0.084000	-0.007576
0.084100	-0.007602
0.084200	-0.007627
0.084300	-0.007653
0.084400	-0.007678
0.084500	-0.007704
0.084600	-0.007729
0.084700	-0.007754
0.084800	-0.007780
0.084900	-0.007805
0.085000	-0.007830
0.085100	-0.007856
0.085200	-0.007881
0.085300	-0.007906
0.085400	-0.007931
0.085500	-0.007956
0.085600	-0.007981
0.085700	-0.008006
0.085800	-0.008031
0.085900	-0.008056
0.086000	-0.008081
0.086100	-0.008106
0.086200	-0.008131
0.086300	-0.008156
0.086400	-0.008181
0.086500	-0.008205
0.086600	-0.008230
0.086700	-0.008255
0.086800	-0.008280
0.086900	-0.008304
0.087000	-0.008329
0.087100	-0.008354
0.087200	-0.008378
0.087300	-0.008403
0.087400	-0.008427
0.087500	-0.008452
0.087600	-0.008476
0.087700	-0.008501
0.087800	-0.008525
0.087900	-0.008549
0.088000	-0.008574
0.088100	-0.008598
0.088200	-0.008622
0.088300	-0.008646
0.088400	-0.008671
0.088500	-0.008695
0.088600	-0.008719
0.088700	-0.008743
0.088800	-0.008767
0.088900	-0.008791
0.089000	-0.008815
0.089100	-0.008839
0.089200	-0.008863
0.089300	-0.008887
0.089400	-0.008911
0.089500	-0.008935
0.089600	-0.008959
0.089700	-0.008982
0.089800	-0.009006
0.089900	-0.009030
0.090000	-0.009054
0.090100	-0.009077
0.090200	-0.009101
0.090300	-0.009125
0.090400	-0.009148
0.090500	-0.009172
0.090600	-0.009195
0.090700	-0.009219
0.090800	-0.009242
0.090900	-0.009266
0.091000	-0.009289
0.091100	-0.009312
0.091200	-0.009336
0.091300	-0.009359
0.091400	-0.009382
0.091500	-0.009406
0.091600	-0.009429
0.091700	-0.009452
0.091800	-0.009475
0.091900	-0.009498
0.092000	-0.009521
0.092100	-0.009544
0.092200	-0.009568
0.092300	-0.009591
0.092400	-0.009613
0.092500	-0.009636
0.092600	-0.009659
0.092700	-0.009682
0.092800	-0.009705
0.092900	-0.009728
0.093000	-0.009751
0.093100	-0.009773
0.093200	-0.009796
0.093300	-0.009819
0.093400	-0.009842
0.093500	-0.009864
0.093600	-0.009887
0.093700	-0.009909
0.093800	-0.009932
0.093900	-0.009954
0.094000	-0.009977
0.094100	-0.009999
0.094200	-0.010022
0.094300	-0.010044
0.094400	-0.010067
0.094500	-0.010089
0.094600	-0.010111
0.094700	-0.010134
0.094800	-0.010156
0.094900	-0.010178
0.095000	-0.010200
0.095100	-0.010222
0.095200	-0.010244
0.095300	-0.010267
0.095400	-0.010289
0.095500	-0.010311
0.095600	-0.010333
0.095700	-0.010355
0.095800	-0.010377
0.095900	-0.010399
0.096000	-0.010420
0.096100	-0.010442
0.096200	-0.010464
0.096300	-0.010486
0.096400	-0.010508
0.096500	-0.010529
0.096600	-0.010551
0.096700	-0.010573
0.096800	-0.010594
0.096900	-0.010616
0.097000	-0.010638
0.097100	-0.010659
0.097200	-0.010681
0.097300	-0.010702
0.097400	-0.010724
0.097500	-0.010745
0.097600	-0.010767
0.097700	-0.010788
0.097800	-0.010809
0.097900	-0.010831
0.098000	-0.010852
0.098100	-0.010873
0.098200	-0.010894
0.098300	-0.010916
0.098400	-0.010937
0.098500	-0.010958
0.098600	-0.010979
0.098700	-0.011000
0.098800	-0.011021
0.098900	-0.011042
0.099000	-0.011063
0.099100	-0.011084
0.099200	-0.011105
0.099300	-0.011126
0.099400	-0.011147
0.099500	-0.011168
0.099600	-0.011188
0.099700	-0.011209
0.099800	-0.011230
0.099900	-0.011251
0.100000	-0.011271
0.100100	-0.011292
0.100200	-0.011313
0.100300	-0.011333
0.100400	-0.011354
0.100500	-0.011375
0.100600	-0.011395
0.100700	-0.011416
0.100800	-0.011436
0.100900	-0.011456
0.101000	-0.011477
0.101100	-0.011497
0.101200	-0.011518
0.101300	-0.011538
0.101400	-0.011558
0.101500	-0.011579
0.101600	-0.011599
0.101700	-0.011619
0.101800	-0.011639
0.101900	-0.011659
0.102000	-0.011679
0.102100	-0.011700
0.102200	-0.011720
0.102300	-0.011740
0.102400	-0.011760
0.102500	-0.011780
0.102600	-0.011800
0.102700	-0.011819
0.102800	-0.011839
0.102900	-0.011859
0.103000	-0.011879
0.103100	-0.011899
0.103200	-0.011919
0.103300	-0.011938
0.103400	-0.011958
0.103500	-0.011978
0.103600	-0.011997
0.103700	-0.012017
0.103800	-0.012037
0.103900	-0.012056
0.104000	-0.012076
0.104100	-0.012095
0.104200	-0.012115
0.104300	-0.012134
0.104400	-0.012154
0.104500	-0.012173
0.104600	-0.012193
0.104700	-0.012212
0.104800	-0.012231
0.104900	-0.012251
0.105000	-0.012270
0.105100	-0.012289
0.105200	-0.012308
0.105300	-0.012327
0.105400	-0.012347
0.105500	-0.012366
0.105600	-0.012385
0.105700	-0.012404
0.105800	-0.012423
0.105900	-0.012442
0.106000	-0.012461
0.106100	-0.012480
0.106200	-0.012499
0.106300	-0.012518
0.106400	-0.012537
0.106500	-0.012555
0.106600	-0.012574
0.106700	-0.012593
0.106800	-0.012612
0.106900	-0.012631
0.107000	-0.012649
0.107100	-0.012668
0.107200	-0.012687
0.107300	-0.012705
0.107400	-0.012724
0.107500	-0.012742
0.107600	-0.012761
0.107700	-0.012780
0.107800	-0.012798
0.107900	-0.012817
0.108000	-0.012835
0.108100	-0.012853
0.108200	-0.012872
0.108300	-0.012890
0.108400	-0.012908
0.108500	-0.012927
0.108600	-0.012945
0.108700	-0.012963
0.108800	-0.012982
0.108900	-0.013000
0.109000	-0.013018
0.109100	-0.013036
0.109200	-0.013054
0.109300	-0.013072
0.109400	-0.013090
0.109500	-0.013108
0.109600	-0.013126
0.109700	-0.013144
0.109800	-0.013162
0.109900	-0.013180
0.110000	-0.013198
0.110100	-0.013216
0.110200	-0.013234
0.110300	-0.013252
0.110400	-0.013269
0.110500	-0.013287
0.110600	-0.013305
0.110700	-0.013323
0.110800	-0.013340
0.110900	-0.013358
0.111000	-0.013376
0.111100	-0.013393
0.111200	-0.013411
0.111300	-0.013428
0.111400	-0.013446
0.111500	-0.013463
0.111600	-0.013481
0.111700	-0.013498
0.111800	-0.013516
0.111900	-0.013533
0.112000	-0.013551
0.112100	-0.013568
0.112200	-0.013585
0.112300	-0.013602
0.112400	-0.013620
0.112500	-0.013637
0.112600	-0.013654
0.112700	-0.013671
0.112800	-0.013689
0.112900	-0.013706
0.113000	-0.013723
0.113100	-0.013740
0.113200	-0.013757
0.113300	-0.013774
0.113400	-0.013791
0.113500	-0.013808
0.113600	-0.013825
0.113700	-0.013842
0.113800	-0.013859
0.113900	-0.013876
0.114000	-0.013892
0.114100	-0.013909
0.114200	-0.013926
0.114300	-0.013943
0.114400	-0.013960
0.114500	-0.013976
0.114600	-0.013993
0.114700	-0.014010
0.114800	-0.014026
0.114900	-0.014043
0.115000	-0.014060
0.115100	-0.014076
0.115200	-0.014093
0.115300	-0.014109
0.115400	-0.014126
0.115500	-0.014142
0.115600	-0.014159
0.115700	-0.014175
0.115800	-0.014191
0.115900	-0.014208
0.116000	-0.014224
0.116100	-0.014241
0.116200	-0.014257
0.116300	-0.014273
0.116400	-0.014289
0.116500	-0.014306
0.116600	-0.014322
0.116700	-0.014338
0.116800	-0.014354
0.116900	-0.014370
0.117000	-0.014386
0.117100	-0.014402
0.117200	-0.014418
0.117300	-0.014434
0.117400	-0.014450
0.117500	-0.014466
0.117600	-0.014482
0.117700	-0.014498
0.117800	-0.014514
0.117900	-0.014530
0.118000	-0.014546
0.118100	-0.014562
0.118200	-0.014578
0.118300	-0.014593
0.118400	-0.014609
0.118500	-0.014625
0.118600	-0.014641
0.118700	-0.014656
0.118800	-0.014672
0.118900	-0.014688
0.119000	-0.014703
0.119100	-0.014719
0.119200	-0.014734
0.119300	-0.014750
0.119400	-0.014765
0.119500	-0.014781
0.119600	-0.014796
0.119700	-0.014812
0.119800	-0.014827
0.119900	-0.014843
0.120000	-0.014858
0.120100	-0.014873
0.120200	-0.014889
0.120300	-0.014904
0.120400	-0.014919
0.120500	-0.014934
0.120600	-0.014950
0.120700	-0.014965
0.120800	-0.014980
0.120900	-0.014995
0.121000	-0.015010
0.121100	-0.015025
0.121200	-0.015040
0.121300	-0.015056
0.121400	-0.015071
0.121500	-0.015086
0.121600	-0.015101
0.121700	-0.015116
0.121800	-0.015130
0.121900	-0.015145
0.122000	-0.015160
0.122100	-0.015175
0.122200	-0.015190
0.122300	-0.015205
0.122400	-0.015220
0.122500	-0.015234
0.122600	-0.015249
0.122700	-0.015264
0.122800	-0.015279
0.122900	-0.015293
0.123000	-0.015308
0.123100	-0.015323
0.123200	-0.015337
0.123300	-0.015352
0.123400	-0.015366
0.123500	-0.015381
0.123600	-0.015396
0.123700	-0.015410
0.123800	-0.015425
0.123900	-0.015439
0.124000	-0.015453
0.124100	-0.015468
0.124200	-0.015482
0.124300	-0.015497
0.124400	-0.015511
0.124500	-0.015525
0.124600	-0.015540
0.124700	-0.015554
0.124800	-0.015568
0.124900	-0.015582
0.125000	-0.015597
0.125100	-0.015611
0.125200	-0.015625
0.125300	-0.015639
0.125400	-0.015653
0.125500	-0.015667
0.125600	-0.015681
0.125700	-0.015695
0.125800	-0.015709
0.125900	-0.015723
0.126000	-0.015737
0.126100	-0.015751
0.126200	-0.015765
0.126300	-0.015779
0.126400	-0.015793
0.126500	-0.015807
0.126600	-0.015821
0.126700	-0.015835
0.126800	-0.015849
0.126900	-0.015862
0.127000	-0.015876
0.127100	-0.015890
0.127200	-0.015904
0.127300	-0.015917
0.127400	-0.015931
0.127500	-0.015945
0.127600	-0.015958
0.127700	-0.015972
0.127800	-0.015985
0.127900	-0.015999
0.128000	-0.016013
0.128100	-0.016026
0.128200	-0.016040
0.128300	-0.016053
0.128400	-0.016067
0.128500	-0.016080
0.128600	-0.016093
0.128700	-0.016107
0.128800	-0.016120
0.128900	-0.016134
0.129000	-0.016147
0.129100	-0.016160
0.129200	-0.016174
0.129300	-0.016187
0.129400	-0.016200
0.129500	-0.016213
0.129600	-0.016227
0.129700	-0.016240
0.129800	-0.016253
0.129900	-0.016266
0.130000	-0.016279
0.130100	-0.016292
0.130200	-0.016305
0.130300	-0.016318
0.130400	-0.016332
0.130500	-0.016345
0.130600	-0.016358
0.130700	-0.016371
0.130800	-0.016383
0.130900	-0.016396
0.131000	-0.016409
0.131100	-0.016422
0.131200	-0.016435
0.131300	-0.016448
0.131400	-0.016461
0.131500	-0.016474
0.131600	-0.016486
0.131700	-0.016499
0.131800	-0.016512
0.131900	-0.016525
0.132000	-0.016537
0.132100	-0.016550
0.132200	-0.016563
0.132300	-0.016575
0.132400	-0.016588
0.132500	-0.016601
0.132600	-0.016613
0.132700	-0.016626
0.132800	-0.016638
0.132900	-0.016651
0.133000	-0.016663
0.133100	-0.016676
0.133200	-0.016688
0.133300	-0.016701
0.133400	-0.016713
0.133500	-0.016726
0.133600	-0.016738
0.133700	-0.016750
0.133800	-0.016763
0.133900	-0.016775
0.134000	-0.016787
0.134100	-0.016800
0.134200	-0.016812
0.134300	-0.016824
0.134400	-0.016836
0.134500	-0.016849
0.134600	-0.016861
0.134700	-0.016873
0.134800	-0.016885
0.134900	-0.016897
0.135000	-0.016909
0.135100	-0.016922
0.135200	-0.016934
0.135300	-0.016946
0.135400	-0.016958
0.135500	-0.016970
0.135600	-0.016982
0.135700	-0.016994
0.135800	-0.017006
0.135900	-0.017018
0.136000	-0.017030
0.136100	-0.017041
0.136200	-0.017053
0.136300	-0.017065
0.136400	-0.017077
0.136500	-0.017089
0.136600	-0.017101
0.136700	-0.017112
0.136800	-0.017124
0.136900	-0.017136
0.137000	-0.017148
0.137100	-0.017159
0.137200	-0.017171
0.137300	-0.017183
0.137400	-0.017194
0.137500	-0.017206
0.137600	-0.017218
0.137700	-0.017229
0.137800	-0.017241
0.137900	-0.017252
0.138000	-0.017264
0.138100	-0.017275
0.138200	-0.017287
0.138300	-0.017298
0.138400	-0.017310
0.138500	-0.017321
0.138600	-0.017333
0.138700	-0.017344
0.138800	-0.017356
0.138900	-0.017367
0.139000	-0.017378
0.139100	-0.017390
0.139200	-0.017401
0.139300	-0.017412
0.139400	-0.017424
0.139500	-0.017435
0.139600	-0.017446
0.139700	-0.017457
0.139800	-0.017468
0.139900	-0.017480
0.140000	-0.017491
0.140100	-0.017502
0.140200	-0.017513
0.140300	-0.017524
0.140400	-0.017535
0.140500	-0.017546
0.140600	-0.017557
0.140700	-0.017569
0.140800	-0.017580
0.140900	-0.017591
0.141000	-0.017602
0.141100	-0.017613
0.141200	-0.017623
0.141300	-0.017634
0.141400	-0.017645
0.141500	-0.017656
0.141600	-0.017667
0.141700	-0.017678
0.141800	-0.017689
0.141900	-0.017700
0.142000	-0.017710
0.142100	-0.017721
0.142200	-0.017732
0.142300	-0.017743
0.142400	-0.017754
0.142500	-0.017764
0.142600	-0.017775
0.142700	-0.017786
0.142800	-0.017796
0.142900	-0.017807
0.143000	-0.017818
0.143100	-0.017828
0.143200	-0.017839
0.143300	-0.017849
0.143400	-0.017860
0.143500	-0.017871
0.143600	-0.017881
0.143700	-0.017892
0.143800	-0.017902
0.143900	-0.017913
0.144000	-0.017923
0.144100	-0.017933
0.144200	-0.017944
0.144300	-0.017954
0.144400	-0.017965
0.144500	-0.017975
0.144600	-0.017985
0.144700	-0.017996
0.144800	-0.018006
0.144900	-0.018016
0.145000	-0.018027
0.145100	-0.018037
0.145200	-0.018047
0.145300	-0.018057
0.145400	-0.018068
0.145500	-0.018078
0.145600	-0.018088
0.145700	-0.018098
0.145800	-0.018108
0.145900	-0.018119
0.146000	-0.018129
0.146100	-0.018139
0.146200	-0.018149
0.146300	-0.018159
0.146400	-0.018169
0.146500	-0.018179
0.146600	-0.018189
0.146700	-0.018199
0.146800	-0.018209
0.146900	-0.018219
0.147000	-0.018229
0.147100	-0.018239
0.147200	-0.018249
0.147300	-0.018259
0.147400	-0.018269
0.147500	-0.018279
0.147600	-0.018288
0.147700	-0.018298
0.147800	-0.018308
0.147900	-0.018318
0.148000	-0.018328
0.148100	-0.018338
0.148200	-0.018347
0.148300	-0.018357
0.148400	-0.018367
0.148500	-0.018376
0.148600	-0.018386
0.148700	-0.018396
0.148800	-0.018406
0.148900	-0.018415
0.149000	-0.018425
0.149100	-0.018434
0.149200	-0.018444
0.149300	-0.018454
0.149400	-0.018463
0.149500	-0.018473
0.149600	-0.018482
0.149700	-0.018492
0.149800	-0.018501
0.149900	-0.018511
0.150000	-0.018520
0.150100	-0.018530
0.150200	-0.018539
0.150300	-0.018549
0.150400	-0.018558
0.150500	-0.018567
0.150600	-0.018577
0.150700	-0.018586
0.150800	-0.018596
0.150900	-0.018605
0.151000	-0.018614
0.151100	-0.018623
0.151200	-0.018633
0.151300	-0.018642
0.151400	-0.018651
0.151500	-0.018661
0.151600	-0.018670
0.151700	-0.018679
0.151800	-0.018688
0.151900	-0.018697
0.152000	-0.018707
0.152100	-0.018716
0.152200	-0.018725
0.152300	-0.018734
0.152400	-0.018743
0.152500	-0.018752
0.152600	-0.018761
0.152700	-0.018770
0.152800	-0.018779
0.152900	-0.018788
0.153000	-0.018797
0.153100	-0.018806
0.153200	-0.018815
0.153300	-0.018824
0.153400	-0.018833
0.153500	-0.018842
0.153600	-0.018851
0.153700	-0.018860
0.153800	-0.018869
0.153900	-0.018878
0.154000	-0.018887
0.154100	-0.018896
0.154200	-0.018904
0.154300	-0.018913
0.154400	-0.018922
0.154500	-0.018931
0.154600	-0.018940
0.154700	-0.018948
0.154800	-0.018957
0.154900	-0.018966
0.155000	-0.018975
0.155100	-0.018983
0.155200	-0.018992
0.155300	-0.019001
0.155400	-0.019009
0.155500	-0.019018
0.155600	-0.019027
0.155700	-0.019035
0.155800	-0.019044
0.155900	-0.019052
0.156000	-0.019061
0.156100	-0.019070
0.156200	-0.019078
0.156300	-0.019087
0.156400	-0.019095
0.156500	-0.019104
0.156600	-0.019112
0.156700	-0.019121
0.156800	-0.019129
0.156900	-0.019138
0.157000	-0.019146
0.157100	-0.019154
0.157200	-0.019163
0.157300	-0.019171
0.157400	-0.019180
0.157500	-0.019188
0.157600	-0.019196
0.157700	-0.019205
0.157800	-0.019213
0.157900	-0.019221
0.158000	-0.019230
0.158100	-0.019238
0.158200	-0.019246
0.158300	-0.019254
0.158400	-0.019263
0.158500	-0.019271
0.158600	-0.019279
0.158700	-0.019287
0.158800	-0.019295
0.158900	-0.019304
0.159000	-0.019312
0.159100	-0.019320
0.159200	-0.019328
0.159300	-0.019336
0.159400	-0.019344
0.159500	-0.019352
0.159600	-0.019360
0.159700	-0.019369
0.159800	-0.019377
0.159900	-0.019385
0.160000	-0.019393
0.160100	-0.019401
0.160200	-0.019409
0.160300	-0.019417
0.160400	-0.019425
0.160500	-0.019433
0.160600	-0.019440
0.160700	-0.019448
0.160800	-0.019456
0.160900	-0.019464
0.161000	-0.019472
0.161100	-0.019480
0.161200	-0.019488
0.161300	-0.019496
0.161400	-0.019504
0.161500	-0.019511
0.161600	-0.019519
0.161700	-0.019527
0.161800	-0.019535
0.161900	-0.019543
0.162000	-0.019550
0.162100	-0.019558
0.162200	-0.019566
0.162300	-0.019573
0.162400	-0.019581
0.162500	-0.019589
0.162600	-0.019597
0.162700	-0.019604
0.162800	-0.019612
0.162900	-0.019620
0.163000	-0.019627
0.163100	-0.019635
0.163200	-0.019642
0.163300	-0.019650
0.163400	-0.019658
0.163500	-0.019665
0.163600	-0.019673
0.163700	-0.019680
0.163800	-0.019688
0.163900	-0.019695
0.164000	-0.019703
0.164100	-0.019710
0.164200	-0.019718
0.164300	-0.019725
0.164400	-0.019733
0.164500	-0.019740
0.164600	-0.019747
0.164700	-0.019755
0.164800	-0.019762
0.164900	-0.019770
0.165000	-0.019777
0.165100	-0.019784
0.165200	-0.019792
0.165300	-0.019799
0.165400	-0.019806
0.165500	-0.019814
0.165600	-0.019821
0.165700	-0.019828
0.165800	-0.019836
0.165900	-0.019843
0.166000	-0.019850
0.166100	-0.019857
0.166200	-0.019865
0.166300	-0.019872
0.166400	-0.019879
0.166500	-0.019886
0.166600	-0.019893
0.166700	-0.019901
0.166800	-0.019908
0.166900	-0.019915
0.167000	-0.019922
0.167100	-0.019929
0.167200	-0.019936
0.167300	-0.019943
0.167400	-0.019950
0.167500	-0.019957
0.167600	-0.019965
0.167700	-0.019972
0.167800	-0.019979
0.167900	-0.019986
0.168000	-0.019993
0.168100	-0.020000
0.168200	-0.020007
0.168300	-0.020014
0.168400	-0.020021
0.168500	-0.020028
0.168600	-0.020034
0.168700	-0.020041
0.168800	-0.020048
0.168900	-0.020055
0.169000	-0.020062
0.169100	-0.020069
0.169200	-0.020076
0.169300	-0.020083
0.169400	-0.020090
0.169500	-0.020096
0.169600	-0.020103
0.169700	-0.020110
0.169800	-0.020117
0.169900	-0.020124
0.170000	-0.020130
0.170100	-0.020137
0.170200	-0.020144
0.170300	-0.020151
0.170400	-0.020157
0.170500	-0.020164
0.170600	-0.020171
0.170700	-0.020178
0.170800	-0.020184
0.170900	-0.020191
0.171000	-0.020198
0.171100	-0.020204
0.171200	-0.020211
0.171300	-0.020218
0.171400	-0.020224
0.171500	-0.020231
0.171600	-0.020237
0.171700	-0.020244
0.171800	-0.020251
0.171900	-0.020257
0.172000	-0.020264
0.172100	-0.020270
0.172200	-0.020277
0.172300	-0.020283
0.172400	-0.020290
0.172500	-0.020296
0.172600	-0.020303
0.172700	-0.020309
0.172800	-0.020316
0.172900	-0.020322
0.173000	-0.020329
0.173100	-0.020335
0.173200	-0.020341
0.173300	-0.020348
0.173400	-0.020354
0.173500	-0.020361
0.173600	-0.020367
0.173700	-0.020373
0.173800	-0.020380
0.173900	-0.020386
0.174000	-0.020392
0.174100	-0.020399
0.174200	-0.020405
0.174300	-0.020411
0.174400	-0.020418
0.174500	-0.020424
0.174600	-0.020430
0.174700	-0.020436
0.174800	-0.020443
0.174900	-0.020449
0.175000	-0.020455
0.175100	-0.020461
0.175200	-0.020468
0.175300	-0.020474
0.175400	-0.020480
0.175500	-0.020486
0.175600	-0.020492
0.175700	-0.020498
0.175800	-0.020505
0.175900	-0.020511
0.176000	-0.020517
0.176100	-0.020523
0.176200	-0.020529
0.176300	-0.020535
0.176400	-0.020541
0.176500	-0.020547
0.176600	-0.020553
0.176700	-0.020559
0.176800	-0.020565
0.176900	-0.020572
0.177000	-0.020578
0.177100	-0.020584
0.177200	-0.020590
0.177300	-0.020596
0.177400	-0.020602
0.177500	-0.020607
0.177600	-0.020613
0.177700	-0.020619
0.177800	-0.020625
0.177900	-0.020631
0.178000	-0.020637
0.178100	-0.020643
0.178200	-0.020649
0.178300	-0.020655
0.178400	-0.020661
0.178500	-0.020667
0.178600	-0.020672
0.178700	-0.020678
0.178800	-0.020684
0.178900	-0.020690
0.179000	-0.020696
0.179100	-0.020702
0.179200	-0.020707
0.179300	-0.020713
0.179400	-0.020719
0.179500	-0.020725
0.179600	-0.020731
0.179700	-0.020736
0.179800	-0.020742
0.179900	-0.020748
0.180000	-0.020753
0.180100	-0.020759
0.180200	-0.020765
0.180300	-0.020771
0.180400	-0.020776
0.180500	-0.020782
0.180600	-0.020788
0.180700	-0.020793
0.180800	-0.020799
0.180900	-0.020805
0.181000	-0.020810
0.181100	-0.020816
0.181200	-0.020821
0.181300	-0.020827
0.181400	-0.020833
0.181500	-0.020838
0.181600	-0.020844
0.181700	-0.020849
0.181800	-0.020855
0.181900	-0.020860
0.182000	-0.020866
0.182100	-0.020871
0.182200	-0.020877
0.182300	-0.020882
0.182400	-0.020888
0.182500	-0.020893
0.182600	-0.020899
0.182700	-0.020904
0.182800	-0.020910
0.182900	-0.020915
0.183000	-0.020921
0.183100	-0.020926
0.183200	-0.020932
0.183300	-0.020937
0.183400	-0.020942
0.183500	-0.020948
0.183600	-0.020953
0.183700	-0.020958
0.183800	-0.020964
0.183900	-0.020969
0.184000	-0.020975
0.184100	-0.020980
0.184200	-0.020985
0.184300	-0.020991
0.184400	-0.020996
0.184500	-0.021001
0.184600	-0.021006
0.184700	-0.021012
0.184800	-0.021017
0.184900	-0.021022
0.185000	-0.021027
0.185100	-0.021033
0.185200	-0.021038
0.185300	-0.021043
0.185400	-0.021048
0.185500	-0.021054
0.185600	-0.021059
0.185700	-0.021064
0.185800	-0.021069
0.185900	-0.021074
0.186000	-0.021080
0.186100	-0.021085
0.186200	-0.021090
0.186300	-0.021095
0.186400	-0.021100
0.186500	-0.021105
0.186600	-0.021110
0.186700	-0.021115
0.186800	-0.021121
0.186900	-0.021126
0.187000	-0.021131
0.187100	-0.021136
0.187200	-0.021141
0.187300	-0.021146
0.187400	-0.021151
0.187500	-0.021156
0.187600	-0.021161
0.187700	-0.021166
0.187800	-0.021171
0.187900	-0.021176
0.188000	-0.021181
0.188100	-0.021186
0.188200	-0.021191
0.188300	-0.021196
0.188400	-0.021201
0.188500	-0.021206
0.188600	-0.021211
0.188700	-0.021216
0.188800	-0.021221
0.188900	-0.021226
0.189000	-0.021230
0.189100	-0.021235
0.189200	-0.021240
0.189300	-0.021245
0.189400	-0.021250
0.189500	-0.021255
0.189600	-0.021260
0.189700	-0.021265
0.189800	-0.021269
0.189900	-0.021274
0.190000	-0.021279
0.190100	-0.021284
0.190200	-0.021289
0.190300	-0.021293
0.190400	-0.021298
0.190500	-0.021303
0.190600	-0.021308
0.190700	-0.021313
0.190800	-0.021317
0.190900	-0.021322
0.191000	-0.021327
0.191100	-0.021332
0.191200	-0.021336
0.191300	-0.021341
0.191400	-0.021346
0.191500	-0.021350
0.191600	-0.021355
0.191700	-0.021360
0.191800	-0.021364
0.191900	-0.021369
0.192000	-0.021374
0.192100	-0.021378
0.192200	-0.021383
0.192300	-0.021388
0.192400	-0.021392
0.192500	-0.021397
0.192600	-0.021402
0.192700	-0.021406
0.192800	-0.021411
0.192900	-0.021415
0.193000	-0.021420
0.193100	-0.021425
0.193200	-0.021429
0.193300	-0.021434
0.193400	-0.021438
0.193500	-0.021443
0.193600	-0.021447
0.193700	-0.021452
0.193800	-0.021456
0.193900	-0.021461
0.194000	-0.021465
0.194100	-0.021470
0.194200	-0.021474
0.194300	-0.021479
0.194400	-0.021483
0.194500	-0.021488
0.194600	-0.021492
0.194700	-0.021497
0.194800	-0.021501
0.194900	-0.021506
0.195000	-0.021510
0.195100	-0.021514
0.195200	-0.021519
0.195300	-0.021523
0.195400	-0.021528
0.195500	-0.021532
0.195600	-0.021536
0.195700	-0.021541
0.195800	-0.021545
0.195900	-0.021550
0.196000	-0.021554
0.196100	-0.021558
0.196200	-0.021563
0.196300	-0.021567
0.196400	-0.021571
0.196500	-0.021576
0.196600	-0.021580
0.196700	-0.021584
0.196800	-0.021588
0.196900	-0.021593
0.197000	-0.021597
0.197100	-0.021601
0.197200	-0.021606
0.197300	-0.021610
0.197400	-0.021614
0.197500	-0.021618
0.197600	-0.021622
0.197700	-0.021627
0.197800	-0.021631
0.197900	-0.021635
0.198000	-0.021639
0.198100	-0.021644
0.198200	-0.021648
0.198300	-0.021652
0.198400	-0.021656
0.198500	-0.021660
0.198600	-0.021664
0.198700	-0.021669
0.198800	-0.021673
0.198900	-0.021677
0.199000	-0.021681
0.199100	-0.021685
0.199200	-0.021689
0.199300	-0.021693
0.199400	-0.021697
0.199500	-0.021702
0.199600	-0.021706
0.199700	-0.021710
0.199800	-0.021714
0.199900	-0.021718
0.200000	-0.021722
0.200100	-0.021726
