# Sandbox Data | Context: 101 | Index: 1 | Label: Sim CU-等围压排水三轴试验
# Column_1: X_Axis	Column_2: Y_Axis
0.000100	0.000075
0.000200	0.000151
0.000300	0.000228
0.000400	0.000305
0.000500	0.000383
0.000600	0.000460
0.000700	0.000539
0.000800	0.000617
0.000900	0.000696
0.001000	0.000775
0.001100	0.000854
0.001200	0.000933
0.001300	0.001012
0.001400	0.001091
0.001500	0.001169
0.001600	0.001248
0.001700	0.001326
0.001800	0.001405
0.001900	0.001483
0.002000	0.001560
0.002100	0.001637
0.002200	0.001714
0.002300	0.001791
0.002400	0.001867
0.002500	0.001943
0.002600	0.002018
0.002700	0.002093
0.002800	0.002168
0.002900	0.002242
0.003000	0.002315
0.003100	0.002388
0.003200	0.002461
0.003300	0.002533
0.003400	0.002605
0.003500	0.002676
0.003600	0.002746
0.003700	0.002816
0.003800	0.002886
0.003900	0.002955
0.004000	0.003023
0.004100	0.003091
0.004200	0.003159
0.004300	0.003226
0.004400	0.003292
0.004500	0.003358
0.004600	0.003423
0.004700	0.003488
0.004800	0.003553
0.004900	0.003616
0.005000	0.003680
0.005100	0.003742
0.005200	0.003805
0.005300	0.003866
0.005400	0.003928
0.005500	0.003988
0.005600	0.004049
0.005700	0.004108
0.005800	0.004167
0.005900	0.004226
0.006000	0.004284
0.006100	0.004342
0.006200	0.004399
0.006300	0.004456
0.006400	0.004512
0.006500	0.004568
0.006600	0.004624
0.006700	0.004678
0.006800	0.004733
0.006900	0.004787
0.007000	0.004840
0.007100	0.004893
0.007200	0.004946
0.007300	0.004998
0.007400	0.005049
0.007500	0.005101
0.007600	0.005151
0.007700	0.005202
0.007800	0.005252
0.007900	0.005301
0.008000	0.005350
0.008100	0.005399
0.008200	0.005447
0.008300	0.005495
0.008400	0.005542
0.008500	0.005589
0.008600	0.005635
0.008700	0.005681
0.008800	0.005727
0.008900	0.005772
0.009000	0.005817
0.009100	0.005862
0.009200	0.005906
0.009300	0.005950
0.009400	0.005993
0.009500	0.006036
0.009600	0.006079
0.009700	0.006121
0.009800	0.006163
0.009900	0.006204
0.010000	0.006245
0.010100	0.006286
0.010200	0.006326
0.010300	0.006366
0.010400	0.006406
0.010500	0.006445
0.010600	0.006484
0.010700	0.006522
0.010800	0.006561
0.010900	0.006598
0.011000	0.006636
0.011100	0.006673
0.011200	0.006710
0.011300	0.006746
0.011400	0.006783
0.011500	0.006818
0.011600	0.006854
0.011700	0.006889
0.011800	0.006924
0.011900	0.006959
0.012000	0.006993
0.012100	0.007027
0.012200	0.007060
0.012300	0.007093
0.012400	0.007126
0.012500	0.007159
0.012600	0.007191
0.012700	0.007223
0.012800	0.007255
0.012900	0.007287
0.013000	0.007318
0.013100	0.007349
0.013200	0.007379
0.013300	0.007409
0.013400	0.007439
0.013500	0.007469
0.013600	0.007498
0.013700	0.007527
0.013800	0.007556
0.013900	0.007585
0.014000	0.007613
0.014100	0.007641
0.014200	0.007669
0.014300	0.007696
0.014400	0.007723
0.014500	0.007750
0.014600	0.007777
0.014700	0.007803
0.014800	0.007829
0.014900	0.007855
0.015000	0.007881
0.015100	0.007906
0.015200	0.007931
0.015300	0.007956
0.015400	0.007980
0.015500	0.008005
0.015600	0.008029
0.015700	0.008052
0.015800	0.008076
0.015900	0.008099
0.016000	0.008122
0.016100	0.008145
0.016200	0.008168
0.016300	0.008190
0.016400	0.008212
0.016500	0.008234
0.016600	0.008256
0.016700	0.008277
0.016800	0.008298
0.016900	0.008319
0.017000	0.008340
0.017100	0.008360
0.017200	0.008380
0.017300	0.008400
0.017400	0.008420
0.017500	0.008440
0.017600	0.008459
0.017700	0.008478
0.017800	0.008497
0.017900	0.008516
0.018000	0.008534
0.018100	0.008553
0.018200	0.008571
0.018300	0.008589
0.018400	0.008606
0.018500	0.008624
0.018600	0.008641
0.018700	0.008658
0.018800	0.008675
0.018900	0.008691
0.019000	0.008708
0.019100	0.008724
0.019200	0.008740
0.019300	0.008756
0.019400	0.008772
0.019500	0.008787
0.019600	0.008802
0.019700	0.008817
0.019800	0.008832
0.019900	0.008847
0.020000	0.008861
0.020100	0.008876
0.020200	0.008890
0.020300	0.008904
0.020400	0.008917
0.020500	0.008931
0.020600	0.008944
0.020700	0.008958
0.020800	0.008971
0.020900	0.008983
0.021000	0.008996
0.021100	0.009008
0.021200	0.009021
0.021300	0.009033
0.021400	0.009045
0.021500	0.009057
0.021600	0.009068
0.021700	0.009080
0.021800	0.009091
0.021900	0.009102
0.022000	0.009113
0.022100	0.009124
0.022200	0.009134
0.022300	0.009145
0.022400	0.009155
0.022500	0.009165
0.022600	0.009175
0.022700	0.009185
0.022800	0.009195
0.022900	0.009204
0.023000	0.009213
0.023100	0.009223
0.023200	0.009232
0.023300	0.009241
0.023400	0.009249
0.023500	0.009258
0.023600	0.009266
0.023700	0.009274
0.023800	0.009283
0.023900	0.009290
0.024000	0.009298
0.024100	0.009306
0.024200	0.009313
0.024300	0.009321
0.024400	0.009328
0.024500	0.009335
0.024600	0.009342
0.024700	0.009349
0.024800	0.009356
0.024900	0.009362
0.025000	0.009368
0.025100	0.009375
0.025200	0.009381
0.025300	0.009387
0.025400	0.009393
0.025500	0.009398
0.025600	0.009404
0.025700	0.009409
0.025800	0.009415
0.025900	0.009420
0.026000	0.009425
0.026100	0.009430
0.026200	0.009435
0.026300	0.009439
0.026400	0.009444
0.026500	0.009448
0.026600	0.009452
0.026700	0.009457
0.026800	0.009461
0.026900	0.009465
0.027000	0.009468
0.027100	0.009472
0.027200	0.009476
0.027300	0.009479
0.027400	0.009482
0.027500	0.009485
0.027600	0.009489
0.027700	0.009491
0.027800	0.009494
0.027900	0.009497
0.028000	0.009500
0.028100	0.009502
0.028200	0.009505
0.028300	0.009507
0.028400	0.009509
0.028500	0.009511
0.028600	0.009513
0.028700	0.009515
0.028800	0.009516
0.028900	0.009518
0.029000	0.009520
0.029100	0.009521
0.029200	0.009522
0.029300	0.009523
0.029400	0.009524
0.029500	0.009525
0.029600	0.009526
0.029700	0.009527
0.029800	0.009528
0.029900	0.009528
0.030000	0.009529
0.030100	0.009529
0.030200	0.009529
0.030300	0.009529
0.030400	0.009529
0.030500	0.009529
0.030600	0.009529
0.030700	0.009529
0.030800	0.009529
0.030900	0.009528
0.031000	0.009528
0.031100	0.009527
0.031200	0.009526
0.031300	0.009526
0.031400	0.009525
0.031500	0.009524
0.031600	0.009523
0.031700	0.009521
0.031800	0.009520
0.031900	0.009519
0.032000	0.009517
0.032100	0.009516
0.032200	0.009514
0.032300	0.009512
0.032400	0.009511
0.032500	0.009509
0.032600	0.009507
0.032700	0.009505
0.032800	0.009503
0.032900	0.009500
0.033000	0.009498
0.033100	0.009496
0.033200	0.009493
0.033300	0.009491
0.033400	0.009488
0.033500	0.009485
0.033600	0.009482
0.033700	0.009480
0.033800	0.009477
0.033900	0.009474
0.034000	0.009470
0.034100	0.009467
0.034200	0.009464
0.034300	0.009461
0.034400	0.009457
0.034500	0.009454
0.034600	0.009450
0.034700	0.009446
0.034800	0.009443
0.034900	0.009439
0.035000	0.009435
0.035100	0.009431
0.035200	0.009427
0.035300	0.009423
0.035400	0.009419
0.035500	0.009415
0.035600	0.009410
0.035700	0.009406
0.035800	0.009402
0.035900	0.009397
0.036000	0.009392
0.036100	0.009388
0.036200	0.009383
0.036300	0.009378
0.036400	0.009373
0.036500	0.009369
0.036600	0.009364
0.036700	0.009359
0.036800	0.009353
0.036900	0.009348
0.037000	0.009343
0.037100	0.009338
0.037200	0.009332
0.037300	0.009327
0.037400	0.009321
0.037500	0.009316
0.037600	0.009310
0.037700	0.009305
0.037800	0.009299
0.037900	0.009293
0.038000	0.009287
0.038100	0.009281
0.038200	0.009275
0.038300	0.009269
0.038400	0.009263
0.038500	0.009257
0.038600	0.009251
0.038700	0.009245
0.038800	0.009238
0.038900	0.009232
0.039000	0.009226
0.039100	0.009219
0.039200	0.009212
0.039300	0.009206
0.039400	0.009199
0.039500	0.009193
0.039600	0.009186
0.039700	0.009179
0.039800	0.009172
0.039900	0.009165
0.040000	0.009158
0.040100	0.009151
0.040200	0.009144
0.040300	0.009137
0.040400	0.009130
0.040500	0.009123
0.040600	0.009115
0.040700	0.009108
0.040800	0.009101
0.040900	0.009093
0.041000	0.009086
0.041100	0.009078
0.041200	0.009071
0.041300	0.009063
0.041400	0.009056
0.041500	0.009048
0.041600	0.009040
0.041700	0.009032
0.041800	0.009024
0.041900	0.009017
0.042000	0.009009
0.042100	0.009001
0.042200	0.008993
0.042300	0.008985
0.042400	0.008977
0.042500	0.008968
0.042600	0.008960
0.042700	0.008952
0.042800	0.008944
0.042900	0.008935
0.043000	0.008927
0.043100	0.008919
0.043200	0.008910
0.043300	0.008902
0.043400	0.008893
0.043500	0.008885
0.043600	0.008876
0.043700	0.008867
0.043800	0.008859
0.043900	0.008850
0.044000	0.008841
0.044100	0.008833
0.044200	0.008824
0.044300	0.008815
0.044400	0.008806
0.044500	0.008797
0.044600	0.008788
0.044700	0.008779
0.044800	0.008770
0.044900	0.008761
0.045000	0.008752
0.045100	0.008743
0.045200	0.008733
0.045300	0.008724
0.045400	0.008715
0.045500	0.008706
0.045600	0.008696
0.045700	0.008687
0.045800	0.008678
0.045900	0.008668
0.046000	0.008659
0.046100	0.008649
0.046200	0.008640
0.046300	0.008630
0.046400	0.008621
0.046500	0.008611
0.046600	0.008601
0.046700	0.008592
0.046800	0.008582
0.046900	0.008572
0.047000	0.008562
0.047100	0.008553
0.047200	0.008543
0.047300	0.008533
0.047400	0.008523
0.047500	0.008513
0.047600	0.008503
0.047700	0.008493
0.047800	0.008483
0.047900	0.008473
0.048000	0.008463
0.048100	0.008453
0.048200	0.008443
0.048300	0.008433
0.048400	0.008423
0.048500	0.008412
0.048600	0.008402
0.048700	0.008392
0.048800	0.008382
0.048900	0.008371
0.049000	0.008361
0.049100	0.008351
0.049200	0.008340
0.049300	0.008330
0.049400	0.008320
0.049500	0.008309
0.049600	0.008299
0.049700	0.008288
0.049800	0.008278
0.049900	0.008267
0.050000	0.008257
0.050100	0.008246
0.050200	0.008235
0.050300	0.008225
0.050400	0.008214
0.050500	0.008204
0.050600	0.008193
0.050700	0.008182
0.050800	0.008171
0.050900	0.008161
0.051000	0.008150
0.051100	0.008139
0.051200	0.008128
0.051300	0.008117
0.051400	0.008107
0.051500	0.008096
0.051600	0.008085
0.051700	0.008074
0.051800	0.008063
0.051900	0.008052
0.052000	0.008041
0.052100	0.008030
0.052200	0.008019
0.052300	0.008008
0.052400	0.007997
0.052500	0.007986
0.052600	0.007975
0.052700	0.007964
0.052800	0.007953
0.052900	0.007942
0.053000	0.007930
0.053100	0.007919
0.053200	0.007908
0.053300	0.007897
0.053400	0.007886
0.053500	0.007874
0.053600	0.007863
0.053700	0.007852
0.053800	0.007841
0.053900	0.007829
0.054000	0.007818
0.054100	0.007807
0.054200	0.007795
0.054300	0.007784
0.054400	0.007773
0.054500	0.007761
0.054600	0.007750
0.054700	0.007738
0.054800	0.007727
0.054900	0.007716
0.055000	0.007704
0.055100	0.007693
0.055200	0.007681
0.055300	0.007670
0.055400	0.007658
0.055500	0.007647
0.055600	0.007635
0.055700	0.007624
0.055800	0.007612
0.055900	0.007601
0.056000	0.007589
0.056100	0.007577
0.056200	0.007566
0.056300	0.007554
0.056400	0.007543
0.056500	0.007531
0.056600	0.007519
0.056700	0.007508
0.056800	0.007496
0.056900	0.007484
0.057000	0.007473
0.057100	0.007461
0.057200	0.007449
0.057300	0.007438
0.057400	0.007426
0.057500	0.007414
0.057600	0.007402
0.057700	0.007391
0.057800	0.007379
0.057900	0.007367
0.058000	0.007355
0.058100	0.007343
0.058200	0.007332
0.058300	0.007320
0.058400	0.007308
0.058500	0.007296
0.058600	0.007284
0.058700	0.007273
0.058800	0.007261
0.058900	0.007249
0.059000	0.007237
0.059100	0.007225
0.059200	0.007213
0.059300	0.007201
0.059400	0.007189
0.059500	0.007178
0.059600	0.007166
0.059700	0.007154
0.059800	0.007142
0.059900	0.007130
0.060000	0.007118
0.060100	0.007106
0.060200	0.007094
0.060300	0.007082
0.060400	0.007070
0.060500	0.007058
0.060600	0.007046
0.060700	0.007034
0.060800	0.007022
0.060900	0.007010
0.061000	0.006998
0.061100	0.006986
0.061200	0.006974
0.061300	0.006962
0.061400	0.006950
0.061500	0.006938
0.061600	0.006926
0.061700	0.006914
0.061800	0.006902
0.061900	0.006890
0.062000	0.006878
0.062100	0.006866
0.062200	0.006854
0.062300	0.006842
0.062400	0.006830
0.062500	0.006818
0.062600	0.006806
0.062700	0.006794
0.062800	0.006782
0.062900	0.006770
0.063000	0.006758
0.063100	0.006746
0.063200	0.006734
0.063300	0.006722
0.063400	0.006709
0.063500	0.006697
0.063600	0.006685
0.063700	0.006673
0.063800	0.006661
0.063900	0.006649
0.064000	0.006637
0.064100	0.006625
0.064200	0.006613
0.064300	0.006601
0.064400	0.006589
0.064500	0.006576
0.064600	0.006564
0.064700	0.006552
0.064800	0.006540
0.064900	0.006528
0.065000	0.006516
0.065100	0.006504
0.065200	0.006492
0.065300	0.006480
0.065400	0.006468
0.065500	0.006455
0.065600	0.006443
0.065700	0.006431
0.065800	0.006419
0.065900	0.006407
0.066000	0.006395
0.066100	0.006383
0.066200	0.006371
0.066300	0.006359
0.066400	0.006346
0.066500	0.006334
0.066600	0.006322
0.066700	0.006310
0.066800	0.006298
0.066900	0.006286
0.067000	0.006274
0.067100	0.006262
0.067200	0.006250
0.067300	0.006238
0.067400	0.006225
0.067500	0.006213
0.067600	0.006201
0.067700	0.006189
0.067800	0.006177
0.067900	0.006165
0.068000	0.006153
0.068100	0.006141
0.068200	0.006129
0.068300	0.006117
0.068400	0.006104
0.068500	0.006092
0.068600	0.006080
0.068700	0.006068
0.068800	0.006056
0.068900	0.006044
0.069000	0.006032
0.069100	0.006020
0.069200	0.006008
0.069300	0.005996
0.069400	0.005984
0.069500	0.005972
0.069600	0.005960
0.069700	0.005948
0.069800	0.005936
0.069900	0.005923
0.070000	0.005911
0.070100	0.005899
0.070200	0.005887
0.070300	0.005875
0.070400	0.005863
0.070500	0.005851
0.070600	0.005839
0.070700	0.005827
0.070800	0.005815
0.070900	0.005803
0.071000	0.005791
0.071100	0.005779
0.071200	0.005767
0.071300	0.005755
0.071400	0.005743
0.071500	0.005731
0.071600	0.005719
0.071700	0.005707
0.071800	0.005695
0.071900	0.005683
0.072000	0.005671
0.072100	0.005659
0.072200	0.005647
0.072300	0.005635
0.072400	0.005623
0.072500	0.005611
0.072600	0.005599
0.072700	0.005587
0.072800	0.005576
0.072900	0.005564
0.073000	0.005552
0.073100	0.005540
0.073200	0.005528
0.073300	0.005516
0.073400	0.005504
0.073500	0.005492
0.073600	0.005480
0.073700	0.005468
0.073800	0.005456
0.073900	0.005444
0.074000	0.005433
0.074100	0.005421
0.074200	0.005409
0.074300	0.005397
0.074400	0.005385
0.074500	0.005373
0.074600	0.005361
0.074700	0.005350
0.074800	0.005338
0.074900	0.005326
0.075000	0.005314
0.075100	0.005302
0.075200	0.005290
0.075300	0.005279
0.075400	0.005267
0.075500	0.005255
0.075600	0.005243
0.075700	0.005231
0.075800	0.005220
0.075900	0.005208
0.076000	0.005196
0.076100	0.005184
0.076200	0.005173
0.076300	0.005161
0.076400	0.005149
0.076500	0.005137
0.076600	0.005126
0.076700	0.005114
0.076800	0.005102
0.076900	0.005091
0.077000	0.005079
0.077100	0.005067
0.077200	0.005055
0.077300	0.005044
0.077400	0.005032
0.077500	0.005020
0.077600	0.005009
0.077700	0.004997
0.077800	0.004986
0.077900	0.004974
0.078000	0.004962
0.078100	0.004951
0.078200	0.004939
0.078300	0.004927
0.078400	0.004916
0.078500	0.004904
0.078600	0.004893
0.078700	0.004881
0.078800	0.004869
0.078900	0.004858
0.079000	0.004846
0.079100	0.004835
0.079200	0.004823
0.079300	0.004812
0.079400	0.004800
0.079500	0.004789
0.079600	0.004777
0.079700	0.004766
0.079800	0.004754
0.079900	0.004743
0.080000	0.004731
0.080100	0.004720
0.080200	0.004708
0.080300	0.004697
0.080400	0.004685
0.080500	0.004674
0.080600	0.004662
0.080700	0.004651
0.080800	0.004640
0.080900	0.004628
0.081000	0.004617
0.081100	0.004605
0.081200	0.004594
0.081300	0.004583
0.081400	0.004571
0.081500	0.004560
0.081600	0.004548
0.081700	0.004537
0.081800	0.004526
0.081900	0.004514
0.082000	0.004503
0.082100	0.004492
0.082200	0.004481
0.082300	0.004469
0.082400	0.004458
0.082500	0.004447
0.082600	0.004435
0.082700	0.004424
0.082800	0.004413
0.082900	0.004402
0.083000	0.004390
0.083100	0.004379
0.083200	0.004368
0.083300	0.004357
0.083400	0.004346
0.083500	0.004334
0.083600	0.004323
0.083700	0.004312
0.083800	0.004301
0.083900	0.004290
0.084000	0.004278
0.084100	0.004267
0.084200	0.004256
0.084300	0.004245
0.084400	0.004234
0.084500	0.004223
0.084600	0.004212
0.084700	0.004201
0.084800	0.004190
0.084900	0.004179
0.085000	0.004167
0.085100	0.004156
0.085200	0.004145
0.085300	0.004134
0.085400	0.004123
0.085500	0.004112
0.085600	0.004101
0.085700	0.004090
0.085800	0.004079
0.085900	0.004068
0.086000	0.004057
0.086100	0.004046
0.086200	0.004035
0.086300	0.004025
0.086400	0.004014
0.086500	0.004003
0.086600	0.003992
0.086700	0.003981
0.086800	0.003970
0.086900	0.003959
0.087000	0.003948
0.087100	0.003937
0.087200	0.003927
0.087300	0.003916
0.087400	0.003905
0.087500	0.003894
0.087600	0.003883
0.087700	0.003872
0.087800	0.003862
0.087900	0.003851
0.088000	0.003840
0.088100	0.003829
0.088200	0.003819
0.088300	0.003808
0.088400	0.003797
0.088500	0.003786
0.088600	0.003776
0.088700	0.003765
0.088800	0.003754
0.088900	0.003744
0.089000	0.003733
0.089100	0.003722
0.089200	0.003711
0.089300	0.003701
0.089400	0.003690
0.089500	0.003680
0.089600	0.003669
0.089700	0.003658
0.089800	0.003648
0.089900	0.003637
0.090000	0.003627
0.090100	0.003616
0.090200	0.003605
0.090300	0.003595
0.090400	0.003584
0.090500	0.003574
0.090600	0.003563
0.090700	0.003553
0.090800	0.003542
0.090900	0.003532
0.091000	0.003521
0.091100	0.003511
0.091200	0.003500
0.091300	0.003490
0.091400	0.003480
0.091500	0.003469
0.091600	0.003459
0.091700	0.003448
0.091800	0.003438
0.091900	0.003427
0.092000	0.003417
0.092100	0.003407
0.092200	0.003396
0.092300	0.003386
0.092400	0.003376
0.092500	0.003365
0.092600	0.003355
0.092700	0.003345
0.092800	0.003334
0.092900	0.003324
0.093000	0.003314
0.093100	0.003304
0.093200	0.003293
0.093300	0.003283
0.093400	0.003273
0.093500	0.003263
0.093600	0.003252
0.093700	0.003242
0.093800	0.003232
0.093900	0.003222
0.094000	0.003212
0.094100	0.003202
0.094200	0.003191
0.094300	0.003181
0.094400	0.003171
0.094500	0.003161
0.094600	0.003151
0.094700	0.003141
0.094800	0.003131
0.094900	0.003121
0.095000	0.003111
0.095100	0.003101
0.095200	0.003090
0.095300	0.003080
0.095400	0.003070
0.095500	0.003060
0.095600	0.003050
0.095700	0.003040
0.095800	0.003030
0.095900	0.003020
0.096000	0.003010
0.096100	0.003001
0.096200	0.002991
0.096300	0.002981
0.096400	0.002971
0.096500	0.002961
0.096600	0.002951
0.096700	0.002941
0.096800	0.002931
0.096900	0.002921
0.097000	0.002911
0.097100	0.002902
0.097200	0.002892
0.097300	0.002882
0.097400	0.002872
0.097500	0.002862
0.097600	0.002853
0.097700	0.002843
0.097800	0.002833
0.097900	0.002823
0.098000	0.002813
0.098100	0.002804
0.098200	0.002794
0.098300	0.002784
0.098400	0.002775
0.098500	0.002765
0.098600	0.002755
0.098700	0.002746
0.098800	0.002736
0.098900	0.002726
0.099000	0.002717
0.099100	0.002707
0.099200	0.002697
0.099300	0.002688
0.099400	0.002678
0.099500	0.002669
0.099600	0.002659
0.099700	0.002649
0.099800	0.002640
0.099900	0.002630
0.100000	0.002621
0.100100	0.002611
0.100200	0.002602
0.100300	0.002592
0.100400	0.002583
0.100500	0.002573
0.100600	0.002564
0.100700	0.002554
0.100800	0.002545
0.100900	0.002535
0.101000	0.002526
0.101100	0.002517
0.101200	0.002507
0.101300	0.002498
0.101400	0.002488
0.101500	0.002479
0.101600	0.002470
0.101700	0.002460
0.101800	0.002451
0.101900	0.002442
0.102000	0.002432
0.102100	0.002423
0.102200	0.002414
0.102300	0.002404
0.102400	0.002395
0.102500	0.002386
0.102600	0.002377
0.102700	0.002367
0.102800	0.002358
0.102900	0.002349
0.103000	0.002340
0.103100	0.002330
0.103200	0.002321
0.103300	0.002312
0.103400	0.002303
0.103500	0.002294
0.103600	0.002285
0.103700	0.002275
0.103800	0.002266
0.103900	0.002257
0.104000	0.002248
0.104100	0.002239
0.104200	0.002230
0.104300	0.002221
0.104400	0.002212
0.104500	0.002203
0.104600	0.002194
0.104700	0.002185
0.104800	0.002176
0.104900	0.002167
0.105000	0.002158
0.105100	0.002149
0.105200	0.002140
0.105300	0.002131
0.105400	0.002122
0.105500	0.002113
0.105600	0.002104
0.105700	0.002095
0.105800	0.002086
0.105900	0.002077
0.106000	0.002068
0.106100	0.002059
0.106200	0.002050
0.106300	0.002042
0.106400	0.002033
0.106500	0.002024
0.106600	0.002015
0.106700	0.002006
0.106800	0.001997
0.106900	0.001989
0.107000	0.001980
0.107100	0.001971
0.107200	0.001962
0.107300	0.001953
0.107400	0.001945
0.107500	0.001936
0.107600	0.001927
0.107700	0.001919
0.107800	0.001910
0.107900	0.001901
0.108000	0.001892
0.108100	0.001884
0.108200	0.001875
0.108300	0.001866
0.108400	0.001858
0.108500	0.001849
0.108600	0.001841
0.108700	0.001832
0.108800	0.001823
0.108900	0.001815
0.109000	0.001806
0.109100	0.001798
0.109200	0.001789
0.109300	0.001781
0.109400	0.001772
0.109500	0.001764
0.109600	0.001755
0.109700	0.001747
0.109800	0.001738
0.109900	0.001730
0.110000	0.001721
0.110100	0.001713
0.110200	0.001704
0.110300	0.001696
0.110400	0.001687
0.110500	0.001679
0.110600	0.001670
0.110700	0.001662
0.110800	0.001654
0.110900	0.001645
0.111000	0.001637
0.111100	0.001629
0.111200	0.001620
0.111300	0.001612
0.111400	0.001604
0.111500	0.001595
0.111600	0.001587
0.111700	0.001579
0.111800	0.001570
0.111900	0.001562
0.112000	0.001554
0.112100	0.001546
0.112200	0.001537
0.112300	0.001529
0.112400	0.001521
0.112500	0.001513
0.112600	0.001505
0.112700	0.001496
0.112800	0.001488
0.112900	0.001480
0.113000	0.001472
0.113100	0.001464
0.113200	0.001456
0.113300	0.001447
0.113400	0.001439
0.113500	0.001431
0.113600	0.001423
0.113700	0.001415
0.113800	0.001407
0.113900	0.001399
0.114000	0.001391
0.114100	0.001383
0.114200	0.001375
0.114300	0.001367
0.114400	0.001359
0.114500	0.001351
0.114600	0.001343
0.114700	0.001335
0.114800	0.001327
0.114900	0.001319
0.115000	0.001311
0.115100	0.001303
0.115200	0.001295
0.115300	0.001287
0.115400	0.001279
0.115500	0.001271
0.115600	0.001263
0.115700	0.001256
0.115800	0.001248
0.115900	0.001240
0.116000	0.001232
0.116100	0.001224
0.116200	0.001216
0.116300	0.001209
0.116400	0.001201
0.116500	0.001193
0.116600	0.001185
0.116700	0.001177
0.116800	0.001170
0.116900	0.001162
0.117000	0.001154
0.117100	0.001146
0.117200	0.001139
0.117300	0.001131
0.117400	0.001123
0.117500	0.001116
0.117600	0.001108
0.117700	0.001100
0.117800	0.001092
0.117900	0.001085
0.118000	0.001077
0.118100	0.001070
0.118200	0.001062
0.118300	0.001054
0.118400	0.001047
0.118500	0.001039
0.118600	0.001032
0.118700	0.001024
0.118800	0.001016
0.118900	0.001009
0.119000	0.001001
0.119100	0.000994
0.119200	0.000986
0.119300	0.000979
0.119400	0.000971
0.119500	0.000964
0.119600	0.000956
0.119700	0.000949
0.119800	0.000941
0.119900	0.000934
0.120000	0.000926
0.120100	0.000919
0.120200	0.000912
0.120300	0.000904
0.120400	0.000897
0.120500	0.000889
0.120600	0.000882
0.120700	0.000875
0.120800	0.000867
0.120900	0.000860
0.121000	0.000853
0.121100	0.000845
0.121200	0.000838
0.121300	0.000831
0.121400	0.000823
0.121500	0.000816
0.121600	0.000809
0.121700	0.000801
0.121800	0.000794
0.121900	0.000787
0.122000	0.000780
0.122100	0.000772
0.122200	0.000765
0.122300	0.000758
0.122400	0.000751
0.122500	0.000744
0.122600	0.000736
0.122700	0.000729
0.122800	0.000722
0.122900	0.000715
0.123000	0.000708
0.123100	0.000701
0.123200	0.000693
0.123300	0.000686
0.123400	0.000679
0.123500	0.000672
0.123600	0.000665
0.123700	0.000658
0.123800	0.000651
0.123900	0.000644
0.124000	0.000637
0.124100	0.000630
0.124200	0.000623
0.124300	0.000616
0.124400	0.000609
0.124500	0.000602
0.124600	0.000595
0.124700	0.000588
0.124800	0.000581
0.124900	0.000574
0.125000	0.000567
0.125100	0.000560
0.125200	0.000553
0.125300	0.000546
0.125400	0.000539
0.125500	0.000532
0.125600	0.000525
0.125700	0.000518
0.125800	0.000511
0.125900	0.000505
0.126000	0.000498
0.126100	0.000491
0.126200	0.000484
0.126300	0.000477
0.126400	0.000470
0.126500	0.000463
0.126600	0.000457
0.126700	0.000450
0.126800	0.000443
0.126900	0.000436
0.127000	0.000430
0.127100	0.000423
0.127200	0.000416
0.127300	0.000409
0.127400	0.000403
0.127500	0.000396
0.127600	0.000389
0.127700	0.000382
0.127800	0.000376
0.127900	0.000369
0.128000	0.000362
0.128100	0.000356
0.128200	0.000349
0.128300	0.000342
0.128400	0.000336
0.128500	0.000329
0.128600	0.000323
0.128700	0.000316
0.128800	0.000309
0.128900	0.000303
0.129000	0.000296
0.129100	0.000290
0.129200	0.000283
0.129300	0.000276
0.129400	0.000270
0.129500	0.000263
0.129600	0.000257
0.129700	0.000250
0.129800	0.000244
0.129900	0.000237
0.130000	0.000231
0.130100	0.000224
0.130200	0.000218
0.130300	0.000211
0.130400	0.000205
0.130500	0.000198
0.130600	0.000192
0.130700	0.000186
0.130800	0.000179
0.130900	0.000173
0.131000	0.000166
0.131100	0.000160
0.131200	0.000154
0.131300	0.000147
0.131400	0.000141
0.131500	0.000135
0.131600	0.000128
0.131700	0.000122
0.131800	0.000115
0.131900	0.000109
0.132000	0.000103
0.132100	0.000097
0.132200	0.000090
0.132300	0.000084
0.132400	0.000078
0.132500	0.000071
0.132600	0.000065
0.132700	0.000059
0.132800	0.000053
0.132900	0.000046
0.133000	0.000040
0.133100	0.000034
0.133200	0.000028
0.133300	0.000022
0.133400	0.000015
0.133500	0.000009
0.133600	0.000003
0.133700	-0.000003
0.133800	-0.000009
0.133900	-0.000015
0.134000	-0.000022
0.134100	-0.000028
0.134200	-0.000034
0.134300	-0.000040
0.134400	-0.000046
0.134500	-0.000052
0.134600	-0.000058
0.134700	-0.000064
0.134800	-0.000070
0.134900	-0.000076
0.135000	-0.000082
0.135100	-0.000088
0.135200	-0.000094
0.135300	-0.000100
0.135400	-0.000107
0.135500	-0.000113
0.135600	-0.000119
0.135700	-0.000124
0.135800	-0.000130
0.135900	-0.000136
0.136000	-0.000142
0.136100	-0.000148
0.136200	-0.000154
0.136300	-0.000160
0.136400	-0.000166
0.136500	-0.000172
0.136600	-0.000178
0.136700	-0.000184
0.136800	-0.000190
0.136900	-0.000196
0.137000	-0.000202
0.137100	-0.000207
0.137200	-0.000213
0.137300	-0.000219
0.137400	-0.000225
0.137500	-0.000231
0.137600	-0.000237
0.137700	-0.000242
0.137800	-0.000248
0.137900	-0.000254
0.138000	-0.000260
0.138100	-0.000266
0.138200	-0.000271
0.138300	-0.000277
0.138400	-0.000283
0.138500	-0.000289
0.138600	-0.000294
0.138700	-0.000300
0.138800	-0.000306
0.138900	-0.000312
0.139000	-0.000317
0.139100	-0.000323
0.139200	-0.000329
0.139300	-0.000334
0.139400	-0.000340
0.139500	-0.000346
0.139600	-0.000351
0.139700	-0.000357
0.139800	-0.000363
0.139900	-0.000368
0.140000	-0.000374
0.140100	-0.000380
0.140200	-0.000385
0.140300	-0.000391
0.140400	-0.000396
0.140500	-0.000402
0.140600	-0.000408
0.140700	-0.000413
0.140800	-0.000419
0.140900	-0.000424
0.141000	-0.000430
0.141100	-0.000435
0.141200	-0.000441
0.141300	-0.000446
0.141400	-0.000452
0.141500	-0.000457
0.141600	-0.000463
0.141700	-0.000468
0.141800	-0.000474
0.141900	-0.000479
0.142000	-0.000485
0.142100	-0.000490
0.142200	-0.000496
0.142300	-0.000501
0.142400	-0.000507
0.142500	-0.000512
0.142600	-0.000518
0.142700	-0.000523
0.142800	-0.000528
0.142900	-0.000534
0.143000	-0.000539
0.143100	-0.000545
0.143200	-0.000550
0.143300	-0.000555
0.143400	-0.000561
0.143500	-0.000566
0.143600	-0.000571
0.143700	-0.000577
0.143800	-0.000582
0.143900	-0.000587
0.144000	-0.000593
0.144100	-0.000598
0.144200	-0.000603
0.144300	-0.000608
0.144400	-0.000614
0.144500	-0.000619
0.144600	-0.000624
0.144700	-0.000630
0.144800	-0.000635
0.144900	-0.000640
0.145000	-0.000645
0.145100	-0.000650
0.145200	-0.000656
0.145300	-0.000661
0.145400	-0.000666
0.145500	-0.000671
0.145600	-0.000676
0.145700	-0.000682
0.145800	-0.000687
0.145900	-0.000692
0.146000	-0.000697
0.146100	-0.000702
0.146200	-0.000707
0.146300	-0.000713
0.146400	-0.000718
0.146500	-0.000723
0.146600	-0.000728
0.146700	-0.000733
0.146800	-0.000738
0.146900	-0.000743
0.147000	-0.000748
0.147100	-0.000753
0.147200	-0.000758
0.147300	-0.000763
0.147400	-0.000769
0.147500	-0.000774
0.147600	-0.000779
0.147700	-0.000784
0.147800	-0.000789
0.147900	-0.000794
0.148000	-0.000799
0.148100	-0.000804
0.148200	-0.000809
0.148300	-0.000814
0.148400	-0.000819
0.148500	-0.000824
0.148600	-0.000829
0.148700	-0.000834
0.148800	-0.000838
0.148900	-0.000843
0.149000	-0.000848
0.149100	-0.000853
0.149200	-0.000858
0.149300	-0.000863
0.149400	-0.000868
0.149500	-0.000873
0.149600	-0.000878
0.149700	-0.000883
0.149800	-0.000888
0.149900	-0.000892
0.150000	-0.000897
0.150100	-0.000902
0.150200	-0.000907
0.150300	-0.000912
0.150400	-0.000917
0.150500	-0.000921
0.150600	-0.000926
0.150700	-0.000931
0.150800	-0.000936
0.150900	-0.000941
0.151000	-0.000945
0.151100	-0.000950
0.151200	-0.000955
0.151300	-0.000960
0.151400	-0.000964
0.151500	-0.000969
0.151600	-0.000974
0.151700	-0.000979
0.151800	-0.000983
0.151900	-0.000988
0.152000	-0.000993
0.152100	-0.000998
0.152200	-0.001002
0.152300	-0.001007
0.152400	-0.001012
0.152500	-0.001016
0.152600	-0.001021
0.152700	-0.001026
0.152800	-0.001030
0.152900	-0.001035
0.153000	-0.001040
0.153100	-0.001044
0.153200	-0.001049
0.153300	-0.001054
0.153400	-0.001058
0.153500	-0.001063
0.153600	-0.001067
0.153700	-0.001072
0.153800	-0.001077
0.153900	-0.001081
0.154000	-0.001086
0.154100	-0.001090
0.154200	-0.001095
0.154300	-0.001099
0.154400	-0.001104
0.154500	-0.001109
0.154600	-0.001113
0.154700	-0.001118
0.154800	-0.001122
0.154900	-0.001127
0.155000	-0.001131
0.155100	-0.001136
0.155200	-0.001140
0.155300	-0.001145
0.155400	-0.001149
0.155500	-0.001154
0.155600	-0.001158
0.155700	-0.001162
0.155800	-0.001167
0.155900	-0.001171
0.156000	-0.001176
0.156100	-0.001180
0.156200	-0.001185
0.156300	-0.001189
0.156400	-0.001194
0.156500	-0.001198
0.156600	-0.001202
0.156700	-0.001207
0.156800	-0.001211
0.156900	-0.001215
0.157000	-0.001220
0.157100	-0.001224
0.157200	-0.001229
0.157300	-0.001233
0.157400	-0.001237
0.157500	-0.001242
0.157600	-0.001246
0.157700	-0.001250
0.157800	-0.001255
0.157900	-0.001259
0.158000	-0.001263
0.158100	-0.001268
0.158200	-0.001272
0.158300	-0.001276
0.158400	-0.001280
0.158500	-0.001285
0.158600	-0.001289
0.158700	-0.001293
0.158800	-0.001297
0.158900	-0.001302
0.159000	-0.001306
0.159100	-0.001310
0.159200	-0.001314
0.159300	-0.001319
0.159400	-0.001323
0.159500	-0.001327
0.159600	-0.001331
0.159700	-0.001335
0.159800	-0.001340
0.159900	-0.001344
0.160000	-0.001348
0.160100	-0.001352
0.160200	-0.001356
0.160300	-0.001361
0.160400	-0.001365
0.160500	-0.001369
0.160600	-0.001373
0.160700	-0.001377
0.160800	-0.001381
0.160900	-0.001385
0.161000	-0.001389
0.161100	-0.001394
0.161200	-0.001398
0.161300	-0.001402
0.161400	-0.001406
0.161500	-0.001410
0.161600	-0.001414
0.161700	-0.001418
0.161800	-0.001422
0.161900	-0.001426
0.162000	-0.001430
0.162100	-0.001434
0.162200	-0.001438
0.162300	-0.001442
0.162400	-0.001446
0.162500	-0.001450
0.162600	-0.001454
0.162700	-0.001458
0.162800	-0.001462
0.162900	-0.001466
0.163000	-0.001470
0.163100	-0.001474
0.163200	-0.001478
0.163300	-0.001482
0.163400	-0.001486
0.163500	-0.001490
0.163600	-0.001494
0.163700	-0.001498
0.163800	-0.001502
0.163900	-0.001506
0.164000	-0.001510
0.164100	-0.001514
0.164200	-0.001518
0.164300	-0.001522
0.164400	-0.001526
0.164500	-0.001530
0.164600	-0.001534
0.164700	-0.001537
0.164800	-0.001541
0.164900	-0.001545
0.165000	-0.001549
0.165100	-0.001553
0.165200	-0.001557
0.165300	-0.001561
0.165400	-0.001564
0.165500	-0.001568
0.165600	-0.001572
0.165700	-0.001576
0.165800	-0.001580
0.165900	-0.001584
0.166000	-0.001587
0.166100	-0.001591
0.166200	-0.001595
0.166300	-0.001599
0.166400	-0.001603
0.166500	-0.001606
0.166600	-0.001610
0.166700	-0.001614
0.166800	-0.001618
0.166900	-0.001621
0.167000	-0.001625
0.167100	-0.001629
0.167200	-0.001633
0.167300	-0.001636
0.167400	-0.001640
0.167500	-0.001644
0.167600	-0.001648
0.167700	-0.001651
0.167800	-0.001655
0.167900	-0.001659
0.168000	-0.001662
0.168100	-0.001666
0.168200	-0.001670
0.168300	-0.001674
0.168400	-0.001677
0.168500	-0.001681
0.168600	-0.001685
0.168700	-0.001688
0.168800	-0.001692
0.168900	-0.001695
0.169000	-0.001699
0.169100	-0.001703
0.169200	-0.001706
0.169300	-0.001710
0.169400	-0.001714
0.169500	-0.001717
0.169600	-0.001721
0.169700	-0.001724
0.169800	-0.001728
0.169900	-0.001732
0.170000	-0.001735
0.170100	-0.001739
0.170200	-0.001742
0.170300	-0.001746
0.170400	-0.001750
0.170500	-0.001753
0.170600	-0.001757
0.170700	-0.001760
0.170800	-0.001764
0.170900	-0.001767
0.171000	-0.001771
0.171100	-0.001774
0.171200	-0.001778
0.171300	-0.001781
0.171400	-0.001785
0.171500	-0.001788
0.171600	-0.001792
0.171700	-0.001795
0.171800	-0.001799
0.171900	-0.001802
0.172000	-0.001806
0.172100	-0.001809
0.172200	-0.001813
0.172300	-0.001816
0.172400	-0.001820
0.172500	-0.001823
0.172600	-0.001826
0.172700	-0.001830
0.172800	-0.001833
0.172900	-0.001837
0.173000	-0.001840
0.173100	-0.001844
0.173200	-0.001847
0.173300	-0.001850
0.173400	-0.001854
0.173500	-0.001857
0.173600	-0.001861
0.173700	-0.001864
0.173800	-0.001867
0.173900	-0.001871
0.174000	-0.001874
0.174100	-0.001877
0.174200	-0.001881
0.174300	-0.001884
0.174400	-0.001888
0.174500	-0.001891
0.174600	-0.001894
0.174700	-0.001898
0.174800	-0.001901
0.174900	-0.001904
0.175000	-0.001908
0.175100	-0.001911
0.175200	-0.001914
0.175300	-0.001917
0.175400	-0.001921
0.175500	-0.001924
0.175600	-0.001927
0.175700	-0.001931
0.175800	-0.001934
0.175900	-0.001937
0.176000	-0.001940
0.176100	-0.001944
0.176200	-0.001947
0.176300	-0.001950
0.176400	-0.001953
0.176500	-0.001957
0.176600	-0.001960
0.176700	-0.001963
0.176800	-0.001966
0.176900	-0.001970
0.177000	-0.001973
0.177100	-0.001976
0.177200	-0.001979
0.177300	-0.001982
0.177400	-0.001986
0.177500	-0.001989
0.177600	-0.001992
0.177700	-0.001995
0.177800	-0.001998
0.177900	-0.002002
0.178000	-0.002005
0.178100	-0.002008
0.178200	-0.002011
0.178300	-0.002014
0.178400	-0.002017
0.178500	-0.002020
0.178600	-0.002024
0.178700	-0.002027
0.178800	-0.002030
0.178900	-0.002033
0.179000	-0.002036
0.179100	-0.002039
0.179200	-0.002042
0.179300	-0.002045
0.179400	-0.002048
0.179500	-0.002052
0.179600	-0.002055
0.179700	-0.002058
0.179800	-0.002061
0.179900	-0.002064
0.180000	-0.002067
0.180100	-0.002070
0.180200	-0.002073
0.180300	-0.002076
0.180400	-0.002079
0.180500	-0.002082
0.180600	-0.002085
0.180700	-0.002088
0.180800	-0.002091
0.180900	-0.002094
0.181000	-0.002097
0.181100	-0.002100
0.181200	-0.002103
0.181300	-0.002106
0.181400	-0.002109
0.181500	-0.002112
0.181600	-0.002115
0.181700	-0.002118
0.181800	-0.002121
0.181900	-0.002124
0.182000	-0.002127
0.182100	-0.002130
0.182200	-0.002133
0.182300	-0.002136
0.182400	-0.002139
0.182500	-0.002142
0.182600	-0.002145
0.182700	-0.002148
0.182800	-0.002151
0.182900	-0.002154
0.183000	-0.002157
0.183100	-0.002160
0.183200	-0.002163
0.183300	-0.002166
0.183400	-0.002168
0.183500	-0.002171
0.183600	-0.002174
0.183700	-0.002177
0.183800	-0.002180
0.183900	-0.002183
0.184000	-0.002186
0.184100	-0.002189
0.184200	-0.002192
0.184300	-0.002194
0.184400	-0.002197
0.184500	-0.002200
0.184600	-0.002203
0.184700	-0.002206
0.184800	-0.002209
0.184900	-0.002211
0.185000	-0.002214
0.185100	-0.002217
0.185200	-0.002220
0.185300	-0.002223
0.185400	-0.002226
0.185500	-0.002228
0.185600	-0.002231
0.185700	-0.002234
0.185800	-0.002237
0.185900	-0.002240
0.186000	-0.002242
0.186100	-0.002245
0.186200	-0.002248
0.186300	-0.002251
0.186400	-0.002254
0.186500	-0.002256
0.186600	-0.002259
0.186700	-0.002262
0.186800	-0.002265
0.186900	-0.002267
0.187000	-0.002270
0.187100	-0.002273
0.187200	-0.002276
0.187300	-0.002278
0.187400	-0.002281
0.187500	-0.002284
0.187600	-0.002286
0.187700	-0.002289
0.187800	-0.002292
0.187900	-0.002295
0.188000	-0.002297
0.188100	-0.002300
0.188200	-0.002303
0.188300	-0.002305
0.188400	-0.002308
0.188500	-0.002311
0.188600	-0.002313
0.188700	-0.002316
0.188800	-0.002319
0.188900	-0.002321
0.189000	-0.002324
0.189100	-0.002327
0.189200	-0.002329
0.189300	-0.002332
0.189400	-0.002335
0.189500	-0.002337
0.189600	-0.002340
0.189700	-0.002343
0.189800	-0.002345
0.189900	-0.002348
0.190000	-0.002351
0.190100	-0.002353
0.190200	-0.002356
0.190300	-0.002358
0.190400	-0.002361
0.190500	-0.002364
0.190600	-0.002366
0.190700	-0.002369
0.190800	-0.002371
0.190900	-0.002374
0.191000	-0.002377
0.191100	-0.002379
0.191200	-0.002382
0.191300	-0.002384
0.191400	-0.002387
0.191500	-0.002389
0.191600	-0.002392
0.191700	-0.002394
0.191800	-0.002397
0.191900	-0.002400
0.192000	-0.002402
0.192100	-0.002405
0.192200	-0.002407
0.192300	-0.002410
0.192400	-0.002412
0.192500	-0.002415
0.192600	-0.002417
0.192700	-0.002420
0.192800	-0.002422
0.192900	-0.002425
0.193000	-0.002427
0.193100	-0.002430
0.193200	-0.002432
0.193300	-0.002435
0.193400	-0.002437
0.193500	-0.002440
0.193600	-0.002442
0.193700	-0.002445
0.193800	-0.002447
0.193900	-0.002450
0.194000	-0.002452
0.194100	-0.002454
0.194200	-0.002457
0.194300	-0.002459
0.194400	-0.002462
0.194500	-0.002464
0.194600	-0.002467
0.194700	-0.002469
0.194800	-0.002472
0.194900	-0.002474
0.195000	-0.002476
0.195100	-0.002479
0.195200	-0.002481
0.195300	-0.002484
0.195400	-0.002486
0.195500	-0.002488
0.195600	-0.002491
0.195700	-0.002493
0.195800	-0.002496
0.195900	-0.002498
0.196000	-0.002500
0.196100	-0.002503
0.196200	-0.002505
0.196300	-0.002507
0.196400	-0.002510
0.196500	-0.002512
0.196600	-0.002515
0.196700	-0.002517
0.196800	-0.002519
0.196900	-0.002522
0.197000	-0.002524
0.197100	-0.002526
0.197200	-0.002529
0.197300	-0.002531
0.197400	-0.002533
0.197500	-0.002536
0.197600	-0.002538
0.197700	-0.002540
0.197800	-0.002543
0.197900	-0.002545
0.198000	-0.002547
0.198100	-0.002550
0.198200	-0.002552
0.198300	-0.002554
0.198400	-0.002556
0.198500	-0.002559
0.198600	-0.002561
0.198700	-0.002563
0.198800	-0.002566
0.198900	-0.002568
0.199000	-0.002570
0.199100	-0.002572
0.199200	-0.002575
0.199300	-0.002577
0.199400	-0.002579
0.199500	-0.002581
0.199600	-0.002584
0.199700	-0.002586
0.199800	-0.002588
0.199900	-0.002590
0.200000	-0.002593
0.200100	-0.002595
0.200200	-0.002597
0.200300	-0.002599
0.200400	-0.002601
0.200500	-0.002604
0.200600	-0.002606
0.200700	-0.002608
0.200800	-0.002610
0.200900	-0.002613
0.201000	-0.002615
0.201100	-0.002617
0.201200	-0.002619
0.201300	-0.002621
0.201400	-0.002623
0.201500	-0.002626
0.201600	-0.002628
0.201700	-0.002630
0.201800	-0.002632
0.201900	-0.002634
0.202000	-0.002637
0.202100	-0.002639
0.202200	-0.002641
0.202300	-0.002643
0.202400	-0.002645
0.202500	-0.002647
0.202600	-0.002649
0.202700	-0.002652
0.202800	-0.002654
0.202900	-0.002656
0.203000	-0.002658
0.203100	-0.002660
0.203200	-0.002662
0.203300	-0.002664
0.203400	-0.002666
0.203500	-0.002669
0.203600	-0.002671
0.203700	-0.002673
0.203800	-0.002675
0.203900	-0.002677
0.204000	-0.002679
0.204100	-0.002681
0.204200	-0.002683
0.204300	-0.002685
0.204400	-0.002687
0.204500	-0.002690
0.204600	-0.002692
0.204700	-0.002694
0.204800	-0.002696
0.204900	-0.002698
0.205000	-0.002700
0.205100	-0.002702
0.205200	-0.002704
0.205300	-0.002706
0.205400	-0.002708
0.205500	-0.002710
0.205600	-0.002712
0.205700	-0.002714
0.205800	-0.002716
0.205900	-0.002718
0.206000	-0.002720
0.206100	-0.002722
0.206200	-0.002724
0.206300	-0.002726
0.206400	-0.002728
0.206500	-0.002730
0.206600	-0.002732
0.206700	-0.002734
0.206800	-0.002736
0.206900	-0.002738
0.207000	-0.002740
0.207100	-0.002742
0.207200	-0.002744
0.207300	-0.002746
0.207400	-0.002748
0.207500	-0.002750
0.207600	-0.002752
0.207700	-0.002754
0.207800	-0.002756
0.207900	-0.002758
0.208000	-0.002760
0.208100	-0.002762
0.208200	-0.002764
0.208300	-0.002766
0.208400	-0.002768
0.208500	-0.002770
0.208600	-0.002772
0.208700	-0.002774
0.208800	-0.002776
0.208900	-0.002778
0.209000	-0.002780
0.209100	-0.002782
0.209200	-0.002784
0.209300	-0.002785
0.209400	-0.002787
0.209500	-0.002789
0.209600	-0.002791
0.209700	-0.002793
0.209800	-0.002795
0.209900	-0.002797
0.210000	-0.002799
0.210100	-0.002801
0.210200	-0.002803
0.210300	-0.002805
0.210400	-0.002806
0.210500	-0.002808
0.210600	-0.002810
0.210700	-0.002812
0.210800	-0.002814
0.210900	-0.002816
0.211000	-0.002818
0.211100	-0.002820
0.211200	-0.002821
0.211300	-0.002823
0.211400	-0.002825
0.211500	-0.002827
0.211600	-0.002829
0.211700	-0.002831
0.211800	-0.002833
0.211900	-0.002834
0.212000	-0.002836
0.212100	-0.002838
0.212200	-0.002840
0.212300	-0.002842
0.212400	-0.002844
0.212500	-0.002845
0.212600	-0.002847
0.212700	-0.002849
0.212800	-0.002851
0.212900	-0.002853
0.213000	-0.002855
0.213100	-0.002856
0.213200	-0.002858
0.213300	-0.002860
0.213400	-0.002862
0.213500	-0.002864
0.213600	-0.002865
0.213700	-0.002867
0.213800	-0.002869
0.213900	-0.002871
0.214000	-0.002873
0.214100	-0.002874
0.214200	-0.002876
0.214300	-0.002878
0.214400	-0.002880
0.214500	-0.002881
0.214600	-0.002883
0.214700	-0.002885
0.214800	-0.002887
0.214900	-0.002888
0.215000	-0.002890
0.215100	-0.002892
0.215200	-0.002894
0.215300	-0.002895
0.215400	-0.002897
0.215500	-0.002899
0.215600	-0.002901
0.215700	-0.002902
0.215800	-0.002904
0.215900	-0.002906
0.216000	-0.002908
0.216100	-0.002909
0.216200	-0.002911
0.216300	-0.002913
0.216400	-0.002915
0.216500	-0.002916
0.216600	-0.002918
0.216700	-0.002920
0.216800	-0.002921
0.216900	-0.002923
0.217000	-0.002925
0.217100	-0.002926
0.217200	-0.002928
0.217300	-0.002930
0.217400	-0.002932
0.217500	-0.002933
0.217600	-0.002935
0.217700	-0.002937
0.217800	-0.002938
0.217900	-0.002940
0.218000	-0.002942
0.218100	-0.002943
0.218200	-0.002945
0.218300	-0.002947
0.218400	-0.002948
0.218500	-0.002950
0.218600	-0.002952
0.218700	-0.002953
0.218800	-0.002955
0.218900	-0.002957
0.219000	-0.002958
0.219100	-0.002960
0.219200	-0.002961
0.219300	-0.002963
0.219400	-0.002965
0.219500	-0.002966
0.219600	-0.002968
0.219700	-0.002970
0.219800	-0.002971
0.219900	-0.002973
0.220000	-0.002975
0.220100	-0.002976
0.220200	-0.002978
0.220300	-0.002979
0.220400	-0.002981
0.220500	-0.002983
0.220600	-0.002984
0.220700	-0.002986
0.220800	-0.002987
0.220900	-0.002989
0.221000	-0.002991
0.221100	-0.002992
0.221200	-0.002994
0.221300	-0.002995
0.221400	-0.002997
0.221500	-0.002999
0.221600	-0.003000
0.221700	-0.003002
0.221800	-0.003003
0.221900	-0.003005
0.222000	-0.003006
0.222100	-0.003008
0.222200	-0.003009
0.222300	-0.003011
0.222400	-0.003013
0.222500	-0.003014
0.222600	-0.003016
0.222700	-0.003017
0.222800	-0.003019
0.222900	-0.003020
0.223000	-0.003022
0.223100	-0.003023
0.223200	-0.003025
0.223300	-0.003027
0.223400	-0.003028
0.223500	-0.003030
0.223600	-0.003031
0.223700	-0.003033
0.223800	-0.003034
0.223900	-0.003036
0.224000	-0.003037
0.224100	-0.003039
0.224200	-0.003040
0.224300	-0.003042
0.224400	-0.003043
0.224500	-0.003045
0.224600	-0.003046
0.224700	-0.003048
0.224800	-0.003049
0.224900	-0.003051
0.225000	-0.003052
0.225100	-0.003054
0.225200	-0.003055
0.225300	-0.003057
0.225400	-0.003058
0.225500	-0.003060
0.225600	-0.003061
0.225700	-0.003063
0.225800	-0.003064
0.225900	-0.003066
0.226000	-0.003067
0.226100	-0.003069
0.226200	-0.003070
0.226300	-0.003071
0.226400	-0.003073
0.226500	-0.003074
0.226600	-0.003076
0.226700	-0.003077
0.226800	-0.003079
0.226900	-0.003080
0.227000	-0.003082
0.227100	-0.003083
0.227200	-0.003084
0.227300	-0.003086
0.227400	-0.003087
0.227500	-0.003089
0.227600	-0.003090
0.227700	-0.003092
0.227800	-0.003093
0.227900	-0.003095
0.228000	-0.003096
0.228100	-0.003097
0.228200	-0.003099
0.228300	-0.003100
0.228400	-0.003102
0.228500	-0.003103
0.228600	-0.003104
0.228700	-0.003106
0.228800	-0.003107
0.228900	-0.003109
0.229000	-0.003110
0.229100	-0.003111
0.229200	-0.003113
0.229300	-0.003114
0.229400	-0.003116
0.229500	-0.003117
0.229600	-0.003118
0.229700	-0.003120
0.229800	-0.003121
0.229900	-0.003123
0.230000	-0.003124
0.230100	-0.003125
0.230200	-0.003127
0.230300	-0.003128
0.230400	-0.003129
0.230500	-0.003131
0.230600	-0.003132
0.230700	-0.003133
0.230800	-0.003135
0.230900	-0.003136
0.231000	-0.003138
0.231100	-0.003139
0.231200	-0.003140
0.231300	-0.003142
0.231400	-0.003143
0.231500	-0.003144
0.231600	-0.003146
0.231700	-0.003147
0.231800	-0.003148
0.231900	-0.003150
0.232000	-0.003151
0.232100	-0.003152
0.232200	-0.003154
0.232300	-0.003155
0.232400	-0.003156
0.232500	-0.003158
0.232600	-0.003159
0.232700	-0.003160
0.232800	-0.003162
0.232900	-0.003163
0.233000	-0.003164
0.233100	-0.003165
0.233200	-0.003167
0.233300	-0.003168
0.233400	-0.003169
0.233500	-0.003171
0.233600	-0.003172
0.233700	-0.003173
0.233800	-0.003175
0.233900	-0.003176
0.234000	-0.003177
0.234100	-0.003178
0.234200	-0.003180
0.234300	-0.003181
0.234400	-0.003182
0.234500	-0.003184
0.234600	-0.003185
0.234700	-0.003186
0.234800	-0.003187
0.234900	-0.003189
0.235000	-0.003190
0.235100	-0.003191
0.235200	-0.003192
0.235300	-0.003194
0.235400	-0.003195
0.235500	-0.003196
0.235600	-0.003198
0.235700	-0.003199
0.235800	-0.003200
0.235900	-0.003201
0.236000	-0.003203
0.236100	-0.003204
0.236200	-0.003205
0.236300	-0.003206
0.236400	-0.003208
0.236500	-0.003209
0.236600	-0.003210
0.236700	-0.003211
0.236800	-0.003212
0.236900	-0.003214
0.237000	-0.003215
0.237100	-0.003216
0.237200	-0.003217
0.237300	-0.003219
0.237400	-0.003220
0.237500	-0.003221
0.237600	-0.003222
0.237700	-0.003223
0.237800	-0.003225
0.237900	-0.003226
0.238000	-0.003227
0.238100	-0.003228
0.238200	-0.003229
0.238300	-0.003231
0.238400	-0.003232
0.238500	-0.003233
0.238600	-0.003234
0.238700	-0.003235
0.238800	-0.003237
0.238900	-0.003238
0.239000	-0.003239
0.239100	-0.003240
0.239200	-0.003241
0.239300	-0.003243
0.239400	-0.003244
0.239500	-0.003245
0.239600	-0.003246
0.239700	-0.003247
0.239800	-0.003248
0.239900	-0.003250
0.240000	-0.003251
0.240100	-0.003252
0.240200	-0.003253
0.240300	-0.003254
0.240400	-0.003256
0.240500	-0.003257
0.240600	-0.003258
0.240700	-0.003259
0.240800	-0.003260
0.240900	-0.003261
0.241000	-0.003262
0.241100	-0.003264
0.241200	-0.003265
0.241300	-0.003266
0.241400	-0.003267
0.241500	-0.003268
0.241600	-0.003269
0.241700	-0.003270
0.241800	-0.003272
0.241900	-0.003273
0.242000	-0.003274
0.242100	-0.003275
0.242200	-0.003276
0.242300	-0.003277
0.242400	-0.003278
0.242500	-0.003279
0.242600	-0.003281
0.242700	-0.003282
0.242800	-0.003283
0.242900	-0.003284
0.243000	-0.003285
0.243100	-0.003286
0.243200	-0.003287
0.243300	-0.003288
0.243400	-0.003289
0.243500	-0.003291
0.243600	-0.003292
0.243700	-0.003293
0.243800	-0.003294
0.243900	-0.003295
0.244000	-0.003296
0.244100	-0.003297
0.244200	-0.003298
0.244300	-0.003299
0.244400	-0.003300
0.244500	-0.003302
0.244600	-0.003303
0.244700	-0.003304
0.244800	-0.003305
0.244900	-0.003306
0.245000	-0.003307
0.245100	-0.003308
0.245200	-0.003309
0.245300	-0.003310
0.245400	-0.003311
0.245500	-0.003312
0.245600	-0.003313
0.245700	-0.003314
0.245800	-0.003316
0.245900	-0.003317
0.246000	-0.003318
0.246100	-0.003319
0.246200	-0.003320
0.246300	-0.003321
0.246400	-0.003322
0.246500	-0.003323
0.246600	-0.003324
0.246700	-0.003325
0.246800	-0.003326
0.246900	-0.003327
0.247000	-0.003328
0.247100	-0.003329
0.247200	-0.003330
0.247300	-0.003331
0.247400	-0.003332
0.247500	-0.003333
0.247600	-0.003334
0.247700	-0.003335
0.247800	-0.003336
0.247900	-0.003337
0.248000	-0.003338
0.248100	-0.003339
0.248200	-0.003341
0.248300	-0.003342
0.248400	-0.003343
0.248500	-0.003344
0.248600	-0.003345
0.248700	-0.003346
0.248800	-0.003347
0.248900	-0.003348
0.249000	-0.003349
0.249100	-0.003350
0.249200	-0.003351
0.249300	-0.003352
0.249400	-0.003353
0.249500	-0.003354
0.249600	-0.003355
0.249700	-0.003356
0.249800	-0.003357
0.249900	-0.003358
0.250000	-0.003359
0.250100	-0.003360
0.250200	-0.003361
0.250300	-0.003362
0.250400	-0.003363
0.250500	-0.003364
0.250600	-0.003365
0.250700	-0.003366
0.250800	-0.003367
0.250900	-0.003368
0.251000	-0.003368
0.251100	-0.003369
0.251200	-0.003370
0.251300	-0.003371
0.251400	-0.003372
0.251500	-0.003373
0.251600	-0.003374
0.251700	-0.003375
0.251800	-0.003376
0.251900	-0.003377
0.252000	-0.003378
0.252100	-0.003379
0.252200	-0.003380
0.252300	-0.003381
0.252400	-0.003382
0.252500	-0.003383
0.252600	-0.003384
0.252700	-0.003385
0.252800	-0.003386
0.252900	-0.003387
0.253000	-0.003388
0.253100	-0.003389
0.253200	-0.003390
0.253300	-0.003391
0.253400	-0.003391
0.253500	-0.003392
0.253600	-0.003393
0.253700	-0.003394
0.253800	-0.003395
0.253900	-0.003396
0.254000	-0.003397
0.254100	-0.003398
0.254200	-0.003399
0.254300	-0.003400
0.254400	-0.003401
0.254500	-0.003402
0.254600	-0.003403
0.254700	-0.003404
0.254800	-0.003404
0.254900	-0.003405
0.255000	-0.003406
0.255100	-0.003407
0.255200	-0.003408
0.255300	-0.003409
0.255400	-0.003410
0.255500	-0.003411
0.255600	-0.003412
0.255700	-0.003413
0.255800	-0.003414
0.255900	-0.003414
0.256000	-0.003415
0.256100	-0.003416
0.256200	-0.003417
0.256300	-0.003418
0.256400	-0.003419
0.256500	-0.003420
0.256600	-0.003421
0.256700	-0.003422
0.256800	-0.003422
0.256900	-0.003423
0.257000	-0.003424
0.257100	-0.003425
0.257200	-0.003426
0.257300	-0.003427
0.257400	-0.003428
0.257500	-0.003429
0.257600	-0.003430
0.257700	-0.003430
0.257800	-0.003431
0.257900	-0.003432
0.258000	-0.003433
0.258100	-0.003434
0.258200	-0.003435
0.258300	-0.003436
0.258400	-0.003436
0.258500	-0.003437
0.258600	-0.003438
0.258700	-0.003439
0.258800	-0.003440
0.258900	-0.003441
0.259000	-0.003442
0.259100	-0.003443
0.259200	-0.003443
0.259300	-0.003444
0.259400	-0.003445
0.259500	-0.003446
0.259600	-0.003447
0.259700	-0.003448
0.259800	-0.003448
0.259900	-0.003449
0.260000	-0.003450
0.260100	-0.003451
0.260200	-0.003452
0.260300	-0.003453
0.260400	-0.003453
0.260500	-0.003454
0.260600	-0.003455
0.260700	-0.003456
0.260800	-0.003457
0.260900	-0.003458
0.261000	-0.003458
0.261100	-0.003459
0.261200	-0.003460
0.261300	-0.003461
0.261400	-0.003462
0.261500	-0.003463
0.261600	-0.003463
0.261700	-0.003464
0.261800	-0.003465
0.261900	-0.003466
0.262000	-0.003467
0.262100	-0.003468
0.262200	-0.003468
0.262300	-0.003469
0.262400	-0.003470
0.262500	-0.003471
0.262600	-0.003472
0.262700	-0.003472
0.262800	-0.003473
0.262900	-0.003474
0.263000	-0.003475
0.263100	-0.003476
0.263200	-0.003476
0.263300	-0.003477
0.263400	-0.003478
0.263500	-0.003479
0.263600	-0.003480
0.263700	-0.003480
0.263800	-0.003481
0.263900	-0.003482
0.264000	-0.003483
0.264100	-0.003484
0.264200	-0.003484
0.264300	-0.003485
0.264400	-0.003486
0.264500	-0.003487
0.264600	-0.003487
0.264700	-0.003488
0.264800	-0.003489
0.264900	-0.003490
0.265000	-0.003491
0.265100	-0.003491
0.265200	-0.003492
0.265300	-0.003493
0.265400	-0.003494
0.265500	-0.003494
0.265600	-0.003495
0.265700	-0.003496
0.265800	-0.003497
0.265900	-0.003497
0.266000	-0.003498
0.266100	-0.003499
0.266200	-0.003500
0.266300	-0.003501
0.266400	-0.003501
0.266500	-0.003502
0.266600	-0.003503
0.266700	-0.003504
0.266800	-0.003504
0.266900	-0.003505
0.267000	-0.003506
0.267100	-0.003507
0.267200	-0.003507
0.267300	-0.003508
0.267400	-0.003509
0.267500	-0.003510
0.267600	-0.003510
0.267700	-0.003511
0.267800	-0.003512
0.267900	-0.003513
0.268000	-0.003513
0.268100	-0.003514
0.268200	-0.003515
0.268300	-0.003515
0.268400	-0.003516
0.268500	-0.003517
0.268600	-0.003518
0.268700	-0.003518
0.268800	-0.003519
0.268900	-0.003520
0.269000	-0.003521
0.269100	-0.003521
0.269200	-0.003522
0.269300	-0.003523
0.269400	-0.003523
0.269500	-0.003524
0.269600	-0.003525
0.269700	-0.003526
0.269800	-0.003526
0.269900	-0.003527
0.270000	-0.003528
0.270100	-0.003528
0.270200	-0.003529
0.270300	-0.003530
0.270400	-0.003531
0.270500	-0.003531
0.270600	-0.003532
0.270700	-0.003533
0.270800	-0.003533
0.270900	-0.003534
0.271000	-0.003535
0.271100	-0.003536
0.271200	-0.003536
0.271300	-0.003537
0.271400	-0.003538
0.271500	-0.003538
0.271600	-0.003539
0.271700	-0.003540
0.271800	-0.003540
0.271900	-0.003541
0.272000	-0.003542
0.272100	-0.003542
0.272200	-0.003543
0.272300	-0.003544
0.272400	-0.003545
0.272500	-0.003545
0.272600	-0.003546
0.272700	-0.003547
0.272800	-0.003547
0.272900	-0.003548
0.273000	-0.003549
0.273100	-0.003549
0.273200	-0.003550
0.273300	-0.003551
0.273400	-0.003551
0.273500	-0.003552
0.273600	-0.003553
0.273700	-0.003553
0.273800	-0.003554
0.273900	-0.003555
0.274000	-0.003555
0.274100	-0.003556
0.274200	-0.003557
0.274300	-0.003557
0.274400	-0.003558
0.274500	-0.003559
0.274600	-0.003559
0.274700	-0.003560
0.274800	-0.003561
0.274900	-0.003561
0.275000	-0.003562
0.275100	-0.003563
0.275200	-0.003563
0.275300	-0.003564
0.275400	-0.003565
0.275500	-0.003565
0.275600	-0.003566
0.275700	-0.003567
0.275800	-0.003567
0.275900	-0.003568
0.276000	-0.003569
0.276100	-0.003569
0.276200	-0.003570
0.276300	-0.003570
0.276400	-0.003571
0.276500	-0.003572
0.276600	-0.003572
0.276700	-0.003573
0.276800	-0.003574
0.276900	-0.003574
0.277000	-0.003575
0.277100	-0.003576
0.277200	-0.003576
0.277300	-0.003577
0.277400	-0.003577
0.277500	-0.003578
0.277600	-0.003579
0.277700	-0.003579
0.277800	-0.003580
0.277900	-0.003581
0.278000	-0.003581
0.278100	-0.003582
0.278200	-0.003583
0.278300	-0.003583
0.278400	-0.003584
0.278500	-0.003584
0.278600	-0.003585
0.278700	-0.003586
0.278800	-0.003586
0.278900	-0.003587
0.279000	-0.003587
0.279100	-0.003588
0.279200	-0.003589
0.279300	-0.003589
0.279400	-0.003590
0.279500	-0.003591
0.279600	-0.003591
0.279700	-0.003592
0.279800	-0.003592
0.279900	-0.003593
0.280000	-0.003594
0.280100	-0.003594
0.280200	-0.003595
0.280300	-0.003595
0.280400	-0.003596
0.280500	-0.003597
0.280600	-0.003597
0.280700	-0.003598
0.280800	-0.003598
0.280900	-0.003599
0.281000	-0.003600
0.281100	-0.003600
0.281200	-0.003601
0.281300	-0.003601
0.281400	-0.003602
0.281500	-0.003603
0.281600	-0.003603
0.281700	-0.003604
0.281800	-0.003604
0.281900	-0.003605
0.282000	-0.003605
0.282100	-0.003606
0.282200	-0.003607
0.282300	-0.003607
0.282400	-0.003608
0.282500	-0.003608
0.282600	-0.003609
0.282700	-0.003610
0.282800	-0.003610
0.282900	-0.003611
0.283000	-0.003611
0.283100	-0.003612
0.283200	-0.003612
0.283300	-0.003613
0.283400	-0.003614
0.283500	-0.003614
0.283600	-0.003615
0.283700	-0.003615
0.283800	-0.003616
0.283900	-0.003616
0.284000	-0.003617
0.284100	-0.003618
0.284200	-0.003618
0.284300	-0.003619
0.284400	-0.003619
0.284500	-0.003620
0.284600	-0.003620
0.284700	-0.003621
0.284800	-0.003622
0.284900	-0.003622
0.285000	-0.003623
0.285100	-0.003623
0.285200	-0.003624
0.285300	-0.003624
0.285400	-0.003625
0.285500	-0.003625
0.285600	-0.003626
0.285700	-0.003627
0.285800	-0.003627
0.285900	-0.003628
0.286000	-0.003628
0.286100	-0.003629
0.286200	-0.003629
0.286300	-0.003630
0.286400	-0.003630
0.286500	-0.003631
0.286600	-0.003631
0.286700	-0.003632
0.286800	-0.003633
0.286900	-0.003633
0.287000	-0.003634
0.287100	-0.003634
0.287200	-0.003635
0.287300	-0.003635
0.287400	-0.003636
0.287500	-0.003636
0.287600	-0.003637
0.287700	-0.003637
0.287800	-0.003638
0.287900	-0.003638
0.288000	-0.003639
0.288100	-0.003639
0.288200	-0.003640
0.288300	-0.003641
0.288400	-0.003641
0.288500	-0.003642
0.288600	-0.003642
0.288700	-0.003643
0.288800	-0.003643
0.288900	-0.003644
0.289000	-0.003644
0.289100	-0.003645
0.289200	-0.003645
0.289300	-0.003646
0.289400	-0.003646
0.289500	-0.003647
0.289600	-0.003647
0.289700	-0.003648
0.289800	-0.003648
0.289900	-0.003649
0.290000	-0.003649
0.290100	-0.003650
0.290200	-0.003650
0.290300	-0.003651
0.290400	-0.003651
0.290500	-0.003652
0.290600	-0.003652
0.290700	-0.003653
0.290800	-0.003653
0.290900	-0.003654
0.291000	-0.003654
0.291100	-0.003655
0.291200	-0.003655
0.291300	-0.003656
0.291400	-0.003656
0.291500	-0.003657
0.291600	-0.003657
0.291700	-0.003658
0.291800	-0.003658
0.291900	-0.003659
0.292000	-0.003659
0.292100	-0.003660
0.292200	-0.003660
0.292300	-0.003661
0.292400	-0.003661
0.292500	-0.003662
0.292600	-0.003662
0.292700	-0.003663
0.292800	-0.003663
0.292900	-0.003664
0.293000	-0.003664
0.293100	-0.003665
0.293200	-0.003665
0.293300	-0.003666
0.293400	-0.003666
0.293500	-0.003667
0.293600	-0.003667
0.293700	-0.003668
0.293800	-0.003668
0.293900	-0.003669
0.294000	-0.003669
0.294100	-0.003670
0.294200	-0.003670
0.294300	-0.003671
0.294400	-0.003671
0.294500	-0.003672
0.294600	-0.003672
0.294700	-0.003673
0.294800	-0.003673
0.294900	-0.003674
0.295000	-0.003674
0.295100	-0.003674
0.295200	-0.003675
0.295300	-0.003675
0.295400	-0.003676
0.295500	-0.003676
0.295600	-0.003677
0.295700	-0.003677
0.295800	-0.003678
0.295900	-0.003678
0.296000	-0.003679
0.296100	-0.003679
0.296200	-0.003680
0.296300	-0.003680
0.296400	-0.003681
0.296500	-0.003681
0.296600	-0.003681
0.296700	-0.003682
0.296800	-0.003682
0.296900	-0.003683
0.297000	-0.003683
0.297100	-0.003684
0.297200	-0.003684
0.297300	-0.003685
0.297400	-0.003685
0.297500	-0.003686
0.297600	-0.003686
0.297700	-0.003686
0.297800	-0.003687
0.297900	-0.003687
0.298000	-0.003688
0.298100	-0.003688
0.298200	-0.003689
0.298300	-0.003689
0.298400	-0.003690
0.298500	-0.003690
0.298600	-0.003690
0.298700	-0.003691
0.298800	-0.003691
0.298900	-0.003692
0.299000	-0.003692
0.299100	-0.003693
0.299200	-0.003693
0.299300	-0.003694
0.299400	-0.003694
0.299500	-0.003694
0.299600	-0.003695
0.299700	-0.003695
0.299800	-0.003696
0.299900	-0.003696
0.300000	-0.003697
