# Sandbox Data | Context: 101 | Index: 2 | Label: Sim {/:Italic {/Symbol {/:Italic s}}}_{3} = sigc-100 kPa
# Column_1: X_Axis	Column_2: Y_Axis
0.000100	2.500783
0.000200	5.002774
0.000300	7.505213
0.000400	10.007491
0.000500	12.508929
0.000600	15.008902
0.000700	17.506820
0.000800	20.002127
0.000900	22.494298
0.001000	24.982838
0.001100	27.467281
0.001200	29.947187
0.001300	32.422142
0.001400	34.891759
0.001500	37.355674
0.001600	39.813545
0.001700	42.265051
0.001800	44.709894
0.001900	47.147792
0.002000	49.578484
0.002100	52.001726
0.002200	54.417290
0.002300	56.824964
0.002400	59.224550
0.002500	61.615866
0.002600	63.998741
0.002700	66.373018
0.002800	68.738550
0.002900	71.095202
0.003000	73.442850
0.003100	75.781379
0.003200	78.110685
0.003300	80.430669
0.003400	82.741243
0.003500	85.042327
0.003600	87.333848
0.003700	89.615737
0.003800	91.887936
0.003900	94.150389
0.004000	96.403049
0.004100	98.645872
0.004200	100.878820
0.004300	103.101860
0.004400	105.314962
0.004500	107.518103
0.004600	109.711260
0.004700	111.894418
0.004800	114.067562
0.004900	116.230682
0.005000	118.383771
0.005100	120.526825
0.005200	122.659842
0.005300	124.782823
0.005400	126.895771
0.005500	128.998692
0.005600	131.091594
0.005700	133.174486
0.005800	135.247380
0.005900	137.310290
0.006000	139.363231
0.006100	141.406219
0.006200	143.439272
0.006300	145.462409
0.006400	147.475653
0.006500	149.479024
0.006600	151.472545
0.006700	153.456242
0.006800	155.430138
0.006900	157.394260
0.007000	159.348636
0.007100	161.293292
0.007200	163.228258
0.007300	165.153563
0.007400	167.069236
0.007500	168.975309
0.007600	170.871812
0.007700	172.758778
0.007800	174.636238
0.007900	176.504225
0.008000	178.362773
0.008100	180.211915
0.008200	182.051685
0.008300	183.882118
0.008400	185.703247
0.008500	187.515108
0.008600	189.317737
0.008700	191.111168
0.008800	192.895438
0.008900	194.670582
0.009000	196.436637
0.009100	198.193638
0.009200	199.941623
0.009300	201.680627
0.009400	203.410689
0.009500	205.131843
0.009600	206.844129
0.009700	208.547582
0.009800	210.242239
0.009900	211.928139
0.010000	213.605318
0.010100	215.273813
0.010200	216.933662
0.010300	218.584902
0.010400	220.227571
0.010500	221.861706
0.010600	223.487344
0.010700	225.104523
0.010800	226.713280
0.010900	228.313652
0.011000	229.905677
0.011100	231.489392
0.011200	233.064834
0.011300	234.632041
0.011400	236.191049
0.011500	237.741895
0.011600	239.284618
0.011700	240.819253
0.011800	242.345838
0.011900	243.864408
0.012000	245.375002
0.012100	246.877656
0.012200	248.372406
0.012300	249.859289
0.012400	251.338341
0.012500	252.809599
0.012600	254.273098
0.012700	255.728876
0.012800	257.176967
0.012900	258.617408
0.013000	260.050234
0.013100	261.475482
0.013200	262.893187
0.013300	264.303384
0.013400	265.706110
0.013500	267.101398
0.013600	268.489284
0.013700	269.869804
0.013800	271.242992
0.013900	272.608883
0.014000	273.967511
0.014100	275.318912
0.014200	276.663120
0.014300	278.000168
0.014400	279.330092
0.014500	280.652925
0.014600	281.968701
0.014700	283.277454
0.014800	284.579218
0.014900	285.874026
0.015000	287.161912
0.015100	288.442909
0.015200	289.717050
0.015300	290.984368
0.015400	292.244897
0.015500	293.498668
0.015600	294.745715
0.015700	295.986071
0.015800	297.219767
0.015900	298.446836
0.016000	299.667309
0.016100	300.881220
0.016200	302.088600
0.016300	303.289481
0.016400	304.483893
0.016500	305.671870
0.016600	306.853442
0.016700	308.028640
0.016800	309.197495
0.016900	310.360039
0.017000	311.516302
0.017100	312.666315
0.017200	313.810109
0.017300	314.947714
0.017400	316.079160
0.017500	317.204477
0.017600	318.323696
0.017700	319.436846
0.017800	320.543958
0.017900	321.645060
0.018000	322.740183
0.018100	323.829356
0.018200	324.912608
0.018300	325.989968
0.018400	327.061465
0.018500	328.127128
0.018600	329.186987
0.018700	330.241069
0.018800	331.289403
0.018900	332.332017
0.019000	333.368940
0.019100	334.400200
0.019200	335.425824
0.019300	336.445841
0.019400	337.460279
0.019500	338.469165
0.019600	339.472526
0.019700	340.470390
0.019800	341.462784
0.019900	342.449736
0.020000	343.431272
0.020100	344.407419
0.020200	345.378203
0.020300	346.343653
0.020400	347.303793
0.020500	348.258651
0.020600	349.208253
0.020700	350.152624
0.020800	351.091792
0.020900	352.025781
0.021000	352.954618
0.021100	353.878328
0.021200	354.796937
0.021300	355.710470
0.021400	356.618953
0.021500	357.522411
0.021600	358.420868
0.021700	359.314350
0.021800	360.202882
0.021900	361.086488
0.022000	361.965194
0.022100	362.839023
0.022200	363.707999
0.022300	364.572148
0.022400	365.431494
0.022500	366.286059
0.022600	367.135869
0.022700	367.980948
0.022800	368.821318
0.022900	369.657003
0.023000	370.488028
0.023100	371.314415
0.023200	372.136187
0.023300	372.953369
0.023400	373.765982
0.023500	374.574050
0.023600	375.377595
0.023700	376.176641
0.023800	376.971210
0.023900	377.761324
0.024000	378.547006
0.024100	379.328279
0.024200	380.105163
0.024300	380.877682
0.024400	381.645858
0.024500	382.409711
0.024600	383.169265
0.024700	383.924541
0.024800	384.675560
0.024900	385.422343
0.025000	386.164913
0.025100	386.903290
0.025200	387.637496
0.025300	388.367551
0.025400	389.093477
0.025500	389.815294
0.025600	390.533024
0.025700	391.246686
0.025800	391.956301
0.025900	392.661891
0.026000	393.363475
0.026100	394.061073
0.026200	394.754706
0.026300	395.444393
0.026400	396.130155
0.026500	396.812012
0.026600	397.489983
0.026700	398.164088
0.026800	398.834347
0.026900	399.500779
0.027000	400.163403
0.027100	400.822239
0.027200	401.477306
0.027300	402.128624
0.027400	402.776210
0.027500	403.420085
0.027600	404.060267
0.027700	404.696774
0.027800	405.329626
0.027900	405.958841
0.028000	406.584437
0.028100	407.206433
0.028200	407.824848
0.028300	408.439699
0.028400	409.051004
0.028500	409.658782
0.028600	410.263050
0.028700	410.863827
0.028800	411.461130
0.028900	412.054977
0.029000	412.645385
0.029100	413.232373
0.029200	413.815956
0.029300	414.396154
0.029400	414.972983
0.029500	415.546460
0.029600	416.116602
0.029700	416.683427
0.029800	417.246951
0.029900	417.807191
0.030000	418.364164
0.030100	418.917887
0.030200	419.468376
0.030300	420.015648
0.030400	420.559719
0.030500	421.100606
0.030600	421.638325
0.030700	422.172891
0.030800	422.704322
0.030900	423.232633
0.031000	423.757841
0.031100	424.279960
0.031200	424.799008
0.031300	425.314999
0.031400	425.827949
0.031500	426.337875
0.031600	426.844791
0.031700	427.348712
0.031800	427.849655
0.031900	428.347635
0.032000	428.842666
0.032100	429.334764
0.032200	429.823944
0.032300	430.310221
0.032400	430.793610
0.032500	431.274125
0.032600	431.751782
0.032700	432.226594
0.032800	432.698578
0.032900	433.167747
0.033000	433.634115
0.033100	434.097698
0.033200	434.558509
0.033300	435.016563
0.033400	435.471874
0.033500	435.924456
0.033600	436.374323
0.033700	436.821489
0.033800	437.265968
0.033900	437.707774
0.034000	438.146921
0.034100	438.583422
0.034200	439.017291
0.034300	439.448542
0.034400	439.877188
0.034500	440.303242
0.034600	440.726719
0.034700	441.147630
0.034800	441.565990
0.034900	441.981812
0.035000	442.395109
0.035100	442.805893
0.035200	443.214178
0.035300	443.619977
0.035400	444.023303
0.035500	444.424168
0.035600	444.822585
0.035700	445.218567
0.035800	445.612127
0.035900	446.003276
0.036000	446.392028
0.036100	446.778395
0.036200	447.162389
0.036300	447.544023
0.036400	447.923308
0.036500	448.300257
0.036600	448.674883
0.036700	449.047196
0.036800	449.417210
0.036900	449.784936
0.037000	450.150385
0.037100	450.513571
0.037200	450.874504
0.037300	451.233196
0.037400	451.589659
0.037500	451.943905
0.037600	452.295945
0.037700	452.645790
0.037800	452.993452
0.037900	453.338942
0.038000	453.682272
0.038100	454.023453
0.038200	454.362496
0.038300	454.699412
0.038400	455.034212
0.038500	455.366907
0.038600	455.697509
0.038700	456.026028
0.038800	456.352475
0.038900	456.676861
0.039000	456.999196
0.039100	457.319491
0.039200	457.637758
0.039300	457.954006
0.039400	458.268246
0.039500	458.580489
0.039600	458.890745
0.039700	459.199024
0.039800	459.505337
0.039900	459.809693
0.040000	460.112105
0.040100	460.412580
0.040200	460.711131
0.040300	461.007765
0.040400	461.302495
0.040500	461.595329
0.040600	461.886278
0.040700	462.175351
0.040800	462.462559
0.040900	462.747911
0.041000	463.031417
0.041100	463.313086
0.041200	463.592928
0.041300	463.870953
0.041400	464.147171
0.041500	464.421590
0.041600	464.694221
0.041700	464.965072
0.041800	465.234153
0.041900	465.501474
0.042000	465.767043
0.042100	466.030870
0.042200	466.292964
0.042300	466.553334
0.042400	466.811989
0.042500	467.068938
0.042600	467.324191
0.042700	467.577756
0.042800	467.829642
0.042900	468.079858
0.043000	468.328412
0.043100	468.575314
0.043200	468.820572
0.043300	469.064196
0.043400	469.306192
0.043500	469.546571
0.043600	469.785340
0.043700	470.022509
0.043800	470.258085
0.043900	470.492078
0.044000	470.724494
0.044100	470.955344
0.044200	471.184635
0.044300	471.412375
0.044400	471.638572
0.044500	471.863236
0.044600	472.086373
0.044700	472.307992
0.044800	472.528101
0.044900	472.746709
0.045000	472.963822
0.045100	473.179449
0.045200	473.393598
0.045300	473.606277
0.045400	473.817493
0.045500	474.027254
0.045600	474.235569
0.045700	474.442444
0.045800	474.647888
0.045900	474.851907
0.046000	475.054510
0.046100	475.255704
0.046200	475.455497
0.046300	475.653896
0.046400	475.850908
0.046500	476.046542
0.046600	476.240803
0.046700	476.433700
0.046800	476.625240
0.046900	476.815431
0.047000	477.004278
0.047100	477.191790
0.047200	477.377974
0.047300	477.562836
0.047400	477.746384
0.047500	477.928626
0.047600	478.109566
0.047700	478.289214
0.047800	478.467576
0.047900	478.644658
0.048000	478.820467
0.048100	478.995011
0.048200	479.168296
0.048300	479.340329
0.048400	479.511117
0.048500	479.680666
0.048600	479.848982
0.048700	480.016073
0.048800	480.181946
0.048900	480.346606
0.049000	480.510060
0.049100	480.672315
0.049200	480.833377
0.049300	480.993252
0.049400	481.151948
0.049500	481.309469
0.049600	481.465824
0.049700	481.621017
0.049800	481.775056
0.049900	481.927946
0.050000	482.079694
0.050100	482.230305
0.050200	482.379787
0.050300	482.528144
0.050400	482.675384
0.050500	482.821512
0.050600	482.966534
0.050700	483.110457
0.050800	483.253286
0.050900	483.395026
0.051000	483.535685
0.051100	483.675268
0.051200	483.813780
0.051300	483.951228
0.051400	484.087617
0.051500	484.222953
0.051600	484.357242
0.051700	484.490489
0.051800	484.622701
0.051900	484.753882
0.052000	484.884039
0.052100	485.013176
0.052200	485.141300
0.052300	485.268416
0.052400	485.394530
0.052500	485.519646
0.052600	485.643771
0.052700	485.766910
0.052800	485.889068
0.052900	486.010251
0.053000	486.130463
0.053100	486.249711
0.053200	486.367999
0.053300	486.485333
0.053400	486.601718
0.053500	486.717159
0.053600	486.831662
0.053700	486.945230
0.053800	487.057871
0.053900	487.169588
0.054000	487.280387
0.054100	487.390273
0.054200	487.499251
0.054300	487.607325
0.054400	487.714501
0.054500	487.820784
0.054600	487.926179
0.054700	488.030690
0.054800	488.134322
0.054900	488.237081
0.055000	488.338971
0.055100	488.439997
0.055200	488.540163
0.055300	488.639475
0.055400	488.737937
0.055500	488.835553
0.055600	488.932330
0.055700	489.028270
0.055800	489.123379
0.055900	489.217661
0.056000	489.311122
0.056100	489.403764
0.056200	489.495594
0.056300	489.586616
0.056400	489.676833
0.056500	489.766251
0.056600	489.854874
0.056700	489.942706
0.056800	490.029752
0.056900	490.116016
0.057000	490.201503
0.057100	490.286217
0.057200	490.370161
0.057300	490.453341
0.057400	490.535761
0.057500	490.617425
0.057600	490.698337
0.057700	490.778501
0.057800	490.857922
0.057900	490.936603
0.058000	491.014550
0.058100	491.091765
0.058200	491.168253
0.058300	491.244019
0.058400	491.319066
0.058500	491.393398
0.058600	491.467019
0.058700	491.539933
0.058800	491.612145
0.058900	491.683658
0.059000	491.754476
0.059100	491.824603
0.059200	491.894043
0.059300	491.962800
0.059400	492.030877
0.059500	492.098279
0.059600	492.165009
0.059700	492.231071
0.059800	492.296470
0.059900	492.361207
0.060000	492.425289
0.060100	492.488717
0.060200	492.551496
0.060300	492.613629
0.060400	492.675121
0.060500	492.735975
0.060600	492.796193
0.060700	492.855781
0.060800	492.914742
0.060900	492.973079
0.061000	493.030795
0.061100	493.087895
0.061200	493.144381
0.061300	493.200258
0.061400	493.255529
0.061500	493.310196
0.061600	493.364265
0.061700	493.417737
0.061800	493.470618
0.061900	493.522909
0.062000	493.574614
0.062100	493.625737
0.062200	493.676281
0.062300	493.726249
0.062400	493.775645
0.062500	493.824472
0.062600	493.872733
0.062700	493.920432
0.062800	493.967571
0.062900	494.014155
0.063000	494.060185
0.063100	494.105666
0.063200	494.150600
0.063300	494.194991
0.063400	494.238841
0.063500	494.282155
0.063600	494.324935
0.063700	494.367184
0.063800	494.408905
0.063900	494.450101
0.064000	494.490776
0.064100	494.530932
0.064200	494.570572
0.064300	494.609700
0.064400	494.648318
0.064500	494.686430
0.064600	494.724038
0.064700	494.761145
0.064800	494.797755
0.064900	494.833869
0.065000	494.869492
0.065100	494.904625
0.065200	494.939272
0.065300	494.973436
0.065400	495.007119
0.065500	495.040324
0.065600	495.073055
0.065700	495.105313
0.065800	495.137102
0.065900	495.168424
0.066000	495.199283
0.066100	495.229680
0.066200	495.259620
0.066300	495.289103
0.066400	495.318133
0.066500	495.346714
0.066600	495.374846
0.066700	495.402534
0.066800	495.429779
0.066900	495.456585
0.067000	495.482953
0.067100	495.508887
0.067200	495.534389
0.067300	495.559462
0.067400	495.584108
0.067500	495.608330
0.067600	495.632130
0.067700	495.655511
0.067800	495.678476
0.067900	495.701026
0.068000	495.723165
0.068100	495.744894
0.068200	495.766217
0.068300	495.787136
0.068400	495.807652
0.068500	495.827769
0.068600	495.847489
0.068700	495.866815
0.068800	495.885748
0.068900	495.904292
0.069000	495.922448
0.069100	495.940218
0.069200	495.957606
0.069300	495.974614
0.069400	495.991243
0.069500	496.007496
0.069600	496.023376
0.069700	496.038884
0.069800	496.054023
0.069900	496.068796
0.070000	496.083204
0.070100	496.097249
0.070200	496.110935
0.070300	496.124262
0.070400	496.137234
0.070500	496.149852
0.070600	496.162119
0.070700	496.174036
0.070800	496.185607
0.070900	496.196832
0.071000	496.207715
0.071100	496.218257
0.071200	496.228461
0.071300	496.238328
0.071400	496.247860
0.071500	496.257061
0.071600	496.265931
0.071700	496.274472
0.071800	496.282688
0.071900	496.290579
0.072000	496.298149
0.072100	496.305398
0.072200	496.312329
0.072300	496.318944
0.072400	496.325244
0.072500	496.331233
0.072600	496.336911
0.072700	496.342281
0.072800	496.347345
0.072900	496.352105
0.073000	496.356561
0.073100	496.360718
0.073200	496.364575
0.073300	496.368136
0.073400	496.371402
0.073500	496.374374
0.073600	496.377056
0.073700	496.379448
0.073800	496.381553
0.073900	496.383372
0.074000	496.384907
0.074100	496.386160
0.074200	496.387133
0.074300	496.387827
0.074400	496.388245
0.074500	496.388388
0.074600	496.388257
0.074700	496.387856
0.074800	496.387184
0.074900	496.386245
0.075000	496.385039
0.075100	496.383570
0.075200	496.381837
0.075300	496.379843
0.075400	496.377590
0.075500	496.375080
0.075600	496.372313
0.075700	496.369292
0.075800	496.366018
0.075900	496.362493
0.076000	496.358719
0.076100	496.354697
0.076200	496.350429
0.076300	496.345917
0.076400	496.341162
0.076500	496.336165
0.076600	496.330928
0.076700	496.325454
0.076800	496.319743
0.076900	496.313797
0.077000	496.307617
0.077100	496.301205
0.077200	496.294564
0.077300	496.287693
0.077400	496.280595
0.077500	496.273271
0.077600	496.265723
0.077700	496.257952
0.077800	496.249960
0.077900	496.241748
0.078000	496.233317
0.078100	496.224670
0.078200	496.215808
0.078300	496.206731
0.078400	496.197442
0.078500	496.187942
0.078600	496.178232
0.078700	496.168314
0.078800	496.158189
0.078900	496.147859
0.079000	496.137325
0.079100	496.126588
0.079200	496.115650
0.079300	496.104513
0.079400	496.093176
0.079500	496.081643
0.079600	496.069914
0.079700	496.057990
0.079800	496.045874
0.079900	496.033565
0.080000	496.021067
0.080100	496.008379
0.080200	495.995504
0.080300	495.982442
0.080400	495.969194
0.080500	495.955764
0.080600	495.942150
0.080700	495.928355
0.080800	495.914380
0.080900	495.900227
0.081000	495.885896
0.081100	495.871389
0.081200	495.856706
0.081300	495.841850
0.081400	495.826822
0.081500	495.811622
0.081600	495.796252
0.081700	495.780713
0.081800	495.765007
0.081900	495.749134
0.082000	495.733096
0.082100	495.716894
0.082200	495.700529
0.082300	495.684002
0.082400	495.667315
0.082500	495.650468
0.082600	495.633463
0.082700	495.616301
0.082800	495.598983
0.082900	495.581510
0.083000	495.563884
0.083100	495.546105
0.083200	495.528175
0.083300	495.510094
0.083400	495.491864
0.083500	495.473487
0.083600	495.454962
0.083700	495.436291
0.083800	495.417475
0.083900	495.398516
0.084000	495.379414
0.084100	495.360171
0.084200	495.340786
0.084300	495.321263
0.084400	495.301601
0.084500	495.281801
0.084600	495.261866
0.084700	495.241795
0.084800	495.221589
0.084900	495.201251
0.085000	495.180780
0.085100	495.160178
0.085200	495.139445
0.085300	495.118584
0.085400	495.097594
0.085500	495.076477
0.085600	495.055234
0.085700	495.033865
0.085800	495.012372
0.085900	494.990756
0.086000	494.969018
0.086100	494.947158
0.086200	494.925177
0.086300	494.903077
0.086400	494.880859
0.086500	494.858522
0.086600	494.836070
0.086700	494.813501
0.086800	494.790817
0.086900	494.768020
0.087000	494.745109
0.087100	494.722087
0.087200	494.698953
0.087300	494.675709
0.087400	494.652355
0.087500	494.628893
0.087600	494.605324
0.087700	494.581647
0.087800	494.557865
0.087900	494.533977
0.088000	494.509986
0.088100	494.485891
0.088200	494.461693
0.088300	494.437394
0.088400	494.412994
0.088500	494.388495
0.088600	494.363896
0.088700	494.339199
0.088800	494.314405
0.088900	494.289514
0.089000	494.264527
0.089100	494.239445
0.089200	494.214269
0.089300	494.189000
0.089400	494.163638
0.089500	494.138184
0.089600	494.112640
0.089700	494.087005
0.089800	494.061281
0.089900	494.035468
0.090000	494.009567
0.090100	493.983580
0.090200	493.957506
0.090300	493.931346
0.090400	493.905102
0.090500	493.878773
0.090600	493.852362
0.090700	493.825867
0.090800	493.799291
0.090900	493.772634
0.091000	493.745897
0.091100	493.719080
0.091200	493.692184
0.091300	493.665209
0.091400	493.638158
0.091500	493.611030
0.091600	493.583825
0.091700	493.556546
0.091800	493.529191
0.091900	493.501763
0.092000	493.474262
0.092100	493.446688
0.092200	493.419042
0.092300	493.391325
0.092400	493.363537
0.092500	493.335680
0.092600	493.307754
0.092700	493.279759
0.092800	493.251696
0.092900	493.223566
0.093000	493.195369
0.093100	493.167107
0.093200	493.138780
0.093300	493.110388
0.093400	493.081931
0.093500	493.053412
0.093600	493.024830
0.093700	492.996186
0.093800	492.967481
0.093900	492.938715
0.094000	492.909888
0.094100	492.881002
0.094200	492.852058
0.094300	492.823054
0.094400	492.793994
0.094500	492.764876
0.094600	492.735701
0.094700	492.706471
0.094800	492.677185
0.094900	492.647845
0.095000	492.618450
0.095100	492.589002
0.095200	492.559501
0.095300	492.529947
0.095400	492.500342
0.095500	492.470685
0.095600	492.440978
0.095700	492.411220
0.095800	492.381413
0.095900	492.351557
0.096000	492.321652
0.096100	492.291700
0.096200	492.261700
0.096300	492.231653
0.096400	492.201560
0.096500	492.171421
0.096600	492.141237
0.096700	492.111008
0.096800	492.080735
0.096900	492.050418
0.097000	492.020059
0.097100	491.989656
0.097200	491.959212
0.097300	491.928726
0.097400	491.898199
0.097500	491.867632
0.097600	491.837024
0.097700	491.806377
0.097800	491.775691
0.097900	491.744966
0.098000	491.714203
0.098100	491.683403
0.098200	491.652565
0.098300	491.621691
0.098400	491.590781
0.098500	491.559835
0.098600	491.528854
0.098700	491.497838
0.098800	491.466789
0.098900	491.435705
0.099000	491.404588
0.099100	491.373438
0.099200	491.342256
0.099300	491.311042
0.099400	491.279797
0.099500	491.248520
0.099600	491.217213
0.099700	491.185876
0.099800	491.154509
0.099900	491.123113
0.100000	491.091688
0.100100	491.060235
0.100200	491.028754
0.100300	490.997246
0.100400	490.965710
0.100500	490.934148
0.100600	490.902560
0.100700	490.870945
0.100800	490.839306
0.100900	490.807641
0.101000	490.775952
0.101100	490.744239
0.101200	490.712502
0.101300	490.680742
0.101400	490.648959
0.101500	490.617154
0.101600	490.585326
0.101700	490.553476
0.101800	490.521606
0.101900	490.489714
0.102000	490.457802
0.102100	490.425870
0.102200	490.393918
0.102300	490.361946
0.102400	490.329956
0.102500	490.297947
0.102600	490.265919
0.102700	490.233874
0.102800	490.201812
0.102900	490.169732
0.103000	490.137635
0.103100	490.105522
0.103200	490.073393
0.103300	490.041249
0.103400	490.009089
0.103500	489.976914
0.103600	489.944724
0.103700	489.912520
0.103800	489.880303
0.103900	489.848071
0.104000	489.815827
0.104100	489.783570
0.104200	489.751300
0.104300	489.719018
0.104400	489.686724
0.104500	489.654418
0.104600	489.622102
0.104700	489.589774
0.104800	489.557436
0.104900	489.525088
0.105000	489.492730
0.105100	489.460362
0.105200	489.427985
0.105300	489.395600
0.105400	489.363205
0.105500	489.330803
0.105600	489.298392
0.105700	489.265974
0.105800	489.233548
0.105900	489.201116
0.106000	489.168676
0.106100	489.136230
0.106200	489.103778
0.106300	489.071321
0.106400	489.038857
0.106500	489.006389
0.106600	488.973915
0.106700	488.941437
0.106800	488.908955
0.106900	488.876468
0.107000	488.843978
0.107100	488.811484
0.107200	488.778987
0.107300	488.746487
0.107400	488.713984
0.107500	488.681479
0.107600	488.648972
0.107700	488.616463
0.107800	488.583953
0.107900	488.551441
0.108000	488.518928
0.108100	488.486414
0.108200	488.453900
0.108300	488.421386
0.108400	488.388872
0.108500	488.356358
0.108600	488.323845
0.108700	488.291332
0.108800	488.258821
0.108900	488.226311
0.109000	488.193802
0.109100	488.161296
0.109200	488.128791
0.109300	488.096289
0.109400	488.063789
0.109500	488.031292
0.109600	487.998799
0.109700	487.966308
0.109800	487.933821
0.109900	487.901338
0.110000	487.868859
0.110100	487.836384
0.110200	487.803914
0.110300	487.771448
0.110400	487.738987
0.110500	487.706532
0.110600	487.674082
0.110700	487.641637
0.110800	487.609199
0.110900	487.576766
0.111000	487.544340
0.111100	487.511920
0.111200	487.479508
0.111300	487.447102
0.111400	487.414703
0.111500	487.382311
0.111600	487.349928
0.111700	487.317552
0.111800	487.285184
0.111900	487.252824
0.112000	487.220473
0.112100	487.188130
0.112200	487.155796
0.112300	487.123472
0.112400	487.091156
0.112500	487.058850
0.112600	487.026554
0.112700	486.994268
0.112800	486.961991
0.112900	486.929725
0.113000	486.897469
0.113100	486.865224
0.113200	486.832990
0.113300	486.800767
0.113400	486.768555
0.113500	486.736354
0.113600	486.704165
0.113700	486.671988
0.113800	486.639822
0.113900	486.607669
0.114000	486.575528
0.114100	486.543400
0.114200	486.511284
0.114300	486.479181
0.114400	486.447091
0.114500	486.415014
0.114600	486.382951
0.114700	486.350901
0.114800	486.318865
0.114900	486.286843
0.115000	486.254835
0.115100	486.222841
0.115200	486.190861
0.115300	486.158896
0.115400	486.126946
0.115500	486.095010
0.115600	486.063090
0.115700	486.031185
0.115800	485.999295
0.115900	485.967421
0.116000	485.935562
0.116100	485.903719
0.116200	485.871892
0.116300	485.840082
0.116400	485.808287
0.116500	485.776509
0.116600	485.744748
0.116700	485.713003
0.116800	485.681275
0.116900	485.649565
0.117000	485.617871
0.117100	485.586195
0.117200	485.554536
0.117300	485.522895
0.117400	485.491272
0.117500	485.459666
0.117600	485.428079
0.117700	485.396509
0.117800	485.364958
0.117900	485.333426
0.118000	485.301912
0.118100	485.270417
0.118200	485.238940
0.118300	485.207483
0.118400	485.176045
0.118500	485.144626
0.118600	485.113226
0.118700	485.081846
0.118800	485.050486
0.118900	485.019145
0.119000	484.987824
0.119100	484.956523
0.119200	484.925243
0.119300	484.893982
0.119400	484.862742
0.119500	484.831523
0.119600	484.800324
0.119700	484.769146
0.119800	484.737988
0.119900	484.706852
0.120000	484.675737
0.120100	484.644643
0.120200	484.613570
0.120300	484.582519
0.120400	484.551489
0.120500	484.520481
0.120600	484.489495
0.120700	484.458530
0.120800	484.427588
0.120900	484.396668
0.121000	484.365769
0.121100	484.334894
0.121200	484.304040
0.121300	484.273209
0.121400	484.242401
0.121500	484.211616
0.121600	484.180853
0.121700	484.150113
0.121800	484.119397
0.121900	484.088703
0.122000	484.058033
0.122100	484.027386
0.122200	483.996763
0.122300	483.966163
0.122400	483.935586
0.122500	483.905034
0.122600	483.874505
0.122700	483.844000
0.122800	483.813519
0.122900	483.783062
0.123000	483.752630
0.123100	483.722221
0.123200	483.691837
0.123300	483.661478
0.123400	483.631143
0.123500	483.600832
0.123600	483.570547
0.123700	483.540286
0.123800	483.510050
0.123900	483.479839
0.124000	483.449653
0.124100	483.419492
0.124200	483.389357
0.124300	483.359247
0.124400	483.329162
0.124500	483.299102
0.124600	483.269068
0.124700	483.239060
0.124800	483.209078
0.124900	483.179121
0.125000	483.149190
0.125100	483.119285
0.125200	483.089406
0.125300	483.059553
0.125400	483.029726
0.125500	482.999926
0.125600	482.970152
0.125700	482.940404
0.125800	482.910682
0.125900	482.880987
0.126000	482.851319
0.126100	482.821677
0.126200	482.792062
0.126300	482.762474
0.126400	482.732913
0.126500	482.703378
0.126600	482.673871
0.126700	482.644391
0.126800	482.614937
0.126900	482.585511
0.127000	482.556113
0.127100	482.526741
0.127200	482.497397
0.127300	482.468080
0.127400	482.438791
0.127500	482.409529
0.127600	482.380295
0.127700	482.351089
0.127800	482.321910
0.127900	482.292759
0.128000	482.263636
0.128100	482.234541
0.128200	482.205474
0.128300	482.176435
0.128400	482.147423
0.128500	482.118440
0.128600	482.089486
0.128700	482.060559
0.128800	482.031661
0.128900	482.002791
0.129000	481.973949
0.129100	481.945136
0.129200	481.916351
0.129300	481.887595
0.129400	481.858867
0.129500	481.830169
0.129600	481.801498
0.129700	481.772857
0.129800	481.744244
0.129900	481.715660
0.130000	481.687105
0.130100	481.658579
0.130200	481.630082
0.130300	481.601614
0.130400	481.573174
0.130500	481.544764
0.130600	481.516384
0.130700	481.488032
0.130800	481.459709
0.130900	481.431416
0.131000	481.403152
0.131100	481.374918
0.131200	481.346712
0.131300	481.318537
0.131400	481.290390
0.131500	481.262274
0.131600	481.234186
0.131700	481.206129
0.131800	481.178100
0.131900	481.150102
0.132000	481.122133
0.132100	481.094194
0.132200	481.066285
0.132300	481.038406
0.132400	481.010556
0.132500	480.982736
0.132600	480.954946
0.132700	480.927186
0.132800	480.899456
0.132900	480.871756
0.133000	480.844086
0.133100	480.816446
0.133200	480.788837
0.133300	480.761257
0.133400	480.733707
0.133500	480.706188
0.133600	480.678699
0.133700	480.651240
0.133800	480.623811
0.133900	480.596413
0.134000	480.569045
0.134100	480.541707
0.134200	480.514400
0.134300	480.487123
0.134400	480.459876
0.134500	480.432660
0.134600	480.405474
0.134700	480.378319
0.134800	480.351195
0.134900	480.324101
0.135000	480.297037
0.135100	480.270004
0.135200	480.243002
0.135300	480.216030
0.135400	480.189089
0.135500	480.162179
0.135600	480.135300
0.135700	480.108451
0.135800	480.081633
0.135900	480.054845
0.136000	480.028089
0.136100	480.001363
0.136200	479.974668
0.136300	479.948004
0.136400	479.921370
0.136500	479.894768
0.136600	479.868197
0.136700	479.841656
0.136800	479.815146
0.136900	479.788668
0.137000	479.762220
0.137100	479.735803
0.137200	479.709417
0.137300	479.683062
0.137400	479.656739
0.137500	479.630446
0.137600	479.604184
0.137700	479.577953
0.137800	479.551754
0.137900	479.525585
0.138000	479.499448
0.138100	479.473342
0.138200	479.447266
0.138300	479.421222
0.138400	479.395209
0.138500	479.369228
0.138600	479.343277
0.138700	479.317358
0.138800	479.291470
0.138900	479.265613
0.139000	479.239787
0.139100	479.213992
0.139200	479.188229
0.139300	479.162497
0.139400	479.136796
0.139500	479.111126
0.139600	479.085488
0.139700	479.059880
0.139800	479.034305
0.139900	479.008760
0.140000	478.983247
0.140100	478.957765
0.140200	478.932314
0.140300	478.906895
0.140400	478.881506
0.140500	478.856150
0.140600	478.830824
0.140700	478.805530
0.140800	478.780267
0.140900	478.755035
0.141000	478.729835
0.141100	478.704666
0.141200	478.679529
0.141300	478.654423
0.141400	478.629348
0.141500	478.604304
0.141600	478.579292
0.141700	478.554311
0.141800	478.529362
0.141900	478.504444
0.142000	478.479557
0.142100	478.454701
0.142200	478.429877
0.142300	478.405085
0.142400	478.380323
0.142500	478.355593
0.142600	478.330895
0.142700	478.306227
0.142800	478.281591
0.142900	478.256987
0.143000	478.232413
0.143100	478.207871
0.143200	478.183361
0.143300	478.158882
0.143400	478.134434
0.143500	478.110017
0.143600	478.085632
0.143700	478.061278
0.143800	478.036955
0.143900	478.012664
0.144000	477.988404
0.144100	477.964175
0.144200	477.939978
0.144300	477.915812
0.144400	477.891677
0.144500	477.867574
0.144600	477.843501
0.144700	477.819461
0.144800	477.795451
0.144900	477.771473
0.145000	477.747526
0.145100	477.723610
0.145200	477.699725
0.145300	477.675872
0.145400	477.652050
0.145500	477.628259
0.145600	477.604499
0.145700	477.580771
0.145800	477.557074
0.145900	477.533408
0.146000	477.509773
0.146100	477.486169
0.146200	477.462597
0.146300	477.439055
0.146400	477.415545
0.146500	477.392066
0.146600	477.368618
0.146700	477.345201
0.146800	477.321816
0.146900	477.298461
0.147000	477.275138
0.147100	477.251846
0.147200	477.228584
0.147300	477.205354
0.147400	477.182155
0.147500	477.158987
0.147600	477.135850
0.147700	477.112744
0.147800	477.089669
0.147900	477.066625
0.148000	477.043612
0.148100	477.020630
0.148200	476.997679
0.148300	476.974759
0.148400	476.951870
0.148500	476.929011
0.148600	476.906184
0.148700	476.883387
0.148800	476.860622
0.148900	476.837887
0.149000	476.815183
0.149100	476.792510
0.149200	476.769868
0.149300	476.747257
0.149400	476.724676
0.149500	476.702127
0.149600	476.679608
0.149700	476.657119
0.149800	476.634662
0.149900	476.612235
0.150000	476.589839
0.150100	476.567474
0.150200	476.545139
0.150300	476.522835
0.150400	476.500562
0.150500	476.478319
0.150600	476.456107
0.150700	476.433926
0.150800	476.411775
0.150900	476.389655
0.151000	476.367565
0.151100	476.345506
0.151200	476.323477
0.151300	476.301479
0.151400	476.279511
0.151500	476.257574
0.151600	476.235667
0.151700	476.213791
0.151800	476.191945
0.151900	476.170130
0.152000	476.148345
0.152100	476.126590
0.152200	476.104865
0.152300	476.083171
0.152400	476.061508
0.152500	476.039874
0.152600	476.018271
0.152700	475.996698
0.152800	475.975155
0.152900	475.953643
0.153000	475.932160
0.153100	475.910708
0.153200	475.889286
0.153300	475.867895
0.153400	475.846533
0.153500	475.825201
0.153600	475.803900
0.153700	475.782628
0.153800	475.761387
0.153900	475.740175
0.154000	475.718994
0.154100	475.697843
0.154200	475.676721
0.154300	475.655630
0.154400	475.634568
0.154500	475.613536
0.154600	475.592534
0.154700	475.571562
0.154800	475.550620
0.154900	475.529708
0.155000	475.508825
0.155100	475.487973
0.155200	475.467150
0.155300	475.446356
0.155400	475.425593
0.155500	475.404859
0.155600	475.384154
0.155700	475.363480
0.155800	475.342835
0.155900	475.322219
0.156000	475.301633
0.156100	475.281077
0.156200	475.260550
0.156300	475.240053
0.156400	475.219585
0.156500	475.199147
0.156600	475.178738
0.156700	475.158358
0.156800	475.138008
0.156900	475.117688
0.157000	475.097396
0.157100	475.077134
0.157200	475.056901
0.157300	475.036698
0.157400	475.016523
0.157500	474.996378
0.157600	474.976262
0.157700	474.956176
0.157800	474.936118
0.157900	474.916090
0.158000	474.896090
0.158100	474.876120
0.158200	474.856179
0.158300	474.836267
0.158400	474.816384
0.158500	474.796530
0.158600	474.776704
0.158700	474.756908
0.158800	474.737141
0.158900	474.717402
0.159000	474.697693
0.159100	474.678012
0.159200	474.658360
0.159300	474.638737
0.159400	474.619142
0.159500	474.599577
0.159600	474.580040
0.159700	474.560531
0.159800	474.541052
0.159900	474.521601
0.160000	474.502178
0.160100	474.482784
0.160200	474.463419
0.160300	474.444082
0.160400	474.424774
0.160500	474.405494
0.160600	474.386243
0.160700	474.367020
0.160800	474.347825
0.160900	474.328659
0.161000	474.309522
0.161100	474.290412
0.161200	474.271331
0.161300	474.252278
0.161400	474.233253
0.161500	474.214257
0.161600	474.195289
0.161700	474.176348
0.161800	474.157436
0.161900	474.138553
0.162000	474.119697
0.162100	474.100869
0.162200	474.082069
0.162300	474.063298
0.162400	474.044554
0.162500	474.025838
0.162600	474.007150
0.162700	473.988490
0.162800	473.969858
0.162900	473.951254
0.163000	473.932677
0.163100	473.914128
0.163200	473.895608
0.163300	473.877114
0.163400	473.858649
0.163500	473.840211
0.163600	473.821801
0.163700	473.803418
0.163800	473.785063
0.163900	473.766736
0.164000	473.748436
0.164100	473.730163
0.164200	473.711918
0.164300	473.693701
0.164400	473.675511
0.164500	473.657348
0.164600	473.639213
0.164700	473.621105
0.164800	473.603024
0.164900	473.584971
0.165000	473.566945
0.165100	473.548946
0.165200	473.530974
0.165300	473.513030
0.165400	473.495112
0.165500	473.477222
0.165600	473.459359
0.165700	473.441522
0.165800	473.423713
0.165900	473.405931
0.166000	473.388176
0.166100	473.370448
0.166200	473.352746
0.166300	473.335072
0.166400	473.317424
0.166500	473.299804
0.166600	473.282210
0.166700	473.264643
0.166800	473.247102
0.166900	473.229588
0.167000	473.212101
0.167100	473.194641
0.167200	473.177207
0.167300	473.159800
0.167400	473.142419
0.167500	473.125065
0.167600	473.107738
0.167700	473.090436
0.167800	473.073162
0.167900	473.055913
0.168000	473.038692
0.168100	473.021496
0.168200	473.004327
0.168300	472.987184
0.168400	472.970067
0.168500	472.952977
0.168600	472.935913
0.168700	472.918875
0.168800	472.901863
0.168900	472.884878
0.169000	472.867918
0.169100	472.850984
0.169200	472.834077
0.169300	472.817196
0.169400	472.800340
0.169500	472.783510
0.169600	472.766707
0.169700	472.749929
0.169800	472.733177
0.169900	472.716451
0.170000	472.699751
0.170100	472.683076
0.170200	472.666428
0.170300	472.649805
0.170400	472.633207
0.170500	472.616636
0.170600	472.600090
0.170700	472.583569
0.170800	472.567074
0.170900	472.550605
0.171000	472.534161
0.171100	472.517743
0.171200	472.501350
0.171300	472.484982
0.171400	472.468640
0.171500	472.452323
0.171600	472.436032
0.171700	472.419765
0.171800	472.403525
0.171900	472.387309
0.172000	472.371118
0.172100	472.354953
0.172200	472.338813
0.172300	472.322698
0.172400	472.306608
0.172500	472.290543
0.172600	472.274503
0.172700	472.258488
0.172800	472.242498
0.172900	472.226533
0.173000	472.210593
0.173100	472.194678
0.173200	472.178787
0.173300	472.162922
0.173400	472.147081
0.173500	472.131265
0.173600	472.115474
0.173700	472.099707
0.173800	472.083965
0.173900	472.068248
0.174000	472.052555
0.174100	472.036887
0.174200	472.021243
0.174300	472.005624
0.174400	471.990030
0.174500	471.974460
0.174600	471.958914
0.174700	471.943392
0.174800	471.927896
0.174900	471.912423
0.175000	471.896975
0.175100	471.881550
0.175200	471.866151
0.175300	471.850775
0.175400	471.835424
0.175500	471.820096
0.175600	471.804793
0.175700	471.789514
0.175800	471.774259
0.175900	471.759028
0.176000	471.743821
0.176100	471.728638
0.176200	471.713479
0.176300	471.698344
0.176400	471.683232
0.176500	471.668145
0.176600	471.653081
0.176700	471.638041
0.176800	471.623025
0.176900	471.608033
0.177000	471.593064
0.177100	471.578119
0.177200	471.563198
0.177300	471.548300
0.177400	471.533426
0.177500	471.518575
0.177600	471.503748
0.177700	471.488944
0.177800	471.474164
0.177900	471.459408
0.178000	471.444674
0.178100	471.429964
0.178200	471.415278
0.178300	471.400614
0.178400	471.385974
0.178500	471.371357
0.178600	471.356764
0.178700	471.342193
0.178800	471.327646
0.178900	471.313122
0.179000	471.298621
0.179100	471.284143
0.179200	471.269688
0.179300	471.255256
0.179400	471.240847
0.179500	471.226461
0.179600	471.212098
0.179700	471.197757
0.179800	471.183440
0.179900	471.169145
0.180000	471.154873
0.180100	471.140624
0.180200	471.126398
0.180300	471.112195
0.180400	471.098014
0.180500	471.083855
0.180600	471.069720
0.180700	471.055607
0.180800	471.041516
0.180900	471.027448
0.181000	471.013403
0.181100	470.999379
0.181200	470.985379
0.181300	470.971401
0.181400	470.957445
0.181500	470.943511
0.181600	470.929600
0.181700	470.915711
0.181800	470.901845
0.181900	470.888000
0.182000	470.874178
0.182100	470.860378
0.182200	470.846600
0.182300	470.832844
0.182400	470.819110
0.182500	470.805399
0.182600	470.791709
0.182700	470.778041
0.182800	470.764395
0.182900	470.750772
0.183000	470.737170
0.183100	470.723590
0.183200	470.710031
0.183300	470.696495
0.183400	470.682980
0.183500	470.669487
0.183600	470.656016
0.183700	470.642567
0.183800	470.629139
0.183900	470.615733
0.184000	470.602348
0.184100	470.588985
0.184200	470.575643
0.184300	470.562323
0.184400	470.549025
0.184500	470.535748
0.184600	470.522492
0.184700	470.509258
0.184800	470.496045
0.184900	470.482853
0.185000	470.469683
0.185100	470.456534
0.185200	470.443406
0.185300	470.430300
0.185400	470.417215
0.185500	470.404150
0.185600	470.391107
0.185700	470.378085
0.185800	470.365085
0.185900	470.352105
0.186000	470.339146
0.186100	470.326208
0.186200	470.313291
0.186300	470.300395
0.186400	470.287520
0.186500	470.274666
0.186600	470.261832
0.186700	470.249020
0.186800	470.236228
0.186900	470.223457
0.187000	470.210707
0.187100	470.197977
0.187200	470.185268
0.187300	470.172580
0.187400	470.159912
0.187500	470.147265
0.187600	470.134638
0.187700	470.122032
0.187800	470.109446
0.187900	470.096881
0.188000	470.084336
0.188100	470.071812
0.188200	470.059308
0.188300	470.046824
0.188400	470.034361
0.188500	470.021918
0.188600	470.009495
0.188700	469.997092
0.188800	469.984710
0.188900	469.972348
0.189000	469.960006
0.189100	469.947684
0.189200	469.935382
0.189300	469.923100
0.189400	469.910838
0.189500	469.898597
0.189600	469.886375
0.189700	469.874173
0.189800	469.861991
0.189900	469.849829
0.190000	469.837687
0.190100	469.825564
0.190200	469.813462
0.190300	469.801379
0.190400	469.789316
0.190500	469.777272
0.190600	469.765248
0.190700	469.753244
0.190800	469.741260
0.190900	469.729295
0.191000	469.717350
0.191100	469.705424
0.191200	469.693518
0.191300	469.681631
0.191400	469.669764
0.191500	469.657916
0.191600	469.646088
0.191700	469.634279
0.191800	469.622489
0.191900	469.610719
0.192000	469.598967
0.192100	469.587236
0.192200	469.575523
0.192300	469.563830
0.192400	469.552155
0.192500	469.540500
0.192600	469.528864
0.192700	469.517247
0.192800	469.505650
0.192900	469.494071
0.193000	469.482511
0.193100	469.470970
0.193200	469.459448
0.193300	469.447946
0.193400	469.436462
0.193500	469.424996
0.193600	469.413550
0.193700	469.402123
0.193800	469.390714
0.193900	469.379324
0.194000	469.367953
0.194100	469.356600
0.194200	469.345266
0.194300	469.333951
0.194400	469.322655
0.194500	469.311377
0.194600	469.300117
0.194700	469.288877
0.194800	469.277654
0.194900	469.266450
0.195000	469.255265
0.195100	469.244098
0.195200	469.232950
0.195300	469.221819
0.195400	469.210708
0.195500	469.199614
0.195600	469.188539
0.195700	469.177482
0.195800	469.166443
0.195900	469.155423
0.196000	469.144420
0.196100	469.133436
0.196200	469.122470
0.196300	469.111522
0.196400	469.100593
0.196500	469.089681
0.196600	469.078787
0.196700	469.067911
0.196800	469.057053
0.196900	469.046214
0.197000	469.035392
0.197100	469.024588
0.197200	469.013802
0.197300	469.003033
0.197400	468.992283
0.197500	468.981550
0.197600	468.970835
0.197700	468.960138
0.197800	468.949458
0.197900	468.938796
0.198000	468.928152
0.198100	468.917525
0.198200	468.906916
0.198300	468.896325
0.198400	468.885751
0.198500	468.875195
0.198600	468.864656
0.198700	468.854134
0.198800	468.843630
0.198900	468.833144
0.199000	468.822675
0.199100	468.812223
0.199200	468.801788
0.199300	468.791371
0.199400	468.780971
0.199500	468.770589
0.199600	468.760223
0.199700	468.749875
0.199800	468.739544
0.199900	468.729230
0.200000	468.718933
0.200100	468.708654
