# Sandbox Data | Context: 101 | Index: 2 | Label: Sim {/:Italic {/Symbol {/:Italic s}}}_{3} = sigc-100 kPa
# Column_1: X_Axis	Column_2: Y_Axis
0.024801	1.067632
0.049207	1.078475
0.073220	1.088729
0.096844	1.098290
0.120082	1.107184
0.142938	1.115415
0.165415	1.122992
0.187519	1.129927
0.209253	1.136229
0.230623	1.141911
0.251634	1.146986
0.272291	1.151469
0.292599	1.155374
0.312565	1.158720
0.332192	1.161521
0.351489	1.163796
0.370459	1.165562
0.389109	1.166837
0.407444	1.167639
0.425471	1.167986
0.443194	1.167896
0.460620	1.167388
0.477755	1.166478
0.494603	1.165185
0.511171	1.163525
0.527464	1.161516
0.543487	1.159175
0.559246	1.156516
0.574746	1.153558
0.589993	1.150313
0.604990	1.146798
0.619745	1.143027
0.634260	1.139015
0.648542	1.134773
0.662595	1.130316
0.676423	1.125657
0.690032	1.120807
0.703425	1.115777
0.716608	1.110580
0.729584	1.105226
0.742357	1.099726
0.754933	1.094088
0.767314	1.088324
0.779505	1.082441
0.791509	1.076448
0.803331	1.070355
0.814974	1.064167
0.826442	1.057895
0.837737	1.051543
0.848865	1.045120
0.859827	1.038632
0.870628	1.032084
0.881270	1.025484
0.891757	1.018837
0.902092	1.012147
0.912277	1.005420
0.922315	0.998661
0.932210	0.991875
0.941965	0.985065
0.951581	0.978237
0.961062	0.971393
0.970410	0.964538
0.979628	0.957674
0.988717	0.950806
0.997682	0.943937
1.006523	0.937069
1.015244	0.930205
1.023846	0.923348
1.032332	0.916500
1.040704	0.909664
1.048964	0.902841
1.057113	0.896035
1.065155	0.889247
1.073091	0.882478
1.080922	0.875731
1.088652	0.869007
1.096281	0.862307
1.103811	0.855633
1.111244	0.848987
1.118583	0.842369
1.125827	0.835781
1.132980	0.829224
1.140043	0.822699
1.147017	0.816206
1.153903	0.809747
1.160704	0.803322
1.167421	0.796933
1.174055	0.790579
1.180607	0.784262
1.187080	0.777981
1.193474	0.771739
1.199790	0.765534
1.206030	0.759368
1.212195	0.753240
1.218287	0.747152
1.224306	0.741103
1.230254	0.735094
1.236132	0.729125
1.241941	0.723196
1.247682	0.717308
1.253356	0.711460
1.258964	0.705653
1.264508	0.699886
1.269988	0.694161
1.275405	0.688476
1.280761	0.682833
1.286056	0.677230
1.291290	0.671668
1.296467	0.666147
1.301585	0.660667
1.306645	0.655228
1.311650	0.649829
1.316599	0.644471
1.321494	0.639154
1.326335	0.633877
1.331122	0.628640
1.335858	0.623443
1.340542	0.618287
1.345176	0.613170
1.349759	0.608092
1.354294	0.603055
1.358780	0.598056
1.363218	0.593097
1.367609	0.588176
1.371953	0.583295
1.376252	0.578451
1.380505	0.573646
1.384714	0.568879
1.388879	0.564150
1.393001	0.559459
1.397080	0.554804
1.401118	0.550187
1.405113	0.545607
1.409068	0.541063
1.412982	0.536556
1.416857	0.532084
1.420692	0.527649
1.424488	0.523249
1.428247	0.518885
1.431967	0.514555
1.435650	0.510261
1.439297	0.506001
1.442907	0.501775
1.446482	0.497584
1.450021	0.493426
1.453525	0.489302
1.456995	0.485211
1.460431	0.481153
1.463834	0.477127
1.467203	0.473135
1.470540	0.469174
1.473844	0.465245
1.477117	0.461348
1.480358	0.457483
1.483569	0.453649
1.486748	0.449845
1.489898	0.446072
1.493017	0.442330
1.496107	0.438618
1.499168	0.434935
1.502200	0.431283
1.505203	0.427659
1.508179	0.424065
1.511127	0.420500
1.514047	0.416963
1.516940	0.413455
1.519807	0.409975
1.522647	0.406522
1.525460	0.403098
1.528249	0.399700
1.531011	0.396330
1.533748	0.392987
1.536461	0.389671
1.539149	0.386381
1.541812	0.383117
1.544452	0.379879
1.547067	0.376668
1.549660	0.373481
1.552229	0.370320
1.554774	0.367184
1.557298	0.364073
1.559799	0.360987
1.562277	0.357924
1.564734	0.354887
1.567169	0.351873
1.569583	0.348883
1.571975	0.345916
1.574346	0.342973
1.576697	0.340054
1.579027	0.337157
1.581337	0.334282
1.583627	0.331431
1.585897	0.328602
1.588147	0.325794
1.590378	0.323009
1.592590	0.320246
1.594783	0.317504
1.596957	0.314784
1.599112	0.312084
1.601249	0.309406
1.603368	0.306748
1.605469	0.304112
1.607552	0.301495
1.609617	0.298899
1.611665	0.296323
1.613696	0.293767
1.615710	0.291230
1.617706	0.288714
1.619686	0.286216
1.621650	0.283738
1.623597	0.281279
1.625528	0.278838
1.627443	0.276417
1.629342	0.274014
1.631225	0.271629
1.633093	0.269262
1.634946	0.266914
1.636783	0.264583
1.638605	0.262271
1.640412	0.259975
1.642204	0.257698
1.643982	0.255437
1.645745	0.253194
1.647494	0.250968
1.649229	0.248758
1.650949	0.246565
1.652656	0.244389
1.654349	0.242229
1.656028	0.240086
1.657694	0.237958
1.659347	0.235847
1.660986	0.233751
1.662612	0.231671
1.664225	0.229607
1.665825	0.227558
1.667412	0.225524
1.668987	0.223506
1.670549	0.221503
1.672099	0.219514
1.673636	0.217541
1.675162	0.215582
1.676675	0.213637
1.678177	0.211707
1.679666	0.209791
1.681144	0.207890
1.682611	0.206002
1.684065	0.204129
1.685509	0.202269
1.686941	0.200423
1.688362	0.198591
1.689772	0.196772
1.691171	0.194966
1.692559	0.193174
1.693936	0.191395
1.695303	0.189629
1.696659	0.187875
1.698005	0.186135
1.699340	0.184407
1.700665	0.182692
1.701980	0.180989
1.703284	0.179299
1.704579	0.177621
1.705863	0.175956
1.707138	0.174302
1.708403	0.172660
1.709659	0.171031
1.710905	0.169413
1.712141	0.167806
1.713368	0.166212
1.714586	0.164629
1.715794	0.163057
1.716993	0.161497
1.718184	0.159947
1.719365	0.158409
1.720537	0.156882
1.721700	0.155366
1.722855	0.153861
1.724001	0.152367
1.725138	0.150883
1.726267	0.149410
1.727387	0.147948
1.728499	0.146496
1.729603	0.145054
1.730698	0.143623
1.731785	0.142202
1.732864	0.140790
1.733935	0.139389
1.734998	0.137998
1.736053	0.136617
1.737100	0.135246
1.738139	0.133884
1.739171	0.132532
1.740195	0.131190
1.741211	0.129857
1.742220	0.128533
1.743221	0.127219
1.744215	0.125914
1.745202	0.124618
1.746181	0.123332
1.747154	0.122054
1.748119	0.120786
1.749076	0.119526
1.750027	0.118275
1.750971	0.117033
1.751908	0.115800
1.752838	0.114575
1.753761	0.113359
1.754677	0.112152
1.755587	0.110953
1.756490	0.109762
1.757387	0.108580
1.758276	0.107406
1.759160	0.106240
1.760037	0.105082
1.760907	0.103932
1.761771	0.102791
1.762629	0.101657
1.763481	0.100531
1.764326	0.099413
1.765166	0.098303
1.765999	0.097201
1.766826	0.096106
1.767647	0.095018
1.768462	0.093939
1.769271	0.092866
1.770075	0.091802
1.770872	0.090744
1.771664	0.089694
1.772450	0.088651
1.773230	0.087616
1.774005	0.086587
1.774774	0.085566
1.775538	0.084552
1.776296	0.083544
1.777048	0.082544
1.777796	0.081550
1.778537	0.080564
1.779274	0.079584
1.780005	0.078611
1.780731	0.077645
1.781451	0.076685
1.782167	0.075732
1.782877	0.074785
1.783582	0.073845
1.784282	0.072912
1.784977	0.071984
1.785667	0.071064
1.786352	0.070149
1.787032	0.069241
1.787708	0.068339
1.788378	0.067443
1.789044	0.066553
1.789704	0.065670
1.790360	0.064792
1.791012	0.063921
1.791659	0.063055
1.792301	0.062195
1.792938	0.061342
1.793571	0.060494
1.794199	0.059652
1.794823	0.058815
1.795443	0.057985
1.796058	0.057160
1.796668	0.056340
1.797274	0.055527
1.797876	0.054718
1.798474	0.053916
1.799067	0.053119
1.799656	0.052327
1.800241	0.051540
1.800821	0.050759
1.801398	0.049984
1.801970	0.049213
1.802538	0.048448
1.803102	0.047688
1.803662	0.046934
1.804218	0.046184
1.804770	0.045440
1.805319	0.044700
1.805863	0.043966
1.806403	0.043237
1.806940	0.042512
1.807472	0.041793
1.808001	0.041078
1.808526	0.040368
1.809047	0.039664
1.809565	0.038963
1.810079	0.038268
1.810589	0.037578
1.811095	0.036892
1.811598	0.036211
1.812097	0.035534
1.812593	0.034862
1.813085	0.034195
1.813573	0.033532
1.814059	0.032874
1.814540	0.032220
1.815018	0.031570
1.815493	0.030925
1.815964	0.030285
1.816432	0.029649
1.816897	0.029017
1.817358	0.028389
1.817816	0.027766
1.818270	0.027147
1.818721	0.026532
1.819169	0.025921
1.819614	0.025315
1.820056	0.024713
1.820494	0.024114
1.820929	0.023520
1.821362	0.022930
1.821791	0.022344
1.822216	0.021762
1.822639	0.021184
1.823059	0.020610
1.823476	0.020039
1.823889	0.019473
1.824300	0.018911
1.824708	0.018352
1.825113	0.017797
1.825514	0.017246
1.825913	0.016699
1.826309	0.016155
1.826703	0.015616
1.827093	0.015079
1.827480	0.014547
1.827865	0.014018
1.828247	0.013493
1.828626	0.012971
1.829002	0.012453
1.829376	0.011939
1.829747	0.011428
1.830115	0.010921
1.830480	0.010417
1.830843	0.009916
1.831203	0.009419
1.831560	0.008926
1.831915	0.008435
1.832268	0.007949
1.832617	0.007465
1.832964	0.006985
1.833309	0.006508
1.833651	0.006034
1.833990	0.005564
1.834327	0.005097
1.834662	0.004633
1.834994	0.004172
1.835323	0.003715
1.835651	0.003261
1.835975	0.002809
1.836298	0.002361
1.836618	0.001916
1.836935	0.001475
1.837250	0.001036
1.837563	0.000600
1.837874	0.000167
1.838182	-0.000263
1.838488	-0.000689
1.838791	-0.001113
1.839093	-0.001534
1.839392	-0.001952
1.839689	-0.002367
1.839983	-0.002779
1.840276	-0.003188
1.840566	-0.003595
1.840854	-0.003998
1.841140	-0.004399
1.841424	-0.004797
1.841705	-0.005192
1.841985	-0.005585
1.842262	-0.005974
1.842537	-0.006361
1.842810	-0.006745
1.843082	-0.007127
1.843351	-0.007506
1.843618	-0.007882
1.843882	-0.008255
1.844145	-0.008626
1.844406	-0.008995
1.844665	-0.009360
1.844922	-0.009723
1.845177	-0.010084
1.845430	-0.010442
1.845681	-0.010797
1.845930	-0.011150
1.846178	-0.011501
1.846423	-0.011849
1.846666	-0.012194
1.846908	-0.012537
1.847148	-0.012878
1.847385	-0.013216
1.847621	-0.013552
1.847855	-0.013885
1.848088	-0.014216
1.848318	-0.014545
1.848547	-0.014871
1.848774	-0.015195
1.848999	-0.015516
1.849222	-0.015836
1.849444	-0.016153
1.849664	-0.016467
1.849882	-0.016780
1.850098	-0.017090
1.850313	-0.017398
1.850526	-0.017704
1.850737	-0.018007
1.850946	-0.018309
1.851154	-0.018608
1.851361	-0.018905
1.851565	-0.019199
1.851768	-0.019492
1.851969	-0.019783
1.852169	-0.020071
1.852367	-0.020357
1.852564	-0.020642
1.852759	-0.020924
1.852952	-0.021204
1.853144	-0.021482
1.853334	-0.021758
1.853522	-0.022032
1.853710	-0.022304
1.853895	-0.022574
1.854079	-0.022842
1.854262	-0.023108
1.854443	-0.023372
1.854622	-0.023634
1.854800	-0.023894
1.854977	-0.024152
1.855152	-0.024408
1.855325	-0.024662
1.855498	-0.024915
1.855668	-0.025165
1.855838	-0.025414
1.856006	-0.025661
1.856172	-0.025906
1.856337	-0.026149
1.856501	-0.026390
1.856663	-0.026629
1.856824	-0.026867
1.856984	-0.027103
1.857142	-0.027337
1.857299	-0.027569
1.857454	-0.027800
1.857608	-0.028029
1.857761	-0.028256
1.857913	-0.028481
1.858063	-0.028704
1.858212	-0.028926
1.858359	-0.029146
1.858505	-0.029365
1.858650	-0.029582
1.858794	-0.029797
1.858937	-0.030010
1.859078	-0.030222
1.859218	-0.030432
1.859356	-0.030640
1.859494	-0.030847
1.859630	-0.031053
1.859765	-0.031256
1.859899	-0.031458
1.860032	-0.031659
1.860163	-0.031858
1.860293	-0.032055
1.860422	-0.032251
1.860550	-0.032445
1.860677	-0.032638
1.860802	-0.032829
1.860927	-0.033018
1.861050	-0.033207
1.861172	-0.033393
1.861293	-0.033578
1.861413	-0.033762
1.861532	-0.033944
1.861649	-0.034125
1.861766	-0.034304
1.861881	-0.034482
1.861995	-0.034658
1.862109	-0.034833
1.862221	-0.035007
1.862332	-0.035179
1.862442	-0.035349
1.862551	-0.035519
1.862659	-0.035687
1.862765	-0.035853
1.862871	-0.036018
1.862976	-0.036182
1.863080	-0.036344
1.863182	-0.036506
1.863284	-0.036665
1.863385	-0.036824
1.863484	-0.036981
1.863583	-0.037136
1.863681	-0.037291
1.863777	-0.037444
1.863873	-0.037596
1.863968	-0.037746
1.864062	-0.037896
1.864154	-0.038044
1.864246	-0.038190
1.864337	-0.038336
1.864427	-0.038480
1.864516	-0.038623
1.864604	-0.038765
1.864691	-0.038905
1.864778	-0.039044
1.864863	-0.039183
1.864947	-0.039319
1.865031	-0.039455
1.865113	-0.039590
1.865195	-0.039723
1.865276	-0.039855
1.865356	-0.039986
1.865435	-0.040116
1.865513	-0.040244
1.865590	-0.040372
1.865667	-0.040498
1.865742	-0.040623
1.865817	-0.040747
1.865891	-0.040870
1.865964	-0.040992
1.866036	-0.041113
1.866108	-0.041232
1.866178	-0.041351
1.866248	-0.041468
1.866317	-0.041585
1.866385	-0.041700
1.866452	-0.041814
1.866519	-0.041927
1.866585	-0.042039
1.866650	-0.042150
1.866714	-0.042260
1.866777	-0.042369
1.866840	-0.042477
1.866901	-0.042584
1.866962	-0.042690
1.867023	-0.042795
1.867082	-0.042898
1.867141	-0.043001
1.867199	-0.043103
1.867256	-0.043204
1.867313	-0.043304
1.867368	-0.043402
1.867424	-0.043500
1.867478	-0.043597
1.867531	-0.043693
1.867584	-0.043788
1.867636	-0.043882
1.867688	-0.043975
1.867739	-0.044067
1.867789	-0.044158
1.867838	-0.044249
1.867887	-0.044338
1.867935	-0.044426
1.867982	-0.044514
1.868029	-0.044601
1.868074	-0.044686
1.868120	-0.044771
1.868164	-0.044855
1.868208	-0.044938
1.868251	-0.045020
1.868294	-0.045101
1.868336	-0.045182
1.868377	-0.045261
1.868418	-0.045340
1.868458	-0.045418
1.868497	-0.045495
1.868536	-0.045571
1.868574	-0.045646
1.868612	-0.045720
1.868649	-0.045794
1.868685	-0.045867
1.868721	-0.045939
1.868756	-0.046010
1.868790	-0.046080
1.868824	-0.046150
1.868857	-0.046218
1.868890	-0.046286
1.868922	-0.046353
1.868953	-0.046420
1.868984	-0.046485
1.869015	-0.046550
1.869044	-0.046614
1.869073	-0.046677
1.869102	-0.046740
1.869130	-0.046801
1.869158	-0.046862
1.869184	-0.046922
1.869211	-0.046982
1.869237	-0.047040
1.869262	-0.047098
1.869287	-0.047156
1.869311	-0.047212
1.869334	-0.047268
1.869357	-0.047323
1.869380	-0.047377
1.869402	-0.047431
1.869423	-0.047484
1.869444	-0.047536
1.869465	-0.047587
1.869485	-0.047638
1.869504	-0.047688
1.869523	-0.047738
1.869542	-0.047787
1.869560	-0.047835
1.869577	-0.047882
1.869594	-0.047929
1.869610	-0.047975
1.869626	-0.048020
1.869642	-0.048065
1.869657	-0.048109
1.869671	-0.048152
1.869685	-0.048195
1.869699	-0.048237
1.869712	-0.048279
1.869724	-0.048319
1.869736	-0.048360
1.869748	-0.048399
1.869759	-0.048438
1.869770	-0.048477
1.869780	-0.048514
1.869790	-0.048551
1.869800	-0.048588
1.869809	-0.048624
1.869817	-0.048659
1.869825	-0.048694
1.869833	-0.048728
1.869840	-0.048761
1.869847	-0.048794
1.869853	-0.048827
1.869859	-0.048858
1.869864	-0.048890
1.869869	-0.048920
1.869874	-0.048950
1.869878	-0.048980
1.869882	-0.049009
1.869885	-0.049037
1.869888	-0.049065
1.869891	-0.049092
1.869893	-0.049119
1.869895	-0.049145
1.869896	-0.049170
1.869897	-0.049195
1.869898	-0.049220
1.869898	-0.049244
1.869898	-0.049267
1.869897	-0.049290
1.869896	-0.049313
1.869895	-0.049334
1.869893	-0.049356
1.869891	-0.049377
1.869889	-0.049397
1.869886	-0.049417
1.869883	-0.049436
1.869879	-0.049455
1.869875	-0.049473
1.869871	-0.049491
1.869866	-0.049508
1.869861	-0.049525
1.869856	-0.049542
1.869850	-0.049557
1.869844	-0.049573
1.869838	-0.049588
1.869831	-0.049602
1.869824	-0.049616
1.869817	-0.049630
1.869809	-0.049643
1.869801	-0.049655
1.869792	-0.049667
1.869784	-0.049679
1.869774	-0.049690
1.869765	-0.049701
1.869755	-0.049711
1.869745	-0.049721
1.869735	-0.049730
1.869724	-0.049739
1.869713	-0.049748
1.869702	-0.049756
1.869690	-0.049763
1.869678	-0.049771
1.869666	-0.049777
1.869653	-0.049784
1.869640	-0.049790
1.869627	-0.049795
1.869614	-0.049800
1.869600	-0.049805
1.869586	-0.049809
1.869571	-0.049813
1.869557	-0.049817
1.869542	-0.049820
1.869527	-0.049822
1.869511	-0.049825
1.869495	-0.049827
1.869479	-0.049828
1.869463	-0.049829
1.869446	-0.049830
1.869429	-0.049830
1.869412	-0.049830
1.869394	-0.049830
1.869377	-0.049829
1.869359	-0.049827
1.869340	-0.049826
1.869322	-0.049824
1.869303	-0.049822
1.869284	-0.049819
1.869265	-0.049816
1.869245	-0.049812
1.869225	-0.049809
1.869205	-0.049804
1.869185	-0.049800
1.869164	-0.049795
1.869143	-0.049790
1.869122	-0.049784
1.869101	-0.049778
1.869079	-0.049772
1.869057	-0.049766
1.869035	-0.049759
1.869013	-0.049751
1.868990	-0.049744
1.868967	-0.049736
1.868944	-0.049728
1.868921	-0.049719
1.868898	-0.049710
1.868874	-0.049701
1.868850	-0.049691
1.868826	-0.049681
1.868801	-0.049671
1.868777	-0.049661
1.868752	-0.049650
1.868727	-0.049639
1.868702	-0.049627
1.868676	-0.049615
1.868650	-0.049603
1.868625	-0.049591
1.868598	-0.049578
1.868572	-0.049565
1.868545	-0.049552
1.868519	-0.049538
1.868492	-0.049524
1.868465	-0.049510
1.868437	-0.049496
1.868410	-0.049481
1.868382	-0.049466
1.868354	-0.049451
1.868326	-0.049435
1.868297	-0.049419
1.868269	-0.049403
1.868240	-0.049387
1.868211	-0.049370
1.868182	-0.049353
1.868153	-0.049336
1.868123	-0.049318
1.868093	-0.049300
1.868063	-0.049282
1.868033	-0.049264
1.868003	-0.049245
1.867973	-0.049226
1.867942	-0.049207
1.867911	-0.049188
1.867880	-0.049168
1.867849	-0.049149
1.867818	-0.049128
1.867786	-0.049108
1.867755	-0.049087
1.867723	-0.049067
1.867691	-0.049045
1.867659	-0.049024
1.867627	-0.049002
1.867594	-0.048981
1.867561	-0.048959
1.867529	-0.048936
1.867496	-0.048914
1.867463	-0.048891
1.867429	-0.048868
1.867396	-0.048845
1.867362	-0.048821
1.867328	-0.048797
1.867295	-0.048773
1.867261	-0.048749
1.867226	-0.048725
1.867192	-0.048700
1.867157	-0.048676
1.867123	-0.048651
1.867088	-0.048625
1.867053	-0.048600
1.867018	-0.048574
1.866983	-0.048548
1.866947	-0.048522
1.866912	-0.048496
1.866876	-0.048469
1.866840	-0.048443
1.866805	-0.048416
1.866768	-0.048389
1.866732	-0.048361
1.866696	-0.048334
1.866660	-0.048306
1.866623	-0.048278
1.866586	-0.048250
1.866549	-0.048222
1.866512	-0.048193
1.866475	-0.048165
1.866438	-0.048136
1.866401	-0.048107
1.866363	-0.048077
1.866326	-0.048048
1.866288	-0.048018
1.866250	-0.047988
1.866212	-0.047958
1.866174	-0.047928
1.866136	-0.047898
1.866098	-0.047867
1.866059	-0.047837
1.866021	-0.047806
1.865982	-0.047775
1.865943	-0.047744
1.865904	-0.047712
1.865865	-0.047681
1.865826	-0.047649
1.865787	-0.047617
1.865748	-0.047585
1.865708	-0.047553
1.865669	-0.047520
1.865629	-0.047488
1.865589	-0.047455
1.865550	-0.047422
1.865510	-0.047389
1.865470	-0.047356
1.865429	-0.047323
1.865389	-0.047289
1.865349	-0.047256
1.865308	-0.047222
1.865268	-0.047188
1.865227	-0.047154
1.865187	-0.047119
1.865146	-0.047085
1.865105	-0.047051
1.865064	-0.047016
1.865023	-0.046981
1.864982	-0.046946
1.864940	-0.046911
1.864899	-0.046876
1.864858	-0.046840
1.864816	-0.046805
1.864774	-0.046769
1.864733	-0.046733
1.864691	-0.046697
1.864649	-0.046661
1.864607	-0.046625
1.864565	-0.046589
1.864523	-0.046552
1.864481	-0.046516
1.864439	-0.046479
1.864396	-0.046442
1.864354	-0.046405
1.864311	-0.046368
1.864269	-0.046331
1.864226	-0.046293
1.864183	-0.046256
1.864141	-0.046218
1.864098	-0.046181
1.864055	-0.046143
1.864012	-0.046105
1.863969	-0.046067
1.863925	-0.046029
1.863882	-0.045990
1.863839	-0.045952
1.863796	-0.045914
1.863752	-0.045875
1.863709	-0.045836
1.863665	-0.045797
1.863622	-0.045758
1.863578	-0.045719
1.863534	-0.045680
1.863490	-0.045641
1.863446	-0.045601
1.863402	-0.045562
1.863358	-0.045522
1.863314	-0.045483
1.863270	-0.045443
1.863226	-0.045403
1.863182	-0.045363
1.863138	-0.045323
1.863093	-0.045283
1.863049	-0.045242
1.863004	-0.045202
1.862960	-0.045162
1.862915	-0.045121
1.862871	-0.045080
1.862826	-0.045040
1.862781	-0.044999
1.862737	-0.044958
1.862692	-0.044917
1.862647	-0.044876
1.862602	-0.044834
1.862557	-0.044793
1.862512	-0.044752
1.862467	-0.044710
1.862422	-0.044669
1.862377	-0.044627
1.862332	-0.044585
1.862286	-0.044544
1.862241	-0.044502
1.862196	-0.044460
1.862150	-0.044418
1.862105	-0.044376
1.862060	-0.044333
1.862014	-0.044291
1.861969	-0.044249
1.861923	-0.044206
1.861877	-0.044164
1.861832	-0.044121
1.861786	-0.044079
1.861740	-0.044036
1.861695	-0.043993
1.861649	-0.043950
1.861603	-0.043907
1.861557	-0.043864
1.861511	-0.043821
1.861465	-0.043778
1.861419	-0.043735
1.861373	-0.043692
1.861327	-0.043648
1.861281	-0.043605
1.861235	-0.043561
1.861189	-0.043518
1.861143	-0.043474
1.861097	-0.043431
1.861050	-0.043387
1.861004	-0.043343
1.860958	-0.043299
1.860912	-0.043255
1.860865	-0.043211
1.860819	-0.043167
1.860773	-0.043123
1.860726	-0.043079
1.860680	-0.043035
1.860633	-0.042991
1.860587	-0.042946
1.860540	-0.042902
1.860494	-0.042858
1.860447	-0.042813
1.860401	-0.042769
1.860354	-0.042724
1.860308	-0.042679
1.860261	-0.042635
1.860214	-0.042590
1.860168	-0.042545
1.860121	-0.042500
1.860074	-0.042456
1.860028	-0.042411
1.859981	-0.042366
1.859934	-0.042321
1.859887	-0.042276
1.859840	-0.042231
1.859794	-0.042186
1.859747	-0.042140
1.859700	-0.042095
1.859653	-0.042050
1.859606	-0.042005
1.859559	-0.041959
1.859513	-0.041914
1.859466	-0.041868
1.859419	-0.041823
1.859372	-0.041778
1.859325	-0.041732
1.859278	-0.041686
1.859231	-0.041641
1.859184	-0.041595
1.859137	-0.041549
1.859090	-0.041504
1.859043	-0.041458
1.858996	-0.041412
1.858949	-0.041366
1.858902	-0.041321
1.858855	-0.041275
1.858808	-0.041229
1.858761	-0.041183
1.858714	-0.041137
1.858667	-0.041091
1.858620	-0.041045
1.858573	-0.040999
1.858526	-0.040953
1.858478	-0.040907
1.858431	-0.040860
1.858384	-0.040814
1.858337	-0.040768
1.858290	-0.040722
1.858243	-0.040676
1.858196	-0.040629
1.858149	-0.040583
1.858102	-0.040537
1.858055	-0.040490
1.858008	-0.040444
1.857960	-0.040398
1.857913	-0.040351
1.857866	-0.040305
1.857819	-0.040258
1.857772	-0.040212
1.857725	-0.040165
1.857678	-0.040119
1.857631	-0.040072
1.857584	-0.040026
1.857537	-0.039979
1.857490	-0.039932
1.857443	-0.039886
1.857395	-0.039839
1.857348	-0.039793
1.857301	-0.039746
1.857254	-0.039699
1.857207	-0.039653
1.857160	-0.039606
1.857113	-0.039559
1.857066	-0.039512
1.857019	-0.039466
1.856972	-0.039419
1.856925	-0.039372
1.856878	-0.039325
1.856831	-0.039278
1.856784	-0.039232
1.856737	-0.039185
1.856690	-0.039138
1.856643	-0.039091
1.856596	-0.039044
1.856549	-0.038997
1.856502	-0.038951
1.856455	-0.038904
1.856408	-0.038857
1.856362	-0.038810
1.856315	-0.038763
1.856268	-0.038716
1.856221	-0.038669
1.856174	-0.038622
1.856127	-0.038575
1.856080	-0.038528
1.856034	-0.038482
1.855987	-0.038435
1.855940	-0.038388
1.855893	-0.038341
1.855846	-0.038294
1.855800	-0.038247
1.855753	-0.038200
1.855706	-0.038153
1.855659	-0.038106
1.855613	-0.038059
1.855566	-0.038012
1.855519	-0.037965
1.855473	-0.037918
1.855426	-0.037871
1.855380	-0.037824
1.855333	-0.037777
1.855286	-0.037730
1.855240	-0.037683
1.855193	-0.037636
1.855147	-0.037589
1.855100	-0.037542
1.855054	-0.037496
1.855007	-0.037449
1.854961	-0.037402
1.854914	-0.037355
1.854868	-0.037308
1.854822	-0.037261
1.854775	-0.037214
1.854729	-0.037167
1.854682	-0.037120
1.854636	-0.037073
1.854590	-0.037026
1.854544	-0.036979
1.854497	-0.036932
1.854451	-0.036886
1.854405	-0.036839
1.854359	-0.036792
1.854313	-0.036745
1.854266	-0.036698
1.854220	-0.036651
1.854174	-0.036604
1.854128	-0.036558
1.854082	-0.036511
1.854036	-0.036464
1.853990	-0.036417
1.853944	-0.036370
1.853898	-0.036324
1.853852	-0.036277
1.853806	-0.036230
1.853760	-0.036183
1.853714	-0.036137
1.853669	-0.036090
1.853623	-0.036043
1.853577	-0.035996
1.853531	-0.035950
1.853485	-0.035903
1.853440	-0.035856
1.853394	-0.035810
1.853348	-0.035763
1.853303	-0.035717
1.853257	-0.035670
1.853211	-0.035623
1.853166	-0.035577
1.853120	-0.035530
1.853075	-0.035484
1.853029	-0.035437
1.852984	-0.035391
1.852939	-0.035344
1.852893	-0.035298
1.852848	-0.035251
1.852802	-0.035205
1.852757	-0.035158
1.852712	-0.035112
1.852667	-0.035066
1.852621	-0.035019
1.852576	-0.034973
1.852531	-0.034927
1.852486	-0.034880
1.852441	-0.034834
1.852396	-0.034788
1.852351	-0.034741
1.852306	-0.034695
1.852261	-0.034649
1.852216	-0.034603
1.852171	-0.034556
1.852126	-0.034510
1.852081	-0.034464
1.852036	-0.034418
1.851991	-0.034372
1.851946	-0.034326
1.851902	-0.034280
1.851857	-0.034234
1.851812	-0.034188
1.851768	-0.034142
1.851723	-0.034096
1.851678	-0.034050
1.851634	-0.034004
1.851589	-0.033958
1.851545	-0.033912
1.851500	-0.033866
1.851456	-0.033820
1.851412	-0.033775
1.851367	-0.033729
1.851323	-0.033683
1.851279	-0.033637
1.851234	-0.033592
1.851190	-0.033546
1.851146	-0.033500
1.851102	-0.033455
1.851058	-0.033409
1.851014	-0.033364
1.850970	-0.033318
1.850926	-0.033272
1.850882	-0.033227
1.850838	-0.033181
1.850794	-0.033136
1.850750	-0.033091
1.850706	-0.033045
1.850662	-0.033000
1.850618	-0.032954
1.850575	-0.032909
1.850531	-0.032864
1.850487	-0.032819
1.850444	-0.032773
1.850400	-0.032728
1.850356	-0.032683
1.850313	-0.032638
1.850269	-0.032593
1.850226	-0.032548
1.850183	-0.032502
1.850139	-0.032457
1.850096	-0.032412
1.850052	-0.032367
1.850009	-0.032323
1.849966	-0.032278
1.849923	-0.032233
1.849880	-0.032188
1.849836	-0.032143
1.849793	-0.032098
1.849750	-0.032053
1.849707	-0.032009
1.849664	-0.031964
1.849621	-0.031919
1.849578	-0.031875
1.849536	-0.031830
1.849493	-0.031785
1.849450	-0.031741
1.849407	-0.031696
1.849364	-0.031652
1.849322	-0.031607
1.849279	-0.031563
1.849237	-0.031519
1.849194	-0.031474
1.849151	-0.031430
1.849109	-0.031386
1.849067	-0.031341
1.849024	-0.031297
1.848982	-0.031253
1.848939	-0.031209
1.848897	-0.031165
1.848855	-0.031121
1.848813	-0.031077
1.848770	-0.031032
1.848728	-0.030988
1.848686	-0.030945
1.848644	-0.030901
1.848602	-0.030857
1.848560	-0.030813
1.848518	-0.030769
1.848476	-0.030725
1.848434	-0.030681
1.848393	-0.030638
1.848351	-0.030594
1.848309	-0.030550
1.848267	-0.030507
1.848226	-0.030463
1.848184	-0.030420
1.848143	-0.030376
1.848101	-0.030333
1.848060	-0.030289
1.848018	-0.030246
1.847977	-0.030202
1.847935	-0.030159
1.847894	-0.030116
1.847853	-0.030073
1.847811	-0.030029
1.847770	-0.029986
1.847729	-0.029943
1.847688	-0.029900
1.847647	-0.029857
1.847606	-0.029814
1.847565	-0.029771
1.847524	-0.029728
1.847483	-0.029685
1.847442	-0.029642
1.847401	-0.029599
1.847360	-0.029556
1.847320	-0.029513
1.847279	-0.029471
1.847238	-0.029428
1.847198	-0.029385
1.847157	-0.029343
1.847116	-0.029300
1.847076	-0.029258
1.847035	-0.029215
1.846995	-0.029173
1.846955	-0.029130
1.846914	-0.029088
1.846874	-0.029045
1.846834	-0.029003
1.846794	-0.028961
1.846753	-0.028918
1.846713	-0.028876
1.846673	-0.028834
1.846633	-0.028792
1.846593	-0.028750
1.846553	-0.028708
1.846513	-0.028666
1.846473	-0.028624
1.846433	-0.028582
1.846394	-0.028540
1.846354	-0.028498
1.846314	-0.028456
1.846275	-0.028415
1.846235	-0.028373
1.846195	-0.028331
1.846156	-0.028289
1.846116	-0.028248
1.846077	-0.028206
1.846038	-0.028165
1.845998	-0.028123
1.845959	-0.028082
1.845920	-0.028040
1.845880	-0.027999
1.845841	-0.027958
1.845802	-0.027916
1.845763	-0.027875
1.845724	-0.027834
1.845685	-0.027793
1.845646	-0.027752
1.845607	-0.027710
1.845568	-0.027669
1.845529	-0.027628
1.845490	-0.027587
1.845452	-0.027546
1.845413	-0.027506
1.845374	-0.027465
1.845336	-0.027424
1.845297	-0.027383
1.845258	-0.027342
1.845220	-0.027302
1.845182	-0.027261
1.845143	-0.027220
1.845105	-0.027180
1.845066	-0.027139
1.845028	-0.027099
1.844990	-0.027058
1.844952	-0.027018
1.844914	-0.026978
1.844876	-0.026937
1.844837	-0.026897
1.844799	-0.026857
1.844761	-0.026817
1.844724	-0.026777
1.844686	-0.026736
1.844648	-0.026696
1.844610	-0.026656
1.844572	-0.026616
1.844535	-0.026576
1.844497	-0.026537
1.844459	-0.026497
1.844422	-0.026457
1.844384	-0.026417
1.844347	-0.026377
1.844309	-0.026338
1.844272	-0.026298
1.844234	-0.026259
1.844197	-0.026219
1.844160	-0.026179
1.844123	-0.026140
1.844086	-0.026101
1.844048	-0.026061
1.844011	-0.026022
1.843974	-0.025983
1.843937	-0.025943
1.843900	-0.025904
1.843863	-0.025865
1.843826	-0.025826
1.843790	-0.025787
1.843753	-0.025748
1.843716	-0.025709
1.843679	-0.025670
1.843643	-0.025631
1.843606	-0.025592
1.843570	-0.025553
1.843533	-0.025514
1.843497	-0.025476
1.843460	-0.025437
1.843424	-0.025398
1.843388	-0.025360
1.843351	-0.025321
1.843315	-0.025283
1.843279	-0.025244
1.843243	-0.025206
1.843206	-0.025167
1.843170	-0.025129
1.843134	-0.025091
1.843098	-0.025052
1.843062	-0.025014
1.843027	-0.024976
1.842991	-0.024938
1.842955	-0.024900
1.842919	-0.024862
1.842883	-0.024824
1.842848	-0.024786
1.842812	-0.024748
1.842777	-0.024710
1.842741	-0.024672
1.842706	-0.024634
1.842670	-0.024597
1.842635	-0.024559
1.842599	-0.024521
1.842564	-0.024484
1.842529	-0.024446
1.842493	-0.024409
1.842458	-0.024371
1.842423	-0.024334
1.842388	-0.024296
1.842353	-0.024259
1.842318	-0.024222
1.842283	-0.024184
1.842248	-0.024147
1.842213	-0.024110
1.842178	-0.024073
1.842144	-0.024036
1.842109	-0.023999
1.842074	-0.023962
1.842040	-0.023925
1.842005	-0.023888
1.841970	-0.023851
1.841936	-0.023814
1.841901	-0.023778
1.841867	-0.023741
1.841832	-0.023704
1.841798	-0.023668
1.841764	-0.023631
1.841730	-0.023594
1.841695	-0.023558
1.841661	-0.023521
1.841627	-0.023485
1.841593	-0.023449
1.841559	-0.023412
1.841525	-0.023376
1.841491	-0.023340
1.841457	-0.023304
1.841423	-0.023267
1.841389	-0.023231
1.841356	-0.023195
1.841322	-0.023159
1.841288	-0.023123
1.841255	-0.023087
1.841221	-0.023051
1.841187	-0.023016
1.841154	-0.022980
1.841120	-0.022944
1.841087	-0.022908
1.841054	-0.022873
1.841020	-0.022837
1.840987	-0.022801
1.840954	-0.022766
1.840921	-0.022730
1.840887	-0.022695
1.840854	-0.022660
1.840821	-0.022624
1.840788	-0.022589
1.840755	-0.022554
1.840722	-0.022518
1.840689	-0.022483
1.840657	-0.022448
1.840624	-0.022413
1.840591	-0.022378
1.840558	-0.022343
1.840526	-0.022308
1.840493	-0.022273
1.840460	-0.022238
1.840428	-0.022203
1.840395	-0.022169
1.840363	-0.022134
1.840330	-0.022099
1.840298	-0.022065
1.840266	-0.022030
1.840233	-0.021995
1.840201	-0.021961
1.840169	-0.021926
1.840137	-0.021892
1.840105	-0.021858
1.840073	-0.021823
1.840041	-0.021789
1.840009	-0.021755
1.839977	-0.021720
1.839945	-0.021686
1.839913	-0.021652
1.839881	-0.021618
1.839849	-0.021584
1.839818	-0.021550
1.839786	-0.021516
1.839754	-0.021482
1.839723	-0.021448
1.839691	-0.021415
1.839660	-0.021381
1.839628	-0.021347
1.839597	-0.021313
1.839565	-0.021280
1.839534	-0.021246
1.839503	-0.021213
1.839472	-0.021179
1.839440	-0.021146
1.839409	-0.021112
1.839378	-0.021079
1.839347	-0.021045
1.839316	-0.021012
1.839285	-0.020979
1.839254	-0.020946
1.839223	-0.020913
1.839192	-0.020879
1.839161	-0.020846
1.839131	-0.020813
1.839100	-0.020780
1.839069	-0.020747
1.839039	-0.020714
1.839008	-0.020682
1.838977	-0.020649
1.838947	-0.020616
1.838916	-0.020583
1.838886	-0.020551
1.838856	-0.020518
1.838825	-0.020485
1.838795	-0.020453
1.838765	-0.020420
1.838734	-0.020388
1.838704	-0.020355
1.838674	-0.020323
1.838644	-0.020291
1.838614	-0.020258
1.838584	-0.020226
1.838554	-0.020194
1.838524	-0.020162
1.838494	-0.020130
1.838464	-0.020098
1.838434	-0.020066
1.838405	-0.020034
1.838375	-0.020002
1.838345	-0.019970
1.838316	-0.019938
1.838286	-0.019906
1.838257	-0.019874
1.838227	-0.019843
1.838198	-0.019811
1.838168	-0.019779
1.838139	-0.019748
1.838109	-0.019716
1.838080	-0.019685
1.838051	-0.019653
1.838022	-0.019622
1.837992	-0.019590
1.837963	-0.019559
1.837934	-0.019528
1.837905	-0.019496
1.837876	-0.019465
1.837847	-0.019434
1.837818	-0.019403
1.837789	-0.019372
1.837760	-0.019341
1.837732	-0.019310
1.837703	-0.019279
1.837674	-0.019248
1.837645	-0.019217
1.837617	-0.019186
1.837588	-0.019155
1.837560	-0.019125
1.837531	-0.019094
1.837503	-0.019063
1.837474	-0.019033
1.837446	-0.019002
1.837417	-0.018972
1.837389	-0.018941
1.837361	-0.018911
1.837333	-0.018880
1.837304	-0.018850
1.837276	-0.018820
1.837248	-0.018789
1.837220	-0.018759
1.837192	-0.018729
1.837164	-0.018699
1.837136	-0.018669
1.837108	-0.018639
1.837080	-0.018609
1.837052	-0.018579
1.837025	-0.018549
1.836997	-0.018519
1.836969	-0.018489
1.836942	-0.018459
1.836914	-0.018429
1.836886	-0.018400
1.836859	-0.018370
1.836831	-0.018340
1.836804	-0.018311
1.836776	-0.018281
1.836749	-0.018252
1.836722	-0.018222
1.836694	-0.018193
1.836667	-0.018163
1.836640	-0.018134
1.836613	-0.018105
1.836585	-0.018075
1.836558	-0.018046
1.836531	-0.018017
1.836504	-0.017988
1.836477	-0.017959
1.836450	-0.017929
1.836423	-0.017900
1.836397	-0.017871
1.836370	-0.017843
1.836343	-0.017814
1.836316	-0.017785
1.836289	-0.017756
1.836263	-0.017727
1.836236	-0.017698
1.836210	-0.017670
1.836183	-0.017641
1.836156	-0.017612
1.836130	-0.017584
1.836104	-0.017555
1.836077	-0.017527
1.836051	-0.017498
1.836024	-0.017470
1.835998	-0.017442
1.835972	-0.017413
1.835946	-0.017385
1.835920	-0.017357
1.835893	-0.017329
1.835867	-0.017300
1.835841	-0.017272
1.835815	-0.017244
1.835789	-0.017216
1.835763	-0.017188
1.835737	-0.017160
1.835712	-0.017132
1.835686	-0.017104
1.835660	-0.017076
1.835634	-0.017049
1.835609	-0.017021
1.835583	-0.016993
1.835557	-0.016965
1.835532	-0.016938
1.835506	-0.016910
1.835481	-0.016883
1.835455	-0.016855
1.835430	-0.016828
1.835404	-0.016800
1.835379	-0.016773
1.835354	-0.016745
1.835328	-0.016718
1.835303	-0.016691
1.835278	-0.016664
1.835253	-0.016636
1.835227	-0.016609
1.835202	-0.016582
1.835177	-0.016555
1.835152	-0.016528
1.835127	-0.016501
1.835102	-0.016474
1.835077	-0.016447
1.835053	-0.016420
1.835028	-0.016393
1.835003	-0.016367
1.834978	-0.016340
1.834953	-0.016313
1.834929	-0.016286
1.834904	-0.016260
1.834880	-0.016233
1.834855	-0.016207
1.834830	-0.016180
1.834806	-0.016153
1.834781	-0.016127
1.834757	-0.016101
1.834733	-0.016074
1.834708	-0.016048
1.834684	-0.016022
1.834660	-0.015995
1.834635	-0.015969
1.834611	-0.015943
1.834587	-0.015917
1.834563	-0.015891
1.834539	-0.015865
1.834515	-0.015839
1.834491	-0.015813
1.834467	-0.015787
1.834443	-0.015761
1.834419	-0.015735
1.834395	-0.015709
1.834371	-0.015683
1.834347	-0.015657
1.834324	-0.015632
1.834300	-0.015606
1.834276	-0.015580
1.834253	-0.015555
1.834229	-0.015529
1.834205	-0.015504
1.834182	-0.015478
1.834158	-0.015453
1.834135	-0.015427
1.834111	-0.015402
1.834088	-0.015377
1.834065	-0.015351
1.834041	-0.015326
1.834018	-0.015301
1.833995	-0.015276
1.833972	-0.015250
1.833948	-0.015225
1.833925	-0.015200
1.833902	-0.015175
1.833879	-0.015150
1.833856	-0.015125
1.833833	-0.015100
1.833810	-0.015075
1.833787	-0.015051
1.833764	-0.015026
1.833741	-0.015001
1.833718	-0.014976
1.833696	-0.014952
1.833673	-0.014927
1.833650	-0.014902
1.833627	-0.014878
1.833605	-0.014853
1.833582	-0.014829
1.833559	-0.014804
1.833537	-0.014780
1.833514	-0.014755
1.833492	-0.014731
1.833469	-0.014707
1.833447	-0.014682
1.833425	-0.014658
1.833402	-0.014634
1.833380	-0.014610
1.833358	-0.014585
1.833335	-0.014561
1.833313	-0.014537
1.833291	-0.014513
1.833269	-0.014489
1.833247	-0.014465
1.833225	-0.014441
1.833203	-0.014417
1.833181	-0.014394
1.833159	-0.014370
1.833137	-0.014346
1.833115	-0.014322
1.833093	-0.014298
1.833071	-0.014275
1.833049	-0.014251
1.833028	-0.014228
1.833006	-0.014204
1.832984	-0.014180
1.832962	-0.014157
1.832941	-0.014134
1.832919	-0.014110
1.832898	-0.014087
1.832876	-0.014063
1.832855	-0.014040
1.832833	-0.014017
1.832812	-0.013994
1.832790	-0.013970
1.832769	-0.013947
1.832748	-0.013924
1.832726	-0.013901
1.832705	-0.013878
1.832684	-0.013855
1.832663	-0.013832
1.832642	-0.013809
1.832620	-0.013786
1.832599	-0.013763
1.832578	-0.013740
1.832557	-0.013717
1.832536	-0.013695
1.832515	-0.013672
1.832494	-0.013649
1.832473	-0.013626
1.832453	-0.013604
1.832432	-0.013581
1.832411	-0.013559
1.832390	-0.013536
1.832369	-0.013513
1.832349	-0.013491
1.832328	-0.013469
1.832307	-0.013446
1.832287	-0.013424
1.832266	-0.013401
1.832246	-0.013379
1.832225	-0.013357
1.832205	-0.013335
1.832184	-0.013312
1.832164	-0.013290
1.832143	-0.013268
1.832123	-0.013246
1.832103	-0.013224
1.832082	-0.013202
1.832062	-0.013180
1.832042	-0.013158
1.832022	-0.013136
1.832002	-0.013114
1.831982	-0.013092
1.831961	-0.013071
1.831941	-0.013049
1.831921	-0.013027
1.831901	-0.013005
1.831881	-0.012984
1.831861	-0.012962
1.831842	-0.012940
1.831822	-0.012919
1.831802	-0.012897
1.831782	-0.012876
1.831762	-0.012854
1.831742	-0.012833
1.831723	-0.012811
1.831703	-0.012790
1.831683	-0.012769
1.831664	-0.012747
1.831644	-0.012726
1.831625	-0.012705
1.831605	-0.012684
1.831586	-0.012662
1.831566	-0.012641
1.831547	-0.012620
1.831527	-0.012599
1.831508	-0.012578
1.831489	-0.012557
1.831469	-0.012536
1.831450	-0.012515
1.831431	-0.012494
1.831412	-0.012473
1.831392	-0.012452
1.831373	-0.012431
1.831354	-0.012411
1.831335	-0.012390
1.831316	-0.012369
1.831297	-0.012349
1.831278	-0.012328
1.831259	-0.012307
1.831240	-0.012287
1.831221	-0.012266
1.831202	-0.012246
1.831183	-0.012225
1.831164	-0.012205
1.831146	-0.012184
1.831127	-0.012164
1.831108	-0.012143
1.831089	-0.012123
1.831071	-0.012103
1.831052	-0.012082
1.831033	-0.012062
1.831015	-0.012042
1.830996	-0.012022
1.830978	-0.012002
1.830959	-0.011982
1.830941	-0.011961
1.830922	-0.011941
1.830904	-0.011921
1.830886	-0.011901
1.830867	-0.011881
1.830849	-0.011862
1.830831	-0.011842
1.830812	-0.011822
1.830794	-0.011802
1.830776	-0.011782
1.830758	-0.011762
1.830740	-0.011743
1.830722	-0.011723
1.830703	-0.011703
1.830685	-0.011684
1.830667	-0.011664
1.830649	-0.011644
1.830631	-0.011625
1.830613	-0.011605
1.830596	-0.011586
1.830578	-0.011566
1.830560	-0.011547
1.830542	-0.011528
1.830524	-0.011508
1.830506	-0.011489
1.830489	-0.011470
1.830471	-0.011450
1.830453	-0.011431
1.830436	-0.011412
1.830418	-0.011393
1.830400	-0.011374
1.830383	-0.011354
1.830365	-0.011335
1.830348	-0.011316
1.830330	-0.011297
1.830313	-0.011278
1.830295	-0.011259
1.830278	-0.011240
1.830261	-0.011221
1.830243	-0.011203
1.830226	-0.011184
1.830209	-0.011165
1.830191	-0.011146
1.830174	-0.011127
1.830157	-0.011109
1.830140	-0.011090
1.830123	-0.011071
1.830105	-0.011053
1.830088	-0.011034
1.830071	-0.011015
1.830054	-0.010997
1.830037	-0.010978
1.830020	-0.010960
1.830003	-0.010941
1.829986	-0.010923
1.829969	-0.010905
1.829953	-0.010886
1.829936	-0.010868
1.829919	-0.010850
1.829902	-0.010831
1.829885	-0.010813
1.829869	-0.010795
1.829852	-0.010777
1.829835	-0.010758
1.829819	-0.010740
1.829802	-0.010722
1.829785	-0.010704
1.829769	-0.010686
1.829752	-0.010668
1.829736	-0.010650
1.829719	-0.010632
1.829703	-0.010614
1.829686	-0.010596
1.829670	-0.010578
1.829654	-0.010561
1.829637	-0.010543
1.829621	-0.010525
1.829605	-0.010507
1.829588	-0.010489
1.829572	-0.010472
1.829556	-0.010454
1.829540	-0.010436
1.829523	-0.010419
1.829507	-0.010401
1.829491	-0.010384
1.829475	-0.010366
1.829459	-0.010349
1.829443	-0.010331
1.829427	-0.010314
1.829411	-0.010296
1.829395	-0.010279
1.829379	-0.010261
1.829363	-0.010244
1.829347	-0.010227
1.829331	-0.010210
1.829315	-0.010192
1.829300	-0.010175
1.829284	-0.010158
1.829268	-0.010141
1.829252	-0.010124
1.829237	-0.010106
1.829221	-0.010089
1.829205	0.048948
