# Sandbox Data | Context: 101 | Index: 1 | Label: Sim {/:Italic {/Symbol {/:Italic s}}}_{3} = sigc-50 kPa
# Column_1: X_Axis	Column_2: Y_Axis
0.026156	0.855302
0.052010	0.859457
0.077564	0.863432
0.102819	0.867226
0.127776	0.870834
0.152438	0.874254
0.176805	0.877484
0.200879	0.880520
0.224664	0.883362
0.248159	0.886008
0.271369	0.888456
0.294295	0.890707
0.316938	0.892759
0.339303	0.894612
0.361391	0.896267
0.383204	0.897723
0.404745	0.898981
0.426018	0.900042
0.447023	0.900907
0.467764	0.901576
0.488244	0.902052
0.508466	0.902336
0.528431	0.902430
0.548144	0.902334
0.567606	0.902052
0.586820	0.901586
0.605790	0.900937
0.624518	0.900109
0.643006	0.899103
0.661258	0.897922
0.679276	0.896569
0.697064	0.895047
0.714623	0.893358
0.731957	0.891506
0.749069	0.889493
0.765960	0.887323
0.782635	0.884997
0.799095	0.882521
0.815343	0.879896
0.831382	0.877126
0.847215	0.874213
0.862844	0.871162
0.878273	0.867976
0.893502	0.864657
0.908536	0.861209
0.923376	0.857636
0.938025	0.853940
0.952486	0.850125
0.966762	0.846193
0.980853	0.842149
0.994764	0.837995
1.008496	0.833735
1.022052	0.829372
1.035434	0.824908
1.048645	0.820349
1.061686	0.815695
1.074560	0.810950
1.087270	0.806118
1.099817	0.801200
1.112204	0.796200
1.124432	0.791123
1.136505	0.785972
1.148423	0.780747
1.160190	0.775453
1.171807	0.770091
1.183277	0.764669
1.194601	0.759183
1.205781	0.753637
1.216819	0.748035
1.227718	0.742380
1.238478	0.736673
1.249103	0.730918
1.259593	0.725117
1.269951	0.719273
1.280178	0.713388
1.290277	0.707463
1.300249	0.701503
1.310095	0.695508
1.319818	0.689481
1.329419	0.683424
1.338900	0.677340
1.348262	0.671230
1.357507	0.665096
1.366637	0.658941
1.375654	0.652766
1.384557	0.646574
1.393351	0.640365
1.402035	0.634142
1.410611	0.627908
1.419081	0.621662
1.427446	0.615408
1.435708	0.609146
1.443868	0.602879
1.451928	0.596607
1.459888	0.590333
1.467750	0.584058
1.475516	0.577783
1.483187	0.571510
1.490763	0.565239
1.498247	0.558973
1.505640	0.552713
1.512942	0.546459
1.520155	0.540214
1.527281	0.533977
1.534320	0.527751
1.541274	0.521537
1.548143	0.515334
1.554929	0.509146
1.561633	0.502971
1.568257	0.496812
1.574800	0.490670
1.581265	0.484545
1.587652	0.478437
1.593962	0.472349
1.600196	0.466280
1.606356	0.460232
1.612443	0.454205
1.618456	0.448200
1.624398	0.442217
1.630269	0.436258
1.636070	0.430323
1.641803	0.424412
1.647467	0.418526
1.653064	0.412666
1.658595	0.406831
1.664061	0.401024
1.669462	0.395244
1.674800	0.389491
1.680074	0.383766
1.685287	0.378070
1.690439	0.372403
1.695530	0.366764
1.700561	0.361156
1.705534	0.355577
1.710449	0.350029
1.715306	0.344511
1.720107	0.339024
1.724852	0.333568
1.729542	0.328143
1.734177	0.322750
1.738759	0.317389
1.743288	0.312059
1.747764	0.306762
1.752189	0.301497
1.756563	0.296265
1.760886	0.291065
1.765160	0.285898
1.769384	0.280764
1.773561	0.275663
1.777689	0.270596
1.781770	0.265561
1.785805	0.260559
1.789793	0.255591
1.793736	0.250656
1.797634	0.245755
1.801488	0.240887
1.805298	0.236052
1.809064	0.231251
1.812788	0.226484
1.816470	0.221750
1.820110	0.217049
1.823710	0.212382
1.827268	0.207748
1.830787	0.203147
1.834265	0.198580
1.837705	0.194046
1.841106	0.189545
1.844469	0.185077
1.847794	0.180642
1.851082	0.176241
1.854333	0.171872
1.857548	0.167536
1.860727	0.163233
1.863871	0.158962
1.866979	0.154724
1.870053	0.150518
1.873093	0.146344
1.876099	0.142203
1.879071	0.138093
1.882011	0.134016
1.884918	0.129970
1.887793	0.125956
1.890636	0.121974
1.893447	0.118023
1.896228	0.114103
1.898978	0.110214
1.901697	0.106356
1.904387	0.102529
1.907047	0.098733
1.909678	0.094967
1.912280	0.091231
1.914853	0.087526
1.917398	0.083850
1.919916	0.080205
1.922405	0.076589
1.924868	0.073002
1.927303	0.069445
1.929712	0.065917
1.932094	0.062418
1.934451	0.058948
1.936781	0.055507
1.939087	0.052094
1.941367	0.048709
1.943622	0.045353
1.945853	0.042024
1.948060	0.038723
1.950242	0.035450
1.952401	0.032205
1.954536	0.028986
1.956648	0.025795
1.958737	0.022630
1.960804	0.019492
1.962848	0.016381
1.964870	0.013296
1.966870	0.010237
1.968848	0.007204
1.970805	0.004197
1.972741	0.001216
1.974655	-0.001740
1.976549	-0.004671
1.978423	-0.007576
1.980276	-0.010457
1.982109	-0.013313
1.983922	-0.016144
1.985716	-0.018951
1.987490	-0.021734
1.989245	-0.024493
1.990982	-0.027228
1.992699	-0.029939
1.994398	-0.032627
1.996078	-0.035291
1.997740	-0.037933
1.999384	-0.040551
2.001011	-0.043147
2.002620	-0.045720
2.004211	-0.048270
2.005785	-0.050798
2.007343	-0.053305
2.008883	-0.055789
2.010406	-0.058251
2.011914	-0.060692
2.013404	-0.063111
2.014879	-0.065509
2.016338	-0.067886
2.017781	-0.070243
2.019208	-0.072578
2.020620	-0.074892
2.022016	-0.077187
2.023397	-0.079461
2.024763	-0.081714
2.026115	-0.083948
2.027451	-0.086162
2.028774	-0.088357
2.030081	-0.090531
2.031375	-0.092687
2.032654	-0.094823
2.033919	-0.096940
2.035171	-0.099039
2.036409	-0.101118
2.037633	-0.103179
2.038844	-0.105222
2.040042	-0.107246
2.041227	-0.109252
2.042398	-0.111241
2.043557	-0.113211
2.044703	-0.115164
2.045836	-0.117099
2.046957	-0.119016
2.048066	-0.120916
2.049162	-0.122800
2.050246	-0.124666
2.051318	-0.126515
2.052379	-0.128348
2.053427	-0.130164
2.054464	-0.131963
2.055489	-0.133746
2.056503	-0.135513
2.057506	-0.137264
2.058497	-0.138999
2.059478	-0.140719
2.060447	-0.142422
2.061406	-0.144110
2.062354	-0.145783
2.063291	-0.147440
2.064217	-0.149082
2.065133	-0.150709
2.066039	-0.152321
2.066935	-0.153919
2.067820	-0.155501
2.068695	-0.157070
2.069561	-0.158623
2.070416	-0.160163
2.071262	-0.161688
2.072098	-0.163199
2.072924	-0.164696
2.073741	-0.166179
2.074549	-0.167648
2.075347	-0.169104
2.076136	-0.170547
2.076916	-0.171975
2.077686	-0.173391
2.078448	-0.174793
2.079201	-0.176183
2.079945	-0.177559
2.080680	-0.178923
2.081407	-0.180273
2.082125	-0.181611
2.082835	-0.182937
2.083536	-0.184250
2.084229	-0.185550
2.084914	-0.186839
2.085590	-0.188115
2.086259	-0.189379
2.086919	-0.190631
2.087572	-0.191871
2.088216	-0.193100
2.088853	-0.194317
2.089482	-0.195522
2.090103	-0.196716
2.090717	-0.197898
2.091323	-0.199069
2.091922	-0.200229
2.092513	-0.201378
2.093097	-0.202516
2.093674	-0.203642
2.094243	-0.204758
2.094806	-0.205863
2.095361	-0.206958
2.095909	-0.208042
2.096451	-0.209115
2.096985	-0.210178
2.097513	-0.211231
2.098034	-0.212273
2.098548	-0.213305
2.099055	-0.214327
2.099556	-0.215340
2.100051	-0.216342
2.100539	-0.217334
2.101020	-0.218317
2.101495	-0.219289
2.101964	-0.220253
2.102427	-0.221206
2.102883	-0.222151
2.103334	-0.223085
2.103778	-0.224011
2.104216	-0.224927
2.104648	-0.225834
2.105074	-0.226732
2.105495	-0.227621
2.105909	-0.228502
2.106318	-0.229373
2.106721	-0.230235
2.107118	-0.231089
2.107510	-0.231934
2.107896	-0.232770
2.108277	-0.233598
2.108652	-0.234417
2.109022	-0.235228
2.109386	-0.236031
2.109745	-0.236825
2.110099	-0.237612
2.110447	-0.238390
2.110790	-0.239160
2.111128	-0.239922
2.111461	-0.240676
2.111789	-0.241422
2.112111	-0.242160
2.112429	-0.242891
2.112742	-0.243614
2.113050	-0.244329
2.113353	-0.245036
2.113651	-0.245737
2.113944	-0.246429
2.114233	-0.247114
2.114517	-0.247792
2.114796	-0.248463
2.115070	-0.249126
2.115340	-0.249783
2.115606	-0.250432
2.115867	-0.251074
2.116123	-0.251709
2.116375	-0.252337
2.116622	-0.252958
2.116865	-0.253572
2.117104	-0.254180
2.117339	-0.254781
2.117569	-0.255375
2.117795	-0.255962
2.118017	-0.256543
2.118234	-0.257117
2.118448	-0.257685
2.118657	-0.258247
2.118862	-0.258802
2.119064	-0.259350
2.119261	-0.259893
2.119454	-0.260429
2.119644	-0.260959
2.119829	-0.261483
2.120011	-0.262000
2.120188	-0.262512
2.120362	-0.263018
2.120532	-0.263517
2.120699	-0.264011
2.120862	-0.264499
2.121021	-0.264981
2.121176	-0.265457
2.121328	-0.265928
2.121476	-0.266393
2.121620	-0.266852
2.121761	-0.267305
2.121899	-0.267753
2.122032	-0.268196
2.122163	-0.268633
2.122290	-0.269064
2.122414	-0.269491
2.122534	-0.269911
2.122651	-0.270327
2.122764	-0.270737
2.122875	-0.271142
2.122982	-0.271542
2.123085	-0.271936
2.123186	-0.272326
2.123283	-0.272710
2.123377	-0.273090
2.123468	-0.273464
2.123556	-0.273833
2.123641	-0.274198
2.123723	-0.274557
2.123802	-0.274912
2.123877	-0.275262
2.123950	-0.275607
2.124019	-0.275947
2.124086	-0.276283
2.124150	-0.276614
2.124211	-0.276940
2.124269	-0.277262
2.124324	-0.277579
2.124376	-0.277891
2.124426	-0.278199
2.124472	-0.278503
2.124516	-0.278802
2.124557	-0.279096
2.124595	-0.279387
2.124631	-0.279673
2.124664	-0.279954
2.124694	-0.280232
2.124722	-0.280505
2.124747	-0.280774
2.124769	-0.281038
2.124789	-0.281299
2.124806	-0.281555
2.124821	-0.281808
2.124833	-0.282056
2.124843	-0.282300
2.124850	-0.282540
2.124855	-0.282776
2.124857	-0.283009
2.124857	-0.283237
2.124854	-0.283461
2.124849	-0.283682
2.124842	-0.283899
2.124832	-0.284112
2.124820	-0.284321
2.124805	-0.284526
2.124788	-0.284728
2.124769	-0.284926
2.124748	-0.285120
2.124725	-0.285311
2.124699	-0.285498
2.124671	-0.285682
2.124641	-0.285862
2.124608	-0.286038
2.124574	-0.286211
2.124537	-0.286380
2.124498	-0.286546
2.124457	-0.286709
2.124414	-0.286868
2.124369	-0.287024
2.124321	-0.287176
2.124272	-0.287325
2.124221	-0.287471
2.124167	-0.287613
2.124112	-0.287752
2.124055	-0.287888
2.123995	-0.288021
2.123934	-0.288150
2.123871	-0.288276
2.123805	-0.288400
2.123738	-0.288520
2.123669	-0.288637
2.123598	-0.288750
2.123526	-0.288861
2.123451	-0.288969
2.123374	-0.289074
2.123296	-0.289175
2.123216	-0.289274
2.123134	-0.289370
2.123050	-0.289463
2.122965	-0.289553
2.122877	-0.289640
2.122788	-0.289724
2.122697	-0.289806
2.122605	-0.289884
2.122511	-0.289960
2.122415	-0.290033
2.122317	-0.290103
2.122218	-0.290171
2.122117	-0.290235
2.122014	-0.290298
2.121910	-0.290357
2.121804	-0.290414
2.121697	-0.290468
2.121588	-0.290519
2.121477	-0.290568
2.121365	-0.290614
2.121251	-0.290658
2.121136	-0.290699
2.121019	-0.290737
2.120901	-0.290773
2.120781	-0.290807
2.120659	-0.290838
2.120537	-0.290867
2.120412	-0.290893
2.120286	-0.290917
2.120159	-0.290938
2.120030	-0.290957
2.119900	-0.290973
2.119769	-0.290988
2.119636	-0.290999
2.119501	-0.291009
2.119365	-0.291016
2.119228	-0.291021
2.119090	-0.291024
2.118950	-0.291024
2.118809	-0.291022
2.118666	-0.291018
2.118522	-0.291012
2.118377	-0.291003
2.118230	-0.290993
2.118083	-0.290980
2.117933	-0.290965
2.117783	-0.290948
2.117631	-0.290929
2.117479	-0.290907
2.117324	-0.290884
2.117169	-0.290858
2.117012	-0.290831
2.116855	-0.290801
2.116696	-0.290770
2.116535	-0.290736
2.116374	-0.290700
2.116211	-0.290663
2.116047	-0.290623
2.115882	-0.290582
2.115716	-0.290538
2.115549	-0.290493
2.115381	-0.290446
2.115211	-0.290396
2.115041	-0.290345
2.114869	-0.290292
2.114696	-0.290237
2.114522	-0.290181
2.114347	-0.290122
2.114171	-0.290062
2.113994	-0.290000
2.113816	-0.289936
2.113637	-0.289870
2.113456	-0.289803
2.113275	-0.289734
2.113093	-0.289663
2.112909	-0.289590
2.112725	-0.289516
2.112540	-0.289439
2.112353	-0.289362
2.112166	-0.289282
2.111978	-0.289201
2.111788	-0.289118
2.111598	-0.289034
2.111407	-0.288948
2.111215	-0.288860
2.111022	-0.288771
2.110828	-0.288680
2.110633	-0.288587
2.110437	-0.288493
2.110240	-0.288398
2.110043	-0.288301
2.109844	-0.288202
2.109645	-0.288102
2.109445	-0.288000
2.109244	-0.287897
2.109042	-0.287792
2.108839	-0.287686
2.108635	-0.287578
2.108430	-0.287469
2.108225	-0.287358
2.108019	-0.287246
2.107812	-0.287133
2.107604	-0.287018
2.107395	-0.286902
2.107186	-0.286784
2.106976	-0.286665
2.106765	-0.286545
2.106553	-0.286423
2.106340	-0.286300
2.106127	-0.286175
2.105913	-0.286049
2.105698	-0.285922
2.105482	-0.285794
2.105266	-0.285664
2.105049	-0.285533
2.104831	-0.285400
2.104613	-0.285267
2.104393	-0.285132
2.104173	-0.284995
2.103953	-0.284858
2.103731	-0.284719
2.103509	-0.284579
2.103287	-0.284438
2.103063	-0.284296
2.102839	-0.284152
2.102614	-0.284008
2.102389	-0.283862
2.102163	-0.283715
2.101936	-0.283566
2.101709	-0.283417
2.101481	-0.283266
2.101252	-0.283115
2.101023	-0.282962
2.100793	-0.282808
2.100562	-0.282653
2.100331	-0.282497
2.100100	-0.282339
2.099867	-0.282181
2.099634	-0.282021
2.099401	-0.281861
2.099167	-0.281699
2.098932	-0.281537
2.098697	-0.281373
2.098461	-0.281208
2.098225	-0.281042
2.097988	-0.280876
2.097750	-0.280708
2.097512	-0.280539
2.097274	-0.280369
2.097035	-0.280198
2.096795	-0.280026
2.096555	-0.279854
2.096314	-0.279680
2.096073	-0.279505
2.095831	-0.279330
2.095589	-0.279153
2.095346	-0.278975
2.095103	-0.278797
2.094859	-0.278617
2.094615	-0.278437
2.094371	-0.278256
2.094125	-0.278074
2.093880	-0.277891
2.093634	-0.277707
2.093387	-0.277522
2.093140	-0.277336
2.092893	-0.277150
2.092645	-0.276962
2.092396	-0.276774
2.092148	-0.276585
2.091898	-0.276395
2.091649	-0.276204
2.091399	-0.276012
2.091148	-0.275820
2.090897	-0.275627
2.090646	-0.275432
2.090394	-0.275238
2.090142	-0.275042
2.089889	-0.274845
2.089636	-0.274648
2.089383	-0.274450
2.089129	-0.274251
2.088875	-0.274052
2.088620	-0.273851
2.088365	-0.273650
2.088110	-0.273449
2.087855	-0.273246
2.087599	-0.273043
2.087342	-0.272839
2.087085	-0.272634
2.086828	-0.272429
2.086571	-0.272223
2.086313	-0.272016
2.086055	-0.271808
2.085797	-0.271600
2.085538	-0.271391
2.085279	-0.271181
2.085019	-0.270971
2.084759	-0.270760
2.084499	-0.270549
2.084239	-0.270336
2.083978	-0.270124
2.083717	-0.269910
2.083456	-0.269696
2.083194	-0.269481
2.082932	-0.269266
2.082670	-0.269050
2.082408	-0.268833
2.082145	-0.268616
2.081882	-0.268398
2.081618	-0.268179
2.081355	-0.267960
2.081091	-0.267740
2.080827	-0.267520
2.080562	-0.267299
2.080298	-0.267078
2.080033	-0.266856
2.079767	-0.266633
2.079502	-0.266410
2.079236	-0.266187
2.078970	-0.265962
2.078704	-0.265738
2.078438	-0.265512
2.078171	-0.265287
2.077904	-0.265060
2.077637	-0.264833
2.077370	-0.264606
2.077102	-0.264378
2.076834	-0.264150
2.076566	-0.263921
2.076298	-0.263691
2.076030	-0.263461
2.075761	-0.263231
2.075492	-0.263000
2.075223	-0.262769
2.074954	-0.262537
2.074684	-0.262305
2.074415	-0.262072
2.074145	-0.261838
2.073875	-0.261605
2.073605	-0.261371
2.073334	-0.261136
2.073064	-0.260901
2.072793	-0.260665
2.072522	-0.260429
2.072251	-0.260193
2.071980	-0.259956
2.071709	-0.259719
2.071437	-0.259481
2.071165	-0.259243
2.070893	-0.259005
2.070621	-0.258766
2.070349	-0.258527
2.070077	-0.258287
2.069804	-0.258047
2.069532	-0.257807
2.069259	-0.257566
2.068986	-0.257324
2.068713	-0.257083
2.068440	-0.256841
2.068167	-0.256598
2.067894	-0.256356
2.067620	-0.256113
2.067346	-0.255869
2.067073	-0.255625
2.066799	-0.255381
2.066525	-0.255137
2.066251	-0.254892
2.065977	-0.254647
2.065702	-0.254401
2.065428	-0.254155
2.065154	-0.253909
2.064879	-0.253663
2.064604	-0.253416
2.064330	-0.253169
2.064055	-0.252921
2.063780	-0.252674
2.063505	-0.252425
2.063230	-0.252177
2.062954	-0.251928
2.062679	-0.251679
2.062404	-0.251430
2.062128	-0.251181
2.061853	-0.250931
2.061577	-0.250681
2.061302	-0.250430
2.061026	-0.250180
2.060750	-0.249929
2.060474	-0.249678
2.060198	-0.249426
2.059923	-0.249174
2.059647	-0.248922
2.059370	-0.248670
2.059094	-0.248418
2.058818	-0.248165
2.058542	-0.247912
2.058266	-0.247659
2.057990	-0.247405
2.057713	-0.247151
2.057437	-0.246897
2.057161	-0.246643
2.056884	-0.246389
2.056608	-0.246134
2.056331	-0.245879
2.056055	-0.245624
2.055778	-0.245369
2.055502	-0.245114
2.055225	-0.244858
2.054949	-0.244602
2.054672	-0.244346
2.054395	-0.244090
2.054119	-0.243833
2.053842	-0.243576
2.053565	-0.243319
2.053289	-0.243062
2.053012	-0.242805
2.052735	-0.242548
2.052459	-0.242290
2.052182	-0.242032
2.051905	-0.241774
2.051629	-0.241516
2.051352	-0.241258
2.051075	-0.240999
2.050799	-0.240741
2.050522	-0.240482
2.050246	-0.240223
2.049969	-0.239964
2.049692	-0.239705
2.049416	-0.239445
2.049139	-0.239186
2.048863	-0.238926
2.048586	-0.238666
2.048310	-0.238406
2.048033	-0.238146
2.047757	-0.237886
2.047481	-0.237626
2.047204	-0.237365
2.046928	-0.237104
2.046652	-0.236844
2.046375	-0.236583
2.046099	-0.236322
2.045823	-0.236061
2.045547	-0.235800
2.045271	-0.235538
2.044995	-0.235277
2.044719	-0.235015
2.044443	-0.234754
2.044167	-0.234492
2.043891	-0.234230
2.043615	-0.233968
2.043339	-0.233706
2.043064	-0.233444
2.042788	-0.233182
2.042513	-0.232919
2.042237	-0.232657
2.041962	-0.232395
2.041686	-0.232132
2.041411	-0.231869
2.041136	-0.231607
2.040860	-0.231344
2.040585	-0.231081
2.040310	-0.230818
2.040035	-0.230555
2.039760	-0.230292
2.039486	-0.230029
2.039211	-0.229766
2.038936	-0.229503
2.038662	-0.229239
2.038387	-0.228976
2.038113	-0.228713
2.037838	-0.228449
2.037564	-0.228186
2.037290	-0.227922
2.037016	-0.227659
2.036742	-0.227395
2.036468	-0.227131
2.036194	-0.226868
2.035920	-0.226604
2.035647	-0.226340
2.035373	-0.226076
2.035100	-0.225812
2.034826	-0.225549
2.034553	-0.225285
2.034280	-0.225021
2.034007	-0.224757
2.033734	-0.224493
2.033461	-0.224229
2.033188	-0.223965
2.032916	-0.223701
2.032643	-0.223437
2.032371	-0.223173
2.032098	-0.222909
2.031826	-0.222645
2.031554	-0.222381
2.031282	-0.222117
2.031010	-0.221853
2.030738	-0.221589
2.030467	-0.221325
2.030195	-0.221061
2.029924	-0.220796
2.029652	-0.220532
2.029381	-0.220268
2.029110	-0.220004
2.028839	-0.219740
2.028569	-0.219476
2.028298	-0.219212
2.028027	-0.218949
2.027757	-0.218685
2.027487	-0.218421
2.027216	-0.218157
2.026946	-0.217893
2.026677	-0.217629
2.026407	-0.217365
2.026137	-0.217101
2.025868	-0.216838
2.025598	-0.216574
2.025329	-0.216310
2.025060	-0.216047
2.024791	-0.215783
2.024522	-0.215519
2.024254	-0.215256
2.023985	-0.214992
2.023717	-0.214729
2.023448	-0.214465
2.023180	-0.214202
2.022912	-0.213939
2.022645	-0.213676
2.022377	-0.213412
2.022109	-0.213149
2.021842	-0.212886
2.021575	-0.212623
2.021308	-0.212360
2.021041	-0.212097
2.020774	-0.211834
2.020507	-0.211571
2.020241	-0.211309
2.019975	-0.211046
2.019709	-0.210783
2.019443	-0.210521
2.019177	-0.210258
2.018911	-0.209996
2.018646	-0.209733
2.018380	-0.209471
2.018115	-0.209209
2.017850	-0.208947
2.017585	-0.208685
2.017321	-0.208423
2.017056	-0.208161
2.016792	-0.207899
2.016527	-0.207637
2.016263	-0.207375
2.016000	-0.207114
2.015736	-0.206852
2.015472	-0.206591
2.015209	-0.206329
2.014946	-0.206068
2.014683	-0.205807
2.014420	-0.205546
2.014157	-0.205285
2.013895	-0.205024
2.013633	-0.204763
2.013370	-0.204503
2.013108	-0.204242
2.012847	-0.203982
2.012585	-0.203721
2.012324	-0.203461
2.012062	-0.203201
2.011801	-0.202941
2.011540	-0.202681
2.011280	-0.202421
2.011019	-0.202161
2.010759	-0.201901
2.010499	-0.201642
2.010239	-0.201382
2.009979	-0.201123
2.009719	-0.200864
2.009460	-0.200604
2.009201	-0.200345
2.008942	-0.200087
2.008683	-0.199828
2.008424	-0.199569
2.008166	-0.199311
2.007907	-0.199052
2.007649	-0.198794
2.007391	-0.198536
2.007134	-0.198278
2.006876	-0.198020
2.006619	-0.197762
2.006362	-0.197504
2.006105	-0.197247
2.005848	-0.196989
2.005591	-0.196732
2.005335	-0.196475
2.005079	-0.196218
2.004823	-0.195961
2.004567	-0.195704
2.004312	-0.195447
2.004056	-0.195191
2.003801	-0.194934
2.003546	-0.194678
2.003291	-0.194422
2.003037	-0.194166
2.002782	-0.193910
2.002528	-0.193654
2.002274	-0.193399
2.002020	-0.193144
2.001767	-0.192888
2.001514	-0.192633
2.001260	-0.192378
2.001008	-0.192123
2.000755	-0.191869
2.000502	-0.191614
2.000250	-0.191360
1.999998	-0.191105
1.999746	-0.190851
1.999494	-0.190597
1.999243	-0.190343
1.998991	-0.190090
1.998740	-0.189836
1.998490	-0.189583
1.998239	-0.189330
1.997988	-0.189077
1.997738	-0.188824
1.997488	-0.188571
1.997238	-0.188319
1.996989	-0.188066
1.996740	-0.187814
1.996490	-0.187562
1.996241	-0.187310
1.995993	-0.187058
1.995744	-0.186806
1.995496	-0.186555
1.995248	-0.186304
1.995000	-0.186053
1.994752	-0.185802
1.994505	-0.185551
1.994258	-0.185300
1.994011	-0.185050
1.993764	-0.184799
1.993517	-0.184549
1.993271	-0.184299
1.993025	-0.184050
1.992779	-0.183800
1.992533	-0.183551
1.992288	-0.183301
1.992043	-0.183052
1.991798	-0.182803
1.991553	-0.182555
1.991308	-0.182306
1.991064	-0.182058
1.990820	-0.181809
1.990576	-0.181561
1.990332	-0.181313
1.990089	-0.181066
1.989846	-0.180818
1.989603	-0.180571
1.989360	-0.180324
1.989117	-0.180077
1.988875	-0.179830
1.988633	-0.179583
1.988391	-0.179337
1.988149	-0.179091
1.987908	-0.178845
1.987667	-0.178599
1.987426	-0.178353
1.987185	-0.178107
1.986945	-0.177862
1.986704	-0.177617
1.986464	-0.177372
1.986225	-0.177127
1.985985	-0.176883
1.985746	-0.176638
1.985507	-0.176394
1.985268	-0.176150
1.985029	-0.175906
1.984791	-0.175663
1.984552	-0.175419
1.984314	-0.175176
1.984077	-0.174933
1.983839	-0.174690
1.983602	-0.174447
1.983365	-0.174205
1.983128	-0.173963
1.982892	-0.173720
1.982655	-0.173479
1.982419	-0.173237
1.982183	-0.172995
1.981948	-0.172754
1.981712	-0.172513
1.981477	-0.172272
1.981242	-0.172031
1.981007	-0.171791
1.980773	-0.171551
1.980539	-0.171310
1.980305	-0.171071
1.980071	-0.170831
1.979838	-0.170591
1.979604	-0.170352
1.979371	-0.170113
1.979138	-0.169874
1.978906	-0.169635
1.978674	-0.169397
1.978441	-0.169158
1.978210	-0.168920
1.977978	-0.168683
1.977747	-0.168445
1.977515	-0.168207
1.977285	-0.167970
1.977054	-0.167733
1.976824	-0.167496
1.976593	-0.167260
1.976363	-0.167023
1.976134	-0.166787
1.975904	-0.166551
1.975675	-0.166315
1.975446	-0.166079
1.975217	-0.165844
1.974989	-0.165609
1.974761	-0.165374
1.974533	-0.165139
1.974305	-0.164905
1.974077	-0.164670
1.973850	-0.164436
1.973623	-0.164202
1.973396	-0.163968
1.973170	-0.163735
1.972943	-0.163502
1.972717	-0.163269
1.972491	-0.163036
1.972266	-0.162803
1.972040	-0.162571
1.971815	-0.162338
1.971590	-0.162106
1.971366	-0.161875
1.971141	-0.161643
1.970917	-0.161412
1.970693	-0.161181
1.970470	-0.160950
1.970246	-0.160719
1.970023	-0.160488
1.969800	-0.160258
1.969578	-0.160028
1.969355	-0.159798
1.969133	-0.159569
1.968911	-0.159339
1.968689	-0.159110
1.968468	-0.158881
1.968247	-0.158652
1.968026	-0.158424
1.967805	-0.158196
1.967584	-0.157968
1.967364	-0.157740
1.967144	-0.157512
1.966925	-0.157285
1.966705	-0.157057
1.966486	-0.156831
1.966267	-0.156604
1.966048	-0.156377
1.965829	-0.156151
1.965611	-0.155925
1.965393	-0.155699
1.965175	-0.155473
1.964958	-0.155248
1.964741	-0.155023
1.964524	-0.154798
1.964307	-0.154573
1.964090	-0.154349
1.963874	-0.154124
1.963658	-0.153900
1.963442	-0.153676
1.963226	-0.153453
1.963011	-0.153229
1.962796	-0.153006
1.962581	-0.152783
1.962367	-0.152561
1.962152	-0.152338
1.961938	-0.152116
1.961724	-0.151894
1.961511	-0.151672
1.961298	-0.151450
1.961084	-0.151229
1.960872	-0.151008
1.960659	-0.150787
1.960447	-0.150566
1.960234	-0.150346
1.960023	-0.150126
1.959811	-0.149906
1.959600	-0.149686
1.959389	-0.149467
1.959178	-0.149247
1.958967	-0.149028
1.958757	-0.148809
1.958546	-0.148591
1.958337	-0.148372
1.958127	-0.148154
1.957918	-0.147936
1.957708	-0.147719
1.957500	-0.147501
1.957291	-0.147284
1.957082	-0.147067
1.956874	-0.146850
1.956666	-0.146634
1.956459	-0.146417
1.956251	-0.146201
1.956044	-0.145985
1.955837	-0.145770
1.955631	-0.145555
1.955424	-0.145339
1.955218	-0.145124
1.955012	-0.144910
1.954806	-0.144695
1.954601	-0.144481
1.954396	-0.144267
1.954191	-0.144053
1.953986	-0.143840
1.953782	-0.143627
1.953577	-0.143414
1.953373	-0.143201
1.953170	-0.142988
1.952966	-0.142776
1.952763	-0.142564
1.952560	-0.142352
1.952357	-0.142140
1.952155	-0.141929
1.951953	-0.141718
1.951751	-0.141507
1.951549	-0.141296
1.951347	-0.141085
1.951146	-0.140875
1.950945	-0.140665
1.950744	-0.140455
1.950544	-0.140246
1.950344	-0.140036
1.950144	-0.139827
1.949944	-0.139619
1.949744	-0.139410
1.949545	-0.139202
1.949346	-0.138993
1.949147	-0.138785
1.948949	-0.138578
1.948750	-0.138370
1.948552	-0.138163
1.948355	-0.137956
1.948157	-0.137749
1.947960	-0.137543
1.947763	-0.137337
1.947566	-0.137131
1.947369	-0.136925
1.947173	-0.136719
1.946977	-0.136514
1.946781	-0.136309
1.946585	-0.136104
1.946390	-0.135899
1.946195	-0.135695
1.946000	-0.135491
1.945806	-0.135287
1.945611	-0.135083
1.945417	-0.134880
1.945223	-0.134677
1.945030	-0.134474
1.944836	-0.134271
1.944643	-0.134068
1.944450	-0.133866
1.944258	-0.133664
1.944065	-0.133462
1.943873	-0.133261
1.943681	-0.133060
1.943489	-0.132858
1.943298	-0.132658
1.943107	-0.132457
1.942916	-0.132257
1.942725	-0.132057
1.942535	-0.131857
1.942344	-0.131657
1.942154	-0.131458
1.941965	-0.131258
1.941775	-0.131059
1.941586	-0.130861
1.941397	-0.130662
1.941208	-0.130464
1.941020	-0.130266
1.940831	-0.130068
1.940643	-0.129871
1.940456	-0.129673
1.940268	-0.129476
1.940081	-0.129279
1.939894	-0.129083
1.939707	-0.128886
1.939520	-0.128690
1.939334	-0.128494
1.939148	-0.128299
1.938962	-0.128103
1.938777	-0.127908
1.938591	-0.127713
1.938406	-0.127518
1.938221	-0.127324
1.938037	-0.127130
1.937852	-0.126936
1.937668	-0.126742
1.937484	-0.126548
1.937300	-0.126355
1.937117	-0.126162
1.936934	-0.125969
1.936751	-0.125777
1.936568	-0.125584
1.936386	-0.125392
1.936203	-0.125200
1.936021	-0.125009
1.935840	-0.124817
1.935658	-0.124626
1.935477	-0.124435
1.935296	-0.124244
1.935115	-0.124054
1.934934	-0.123864
1.934754	-0.123674
1.934574	-0.123484
1.934394	-0.123294
1.934215	-0.123105
1.934035	-0.122916
1.933856	-0.122727
1.933677	-0.122538
1.933499	-0.122350
1.933320	-0.122162
1.933142	-0.121974
1.932964	-0.121786
1.932786	-0.121599
1.932609	-0.121412
1.932432	-0.121225
1.932255	-0.121038
1.932078	-0.120852
1.931901	-0.120665
1.931725	-0.120479
1.931549	-0.120294
1.931373	-0.120108
1.931198	-0.119923
1.931022	-0.119738
1.930847	-0.119553
1.930672	-0.119368
1.930498	-0.119184
1.930323	-0.119000
1.930149	-0.118816
1.929975	-0.118632
1.929802	-0.118448
1.929628	-0.118265
1.929455	-0.118082
1.929282	-0.117899
1.929109	-0.117717
1.928937	-0.117535
1.928764	-0.117353
1.928592	-0.117171
1.928420	-0.116989
1.928249	-0.116808
1.928078	-0.116627
1.927906	-0.116446
1.927736	-0.116265
1.927565	-0.116085
1.927394	-0.115904
1.927224	-0.115725
1.927054	-0.115545
1.926885	-0.115365
1.926715	-0.115186
1.926546	-0.115007
1.926377	-0.114828
1.926208	-0.114650
1.926039	-0.114471
1.925871	-0.114293
1.925703	-0.114115
1.925535	-0.113938
1.925368	-0.113760
1.925200	-0.113583
1.925033	-0.113406
1.924866	-0.113229
1.924699	-0.113053
1.924533	-0.112876
1.924367	-0.112700
1.924200	-0.112525
1.924035	-0.112349
1.923869	-0.112174
1.923704	-0.111998
1.923539	-0.111824
1.923374	-0.111649
1.923209	-0.111474
1.923045	-0.111300
1.922880	-0.111126
1.922717	-0.110952
1.922553	-0.110779
1.922389	-0.110606
1.922226	-0.110433
1.922063	-0.110260
1.921900	-0.110087
1.921737	-0.109915
1.921575	-0.109743
1.921413	-0.109571
1.921251	-0.109399
1.921089	-0.109227
1.920928	-0.109056
1.920767	-0.108885
1.920606	-0.108714
1.920445	-0.108544
1.920284	-0.108373
1.920124	-0.108203
1.919964	-0.108033
1.919804	-0.107864
1.919644	-0.107694
1.919485	-0.107525
1.919325	-0.107356
1.919166	-0.107187
1.919008	-0.107019
1.918849	-0.106851
1.918691	-0.106682
1.918533	-0.106515
1.918375	-0.106347
1.918217	-0.106180
1.918060	-0.106012
1.917902	-0.105845
1.917745	-0.105679
1.917589	-0.105512
1.917432	-0.105346
1.917276	-0.105180
1.917120	-0.105014
1.916964	-0.104848
1.916808	-0.104683
1.916653	-0.104518
1.916497	-0.104353
1.916342	-0.104188
1.916188	-0.104024
1.916033	-0.103859
1.915879	-0.103695
1.915725	-0.103532
1.915571	-0.103368
1.915417	-0.103205
1.915263	-0.103041
1.915110	-0.102878
1.914957	-0.102716
1.914804	-0.102553
1.914652	-0.102391
1.914499	-0.102229
1.914347	-0.102067
1.914195	-0.101905
1.914044	-0.101744
1.913892	-0.101583
1.913741	-0.101422
1.913590	-0.101261
1.913439	-0.101101
1.913288	-0.100940
1.913138	-0.100780
1.912988	-0.100621
1.912838	-0.100461
1.912688	-0.100302
1.912538	-0.100142
1.912389	-0.099983
1.912240	-0.099825
1.912091	-0.099666
1.911942	-0.099508
1.911794	-0.099350
1.911645	-0.099192
1.911497	-0.099034
1.911349	-0.098877
1.911202	-0.098719
1.911054	-0.098562
1.910907	-0.098406
1.910760	-0.098249
1.910613	-0.098093
1.910467	-0.097937
1.910321	-0.097781
1.910174	-0.097625
1.910028	-0.097470
1.909883	-0.097314
1.909737	-0.097159
1.909592	-0.097004
1.909447	-0.096850
1.909302	-0.096695
1.909157	-0.096541
1.909013	-0.096387
1.908869	-0.096233
1.908725	-0.096080
1.908581	-0.095927
1.908437	-0.095773
1.908294	-0.095621
1.908151	-0.095468
1.908008	-0.095315
1.907865	-0.095163
1.907722	-0.095011
1.907580	-0.094859
1.907438	-0.094708
1.907296	-0.094556
1.907154	-0.094405
1.907013	-0.094254
1.906871	-0.094103
1.906730	-0.093953
1.906589	-0.093802
1.906448	-0.093652
1.906308	-0.093502
1.906168	-0.093353
1.906028	-0.093203
1.905888	-0.093054
1.905748	-0.092905
1.905609	-0.092756
1.905469	-0.092607
1.905330	-0.092459
1.905191	-0.092311
1.905053	-0.092163
1.904914	-0.092015
1.904776	-0.091867
1.904638	-0.091720
1.904500	-0.091573
1.904363	-0.091426
1.904225	-0.091279
1.904088	-0.091132
1.903951	-0.090986
1.903814	-0.090840
1.903678	-0.090694
1.903541	-0.090548
1.903405	-0.090403
1.903269	-0.090257
1.903133	-0.090112
1.902998	-0.089967
1.902862	-0.089823
1.902727	-0.089678
1.902592	-0.089534
1.902457	-0.089390
1.902323	-0.089246
1.902188	-0.089102
1.902054	-0.088959
1.901920	-0.088816
1.901786	-0.088673
1.901653	-0.088530
1.901519	-0.088387
1.901386	-0.088245
1.901253	-0.088102
1.901120	-0.087960
1.900988	-0.087819
1.900855	-0.087677
1.900723	-0.087536
1.900591	-0.087394
1.900459	-0.087253
1.900327	-0.087113
1.900196	-0.086972
1.900065	-0.086832
1.899934	-0.086692
1.899803	-0.086552
1.899672	-0.086412
1.899542	-0.086272
1.899412	-0.086133
1.899282	-0.085994
1.899152	-0.085855
1.899022	-0.085716
1.898893	-0.085577
1.898763	-0.085439
1.898634	-0.085301
1.898505	-0.085163
1.898377	-0.085025
1.898248	-0.084888
1.898120	-0.084750
1.897992	-0.084613
1.897864	-0.084476
1.897736	-0.084339
1.897609	-0.084203
1.897481	-0.084066
1.897354	-0.083930
1.897227	-0.083794
1.897100	-0.083659
1.896974	-0.083523
1.896847	-0.083388
1.896721	-0.083252
1.896595	-0.083117
1.896469	-0.082983
1.896344	-0.082848
1.896218	-0.082714
1.896093	-0.082580
1.895968	-0.082446
1.895843	-0.082312
1.895718	-0.082178
1.895594	-0.082045
1.895470	-0.081912
1.895346	-0.081779
1.895222	-0.081646
1.895098	-0.081513
1.894974	-0.081381
1.894851	-0.081248
1.894728	-0.081116
1.894605	-0.080985
1.894482	-0.080853
1.894359	-0.080722
1.894237	-0.080590
1.894115	-0.080459
1.893993	-0.080328
1.893871	-0.080198
1.893749	-0.080067
1.893628	-0.079937
1.893506	-0.079807
1.893385	-0.079677
1.893264	-0.079547
1.893144	-0.079418
1.893023	-0.079288
1.892903	-0.079159
1.892782	-0.079030
1.892662	-0.078901
1.892542	-0.078773
1.892423	-0.078645
1.892303	-0.078516
1.892184	-0.078388
1.892065	-0.078261
1.891946	-0.078133
1.891827	-0.078005
1.891709	-0.077878
1.891590	-0.077751
1.891472	-0.077624
1.891354	-0.077498
1.891236	-0.077371
1.891119	-0.077245
1.891001	-0.077119
1.890884	-0.076993
1.890767	-0.076867
1.890650	-0.076742
1.890533	-0.076616
1.890416	-0.076491
1.890300	-0.076366
1.890184	-0.076241
1.890068	-0.076117
1.889952	-0.075992
1.889836	-0.075868
1.889721	-0.075744
1.889605	-0.075620
1.889490	-0.075496
1.889375	-0.075373
1.889261	-0.075250
1.889146	-0.075127
1.889031	-0.075004
1.888917	-0.074881
1.888803	-0.074758
1.888689	-0.074636
1.888575	-0.074514
1.888462	-0.074392
1.888349	-0.074270
1.888235	-0.074148
1.888122	-0.074027
1.888009	-0.073905
1.887897	-0.073784
1.887784	-0.073663
1.887672	-0.073543
1.887560	-0.073422
1.887448	-0.073302
1.887336	-0.073182
1.887224	-0.073062
1.887113	-0.072942
1.887001	-0.072822
1.886890	-0.072703
1.886779	-0.072583
1.886669	-0.072464
1.886558	-0.072345
1.886448	-0.072227
1.886337	-0.072108
1.886227	-0.071990
1.886117	-0.071871
1.886008	-0.071753
1.885898	-0.071636
1.885789	-0.071518
1.885679	-0.071400
1.885570	-0.071283
1.885461	-0.071166
1.885353	-0.071049
1.885244	-0.070932
1.885136	-0.070816
1.885027	-0.070699
1.884919	-0.070583
1.884811	-0.070467
1.884704	-0.070351
1.884596	-0.070235
1.884489	-0.070120
1.884382	-0.070004
1.884274	-0.069889
1.884168	-0.069774
1.884061	-0.069659
1.883954	-0.069545
1.883848	-0.069430
1.883742	-0.069316
1.883636	-0.069202
1.883530	-0.069088
1.883424	-0.068974
1.883319	-0.068860
1.883213	-0.068747
1.883108	-0.068633
1.883003	-0.068520
1.882898	-0.068407
1.882793	-0.068295
1.882689	-0.068182
1.882584	-0.068070
1.882480	-0.067957
1.882376	-0.067845
1.882272	-0.067733
1.882168	-0.067622
1.882065	-0.067510
1.881961	-0.067399
1.881858	-0.067288
1.881755	-0.067176
1.881652	-0.067066
1.881549	-0.066955
1.881447	-0.066844
1.881344	-0.066734
1.881242	-0.066624
1.881140	-0.066514
1.881038	-0.066404
1.880936	-0.066294
1.880834	-0.066185
1.880733	-0.066075
1.880631	-0.065966
1.880530	-0.065857
1.880429	-0.065748
1.880328	-0.065640
1.880228	-0.065531
1.880127	-0.065423
1.880027	-0.065315
1.879927	-0.065207
1.879826	-0.065099
1.879727	-0.064991
1.879627	-0.064884
1.879527	-0.064776
1.879428	-0.064669
1.879329	-0.064562
1.879229	-0.064455
1.879130	-0.064348
1.879032	-0.064242
1.878933	-0.064136
1.878834	-0.064029
1.878736	-0.063923
1.878638	-0.063818
1.878540	-0.063712
1.878442	-0.063606
1.878344	-0.063501
1.878247	-0.063396
1.878149	-0.063291
1.878052	-0.063186
1.877955	-0.063081
1.877858	-0.062976
1.877761	-0.062872
1.877665	-0.062768
1.877568	-0.062664
1.877472	-0.062560
1.877376	-0.062456
1.877280	-0.062353
1.877184	-0.062249
1.877088	-0.062146
1.876992	-0.062043
1.876897	-0.061940
1.876802	-0.061837
1.876707	-0.061734
1.876612	-0.061632
1.876517	-0.061530
1.876422	-0.061427
1.876328	-0.061325
1.876233	-0.061224
1.876139	-0.061122
1.876045	-0.061020
1.875951	-0.060919
1.875857	-0.060818
1.875764	-0.060717
1.875670	-0.060616
1.875577	-0.060515
1.875484	-0.060415
1.875391	-0.060314
1.875298	-0.060214
1.875205	-0.060114
1.875113	-0.060014
1.875020	-0.059914
1.874928	-0.059815
1.874836	-0.059715
1.874744	-0.059616
1.874652	-0.059517
1.874560	-0.059418
1.874469	-0.059319
1.874377	-0.059220
1.874286	-0.059122
1.874195	-0.059023
1.874104	-0.058925
1.874013	-0.058827
1.873923	-0.058729
1.873832	-0.058631
1.873742	-0.058534
1.873651	-0.058436
1.873561	-0.058339
1.873471	-0.058242
1.873382	-0.058145
1.873292	-0.058048
1.873202	-0.057951
1.873113	-0.057855
1.873024	-0.057758
1.872935	-0.057662
1.872846	-0.057566
1.872757	-0.057470
1.872668	-0.057374
1.872580	-0.057278
1.872491	-0.057183
1.872403	-0.057088
1.872315	-0.056992
1.872227	-0.056897
1.872139	-0.056802
1.872052	-0.056708
1.871964	-0.056613
1.871877	-0.056519
1.871789	-0.056424
1.871702	-0.056330
1.871615	-0.056236
1.871529	-0.056142
1.871442	-0.056049
1.871355	-0.055955
1.871269	-0.055862
1.871183	-0.055769
1.871096	-0.055675
1.871010	-0.055582
1.870925	-0.055490
1.870839	-0.055397
1.870753	-0.055304
1.870668	-0.055212
1.870583	-0.055120
1.870497	-0.055028
1.870412	-0.054936
1.870327	-0.054844
1.870243	-0.054752
1.870158	-0.054661
1.870074	-0.054570
1.869989	-0.054478
1.869905	-0.054387
1.869821	-0.054296
1.869737	-0.054206
1.869653	-0.054115
1.869570	-0.054024
1.869486	-0.053934
1.869403	-0.053844
1.869319	-0.053754
1.869236	-0.053664
1.869153	-0.053574
1.869070	-0.053484
1.868988	-0.053395
1.868905	-0.053306
1.868823	-0.053216
1.868740	-0.053127
1.868658	-0.053038
1.868576	-0.052950
1.868494	-0.052861
1.868412	-0.052772
1.868331	-0.052684
1.868249	-0.052596
1.868168	-0.052508
1.868086	-0.052420
1.868005	-0.052332
1.867924	-0.052244
1.867843	-0.052157
1.867763	-0.052070
1.867682	-0.051982
1.867602	-0.051895
1.867521	-0.051808
1.867441	-0.051721
1.867361	-0.051635
1.867281	-0.051548
1.867201	-0.051462
1.867121	-0.051375
1.867042	-0.051289
1.866962	-0.051203
1.866883	-0.051118
1.866804	-0.051032
1.866725	-0.050946
1.866646	-0.050861
1.866567	-0.050775
1.866489	-0.050690
1.866410	-0.050605
1.866332	-0.050520
1.866253	-0.050436
1.866175	-0.050351
1.866097	-0.050266
1.866019	-0.050182
1.865941	-0.050098
1.865864	-0.050014
1.865786	-0.049930
1.865709	-0.049846
1.865632	-0.049762
1.865554	-0.049679
1.865477	-0.049595
1.865400	-0.049512
1.865324	-0.049429
1.865247	-0.049346
1.865170	-0.049263
1.865094	-0.049180
1.865018	-0.049098
1.864942	-0.049015
1.864866	-0.048933
1.864790	-0.048851
1.864714	-0.048768
1.864638	-0.048686
1.864563	-0.048605
1.864487	-0.048523
1.864412	-0.048441
1.864337	-0.048360
1.864262	-0.048279
1.864187	-0.048197
1.864112	-0.048116
1.864037	-0.048036
1.863963	-0.047955
1.863889	-0.047874
1.863814	-0.047794
1.863740	-0.047713
1.863666	-0.047633
1.863592	-0.047553
1.863518	-0.047473
1.863444	-0.047393
1.863371	-0.047313
1.863297	-0.047234
1.863224	-0.047154
1.863151	-0.047075
1.863078	-0.046995
1.863005	-0.046916
1.862932	-0.046837
1.862859	-0.046758
1.862787	-0.046680
1.862714	-0.046601
1.862642	-0.046523
1.862569	-0.046444
1.862497	-0.046366
1.862425	-0.046288
1.862353	-0.046210
1.862281	-0.046132
1.862210	-0.046055
1.862138	-0.045977
1.862067	-0.045899
1.861995	-0.045822
1.861924	-0.045745
1.861853	-0.045668
1.861782	-0.045591
1.861711	-0.045514
1.861641	-0.045437
1.861570	-0.045361
1.861499	-0.045284
1.861429	-0.045208
1.861359	-0.045132
1.861289	-0.045056
1.861219	-0.044980
1.861149	-0.044904
1.861079	-0.044828
1.861009	-0.044752
1.860939	-0.044677
1.860870	-0.044602
1.860801	-0.044526
1.860731	-0.044451
1.860662	-0.044376
1.860593	-0.044301
1.860524	-0.044227
1.860455	-0.044152
1.860387	-0.044077
1.860318	-0.044003
1.860250	-0.043929
1.860181	-0.043855
1.860113	-0.043781
1.860045	-0.043707
1.859977	-0.043633
1.859909	-0.043559
1.859841	-0.043486
1.859774	-0.043412
1.859706	-0.043339
1.859639	-0.043266
1.859571	-0.043193
1.859504	-0.043120
1.859437	-0.043047
1.859370	-0.042974
1.859303	-0.042902
1.859236	-0.042829
1.859170	-0.042757
1.859103	-0.042685
1.859037	-0.042612
1.858970	-0.042540
1.858904	-0.042469
1.858838	-0.042397
1.858772	-0.042325
1.858706	-0.042254
1.858640	-0.042182
1.858574	-0.042111
1.858509	-0.042040
1.858443	-0.041969
1.858378	-0.041898
1.858313	-0.041827
1.858248	-0.041756
1.858183	-0.041685
1.858118	-0.041615
1.858053	-0.041545
1.857988	-0.041474
1.857923	-0.041404
1.857859	-0.041334
1.857795	-0.041264
1.857730	-0.041194
1.857666	-0.041125
1.857602	-0.041055
1.857538	-0.040986
1.857474	-0.040916
1.857410	-0.040847
1.857347	-0.040778
1.857283	-0.040709
1.857220	-0.040640
1.857156	-0.040571
1.857093	-0.040503
1.857030	-0.040434
1.856967	-0.040365
1.856904	-0.040297
1.856841	-0.040229
1.856778	-0.040161
1.856716	-0.040093
1.856653	-0.040025
1.856591	-0.104784
