# Sandbox Data | Context: 101 | Index: 3 | Label: Sim {/:Italic {/Symbol {/:Italic s}}}_{3} = sigc-200 kPa
# Column_1: X_Axis	Column_2: Y_Axis
0.000100	0.000113
0.000200	0.000227
0.000300	0.000341
0.000400	0.000456
0.000500	0.000572
0.000600	0.000688
0.000700	0.000804
0.000800	0.000921
0.000900	0.001038
0.001000	0.001155
0.001100	0.001273
0.001200	0.001390
0.001300	0.001507
0.001400	0.001624
0.001500	0.001741
0.001600	0.001858
0.001700	0.001975
0.001800	0.002092
0.001900	0.002208
0.002000	0.002325
0.002100	0.002441
0.002200	0.002556
0.002300	0.002671
0.002400	0.002786
0.002500	0.002901
0.002600	0.003015
0.002700	0.003129
0.002800	0.003243
0.002900	0.003356
0.003000	0.003469
0.003100	0.003581
0.003200	0.003693
0.003300	0.003804
0.003400	0.003915
0.003500	0.004026
0.003600	0.004136
0.003700	0.004246
0.003800	0.004355
0.003900	0.004464
0.004000	0.004573
0.004100	0.004681
0.004200	0.004788
0.004300	0.004895
0.004400	0.005002
0.004500	0.005108
0.004600	0.005214
0.004700	0.005319
0.004800	0.005424
0.004900	0.005528
0.005000	0.005632
0.005100	0.005736
0.005200	0.005839
0.005300	0.005941
0.005400	0.006043
0.005500	0.006145
0.005600	0.006246
0.005700	0.006347
0.005800	0.006447
0.005900	0.006547
0.006000	0.006647
0.006100	0.006746
0.006200	0.006844
0.006300	0.006943
0.006400	0.007040
0.006500	0.007138
0.006600	0.007235
0.006700	0.007331
0.006800	0.007427
0.006900	0.007523
0.007000	0.007618
0.007100	0.007713
0.007200	0.007808
0.007300	0.007902
0.007400	0.007995
0.007500	0.008089
0.007600	0.008181
0.007700	0.008274
0.007800	0.008366
0.007900	0.008458
0.008000	0.008549
0.008100	0.008640
0.008200	0.008730
0.008300	0.008820
0.008400	0.008910
0.008500	0.008999
0.008600	0.009088
0.008700	0.009177
0.008800	0.009265
0.008900	0.009353
0.009000	0.009441
0.009100	0.009528
0.009200	0.009615
0.009300	0.009701
0.009400	0.009787
0.009500	0.009873
0.009600	0.009958
0.009700	0.010043
0.009800	0.010128
0.009900	0.010213
0.010000	0.010297
0.010100	0.010380
0.010200	0.010464
0.010300	0.010547
0.010400	0.010629
0.010500	0.010712
0.010600	0.010794
0.010700	0.010875
0.010800	0.010957
0.010900	0.011038
0.011000	0.011118
0.011100	0.011199
0.011200	0.011279
0.011300	0.011359
0.011400	0.011438
0.011500	0.011517
0.011600	0.011596
0.011700	0.011675
0.011800	0.011753
0.011900	0.011831
0.012000	0.011909
0.012100	0.011986
0.012200	0.012063
0.012300	0.012140
0.012400	0.012216
0.012500	0.012292
0.012600	0.012368
0.012700	0.012444
0.012800	0.012519
0.012900	0.012594
0.013000	0.012669
0.013100	0.012743
0.013200	0.012818
0.013300	0.012891
0.013400	0.012965
0.013500	0.013038
0.013600	0.013111
0.013700	0.013184
0.013800	0.013257
0.013900	0.013329
0.014000	0.013401
0.014100	0.013473
0.014200	0.013544
0.014300	0.013616
0.014400	0.013687
0.014500	0.013757
0.014600	0.013828
0.014700	0.013898
0.014800	0.013968
0.014900	0.014038
0.015000	0.014107
0.015100	0.014176
0.015200	0.014245
0.015300	0.014314
0.015400	0.014382
0.015500	0.014450
0.015600	0.014518
0.015700	0.014586
0.015800	0.014654
0.015900	0.014721
0.016000	0.014788
0.016100	0.014855
0.016200	0.014921
0.016300	0.014988
0.016400	0.015054
0.016500	0.015119
0.016600	0.015185
0.016700	0.015251
0.016800	0.015316
0.016900	0.015381
0.017000	0.015445
0.017100	0.015510
0.017200	0.015574
0.017300	0.015638
0.017400	0.015702
0.017500	0.015766
0.017600	0.015829
0.017700	0.015892
0.017800	0.015955
0.017900	0.016018
0.018000	0.016081
0.018100	0.016143
0.018200	0.016205
0.018300	0.016267
0.018400	0.016329
0.018500	0.016390
0.018600	0.016451
0.018700	0.016513
0.018800	0.016573
0.018900	0.016634
0.019000	0.016695
0.019100	0.016755
0.019200	0.016815
0.019300	0.016875
0.019400	0.016935
0.019500	0.016994
0.019600	0.017053
0.019700	0.017113
0.019800	0.017171
0.019900	0.017230
0.020000	0.017289
0.020100	0.017347
0.020200	0.017405
0.020300	0.017463
0.020400	0.017521
0.020500	0.017579
0.020600	0.017636
0.020700	0.017693
0.020800	0.017750
0.020900	0.017807
0.021000	0.017864
0.021100	0.017920
0.021200	0.017977
0.021300	0.018033
0.021400	0.018089
0.021500	0.018144
0.021600	0.018200
0.021700	0.018255
0.021800	0.018311
0.021900	0.018366
0.022000	0.018421
0.022100	0.018475
0.022200	0.018530
0.022300	0.018584
0.022400	0.018639
0.022500	0.018693
0.022600	0.018747
0.022700	0.018800
0.022800	0.018854
0.022900	0.018907
0.023000	0.018960
0.023100	0.019013
0.023200	0.019066
0.023300	0.019119
0.023400	0.019172
0.023500	0.019224
0.023600	0.019276
0.023700	0.019328
0.023800	0.019380
0.023900	0.019432
0.024000	0.019484
0.024100	0.019535
0.024200	0.019586
0.024300	0.019638
0.024400	0.019689
0.024500	0.019739
0.024600	0.019790
0.024700	0.019841
0.024800	0.019891
0.024900	0.019941
0.025000	0.019991
0.025100	0.020041
0.025200	0.020091
0.025300	0.020141
0.025400	0.020190
0.025500	0.020239
0.025600	0.020289
0.025700	0.020338
0.025800	0.020386
0.025900	0.020435
0.026000	0.020484
0.026100	0.020532
0.026200	0.020581
0.026300	0.020629
0.026400	0.020677
0.026500	0.020725
0.026600	0.020772
0.026700	0.020820
0.026800	0.020868
0.026900	0.020915
0.027000	0.020962
0.027100	0.021009
0.027200	0.021056
0.027300	0.021103
0.027400	0.021149
0.027500	0.021196
0.027600	0.021242
0.027700	0.021289
0.027800	0.021335
0.027900	0.021381
0.028000	0.021426
0.028100	0.021472
0.028200	0.021518
0.028300	0.021563
0.028400	0.021609
0.028500	0.021654
0.028600	0.021699
0.028700	0.021744
0.028800	0.021789
0.028900	0.021833
0.029000	0.021878
0.029100	0.021922
0.029200	0.021966
0.029300	0.022011
0.029400	0.022055
0.029500	0.022099
0.029600	0.022142
0.029700	0.022186
0.029800	0.022230
0.029900	0.022273
0.030000	0.022316
0.030100	0.022360
0.030200	0.022403
0.030300	0.022446
0.030400	0.022488
0.030500	0.022531
0.030600	0.022574
0.030700	0.022616
0.030800	0.022659
0.030900	0.022701
0.031000	0.022743
0.031100	0.022785
0.031200	0.022827
0.031300	0.022869
0.031400	0.022910
0.031500	0.022952
0.031600	0.022993
0.031700	0.023034
0.031800	0.023076
0.031900	0.023117
0.032000	0.023158
0.032100	0.023199
0.032200	0.023239
0.032300	0.023280
0.032400	0.023320
0.032500	0.023361
0.032600	0.023401
0.032700	0.023441
0.032800	0.023481
0.032900	0.023521
0.033000	0.023561
0.033100	0.023601
0.033200	0.023641
0.033300	0.023680
0.033400	0.023720
0.033500	0.023759
0.033600	0.023798
0.033700	0.023837
0.033800	0.023876
0.033900	0.023915
0.034000	0.023954
0.034100	0.023993
0.034200	0.024031
0.034300	0.024070
0.034400	0.024108
0.034500	0.024147
0.034600	0.024185
0.034700	0.024223
0.034800	0.024261
0.034900	0.024299
0.035000	0.024337
0.035100	0.024374
0.035200	0.024412
0.035300	0.024449
0.035400	0.024487
0.035500	0.024524
0.035600	0.024561
0.035700	0.024598
0.035800	0.024635
0.035900	0.024672
0.036000	0.024709
0.036100	0.024746
0.036200	0.024782
0.036300	0.024819
0.036400	0.024855
0.036500	0.024891
0.036600	0.024928
0.036700	0.024964
0.036800	0.025000
0.036900	0.025036
0.037000	0.025072
0.037100	0.025107
0.037200	0.025143
0.037300	0.025179
0.037400	0.025214
0.037500	0.025250
0.037600	0.025285
0.037700	0.025320
0.037800	0.025355
0.037900	0.025390
0.038000	0.025425
0.038100	0.025460
0.038200	0.025495
0.038300	0.025529
0.038400	0.025564
0.038500	0.025598
0.038600	0.025633
0.038700	0.025667
0.038800	0.025701
0.038900	0.025736
0.039000	0.025770
0.039100	0.025804
0.039200	0.025837
0.039300	0.025871
0.039400	0.025905
0.039500	0.025939
0.039600	0.025972
0.039700	0.026006
0.039800	0.026039
0.039900	0.026072
0.040000	0.026105
0.040100	0.026139
0.040200	0.026172
0.040300	0.026205
0.040400	0.026237
0.040500	0.026270
0.040600	0.026303
0.040700	0.026336
0.040800	0.026368
0.040900	0.026401
0.041000	0.026433
0.041100	0.026465
0.041200	0.026497
0.041300	0.026530
0.041400	0.026562
0.041500	0.026594
0.041600	0.026625
0.041700	0.026657
0.041800	0.026689
0.041900	0.026721
0.042000	0.026752
0.042100	0.026784
0.042200	0.026815
0.042300	0.026847
0.042400	0.026878
0.042500	0.026909
0.042600	0.026940
0.042700	0.026971
0.042800	0.027002
0.042900	0.027033
0.043000	0.027064
0.043100	0.027095
0.043200	0.027125
0.043300	0.027156
0.043400	0.027186
0.043500	0.027217
0.043600	0.027247
0.043700	0.027277
0.043800	0.027308
0.043900	0.027338
0.044000	0.027368
0.044100	0.027398
0.044200	0.027428
0.044300	0.027457
0.044400	0.027487
0.044500	0.027517
0.044600	0.027547
0.044700	0.027576
0.044800	0.027606
0.044900	0.027635
0.045000	0.027664
0.045100	0.027694
0.045200	0.027723
0.045300	0.027752
0.045400	0.027781
0.045500	0.027810
0.045600	0.027839
0.045700	0.027868
0.045800	0.027897
0.045900	0.027925
0.046000	0.027954
0.046100	0.027982
0.046200	0.028011
0.046300	0.028039
0.046400	0.028068
0.046500	0.028096
0.046600	0.028124
0.046700	0.028152
0.046800	0.028181
0.046900	0.028209
0.047000	0.028237
0.047100	0.028264
0.047200	0.028292
0.047300	0.028320
0.047400	0.028348
0.047500	0.028375
0.047600	0.028403
0.047700	0.028430
0.047800	0.028458
0.047900	0.028485
0.048000	0.028513
0.048100	0.028540
0.048200	0.028567
0.048300	0.028594
0.048400	0.028621
0.048500	0.028648
0.048600	0.028675
0.048700	0.028702
0.048800	0.028729
0.048900	0.028755
0.049000	0.028782
0.049100	0.028809
0.049200	0.028835
0.049300	0.028862
0.049400	0.028888
0.049500	0.028915
0.049600	0.028941
0.049700	0.028967
0.049800	0.028993
0.049900	0.029019
0.050000	0.029045
0.050100	0.029071
0.050200	0.029097
0.050300	0.029123
0.050400	0.029149
0.050500	0.029175
0.050600	0.029201
0.050700	0.029226
0.050800	0.029252
0.050900	0.029277
0.051000	0.029303
0.051100	0.029328
0.051200	0.029353
0.051300	0.029379
0.051400	0.029404
0.051500	0.029429
0.051600	0.029454
0.051700	0.029479
0.051800	0.029504
0.051900	0.029529
0.052000	0.029554
0.052100	0.029579
0.052200	0.029604
0.052300	0.029628
0.052400	0.029653
0.052500	0.029678
0.052600	0.029702
0.052700	0.029727
0.052800	0.029751
0.052900	0.029775
0.053000	0.029800
0.053100	0.029824
0.053200	0.029848
0.053300	0.029872
0.053400	0.029896
0.053500	0.029921
0.053600	0.029945
0.053700	0.029968
0.053800	0.029992
0.053900	0.030016
0.054000	0.030040
0.054100	0.030064
0.054200	0.030087
0.054300	0.030111
0.054400	0.030134
0.054500	0.030158
0.054600	0.030181
0.054700	0.030205
0.054800	0.030228
0.054900	0.030251
0.055000	0.030275
0.055100	0.030298
0.055200	0.030321
0.055300	0.030344
0.055400	0.030367
0.055500	0.030390
0.055600	0.030413
0.055700	0.030436
0.055800	0.030459
0.055900	0.030481
0.056000	0.030504
0.056100	0.030527
0.056200	0.030549
0.056300	0.030572
0.056400	0.030594
0.056500	0.030617
0.056600	0.030639
0.056700	0.030662
0.056800	0.030684
0.056900	0.030706
0.057000	0.030729
0.057100	0.030751
0.057200	0.030773
0.057300	0.030795
0.057400	0.030817
0.057500	0.030839
0.057600	0.030861
0.057700	0.030883
0.057800	0.030905
0.057900	0.030926
0.058000	0.030948
0.058100	0.030970
0.058200	0.030991
0.058300	0.031013
0.058400	0.031034
0.058500	0.031056
0.058600	0.031077
0.058700	0.031099
0.058800	0.031120
0.058900	0.031141
0.059000	0.031163
0.059100	0.031184
0.059200	0.031205
0.059300	0.031226
0.059400	0.031247
0.059500	0.031268
0.059600	0.031289
0.059700	0.031310
0.059800	0.031331
0.059900	0.031352
0.060000	0.031373
0.060100	0.031393
0.060200	0.031414
0.060300	0.031435
0.060400	0.031455
0.060500	0.031476
0.060600	0.031496
0.060700	0.031517
0.060800	0.031537
0.060900	0.031558
0.061000	0.031578
0.061100	0.031598
0.061200	0.031619
0.061300	0.031639
0.061400	0.031659
0.061500	0.031679
0.061600	0.031699
0.061700	0.031719
0.061800	0.031739
0.061900	0.031759
0.062000	0.031779
0.062100	0.031799
0.062200	0.031819
0.062300	0.031839
0.062400	0.031858
0.062500	0.031878
0.062600	0.031898
0.062700	0.031917
0.062800	0.031937
0.062900	0.031956
0.063000	0.031976
0.063100	0.031995
0.063200	0.032015
0.063300	0.032034
0.063400	0.032053
0.063500	0.032073
0.063600	0.032092
0.063700	0.032111
0.063800	0.032130
0.063900	0.032149
0.064000	0.032168
0.064100	0.032187
0.064200	0.032206
0.064300	0.032225
0.064400	0.032244
0.064500	0.032263
0.064600	0.032282
0.064700	0.032301
0.064800	0.032319
0.064900	0.032338
0.065000	0.032357
0.065100	0.032375
0.065200	0.032394
0.065300	0.032413
0.065400	0.032431
0.065500	0.032450
0.065600	0.032468
0.065700	0.032486
0.065800	0.032505
0.065900	0.032523
0.066000	0.032541
0.066100	0.032560
0.066200	0.032578
0.066300	0.032596
0.066400	0.032614
0.066500	0.032632
0.066600	0.032650
0.066700	0.032668
0.066800	0.032686
0.066900	0.032704
0.067000	0.032722
0.067100	0.032740
0.067200	0.032758
0.067300	0.032775
0.067400	0.032793
0.067500	0.032811
0.067600	0.032828
0.067700	0.032846
0.067800	0.032864
0.067900	0.032881
0.068000	0.032899
0.068100	0.032916
0.068200	0.032934
0.068300	0.032951
0.068400	0.032968
0.068500	0.032986
0.068600	0.033003
0.068700	0.033020
0.068800	0.033038
0.068900	0.033055
0.069000	0.033072
0.069100	0.033089
0.069200	0.033106
0.069300	0.033123
0.069400	0.033140
0.069500	0.033157
0.069600	0.033174
0.069700	0.033191
0.069800	0.033208
0.069900	0.033225
0.070000	0.033242
0.070100	0.033258
0.070200	0.033275
0.070300	0.033292
0.070400	0.033308
0.070500	0.033325
0.070600	0.033342
0.070700	0.033358
0.070800	0.033375
0.070900	0.033391
0.071000	0.033408
0.071100	0.033424
0.071200	0.033440
0.071300	0.033457
0.071400	0.033473
0.071500	0.033489
0.071600	0.033506
0.071700	0.033522
0.071800	0.033538
0.071900	0.033554
0.072000	0.033570
0.072100	0.033586
0.072200	0.033602
0.072300	0.033618
0.072400	0.033634
0.072500	0.033650
0.072600	0.033666
0.072700	0.033682
0.072800	0.033698
0.072900	0.033714
0.073000	0.033730
0.073100	0.033745
0.073200	0.033761
0.073300	0.033777
0.073400	0.033792
0.073500	0.033808
0.073600	0.033824
0.073700	0.033839
0.073800	0.033855
0.073900	0.033870
0.074000	0.033886
0.074100	0.033901
0.074200	0.033917
0.074300	0.033932
0.074400	0.033947
0.074500	0.033963
0.074600	0.033978
0.074700	0.033993
0.074800	0.034008
0.074900	0.034023
0.075000	0.034039
0.075100	0.034054
0.075200	0.034069
0.075300	0.034084
0.075400	0.034099
0.075500	0.034114
0.075600	0.034129
0.075700	0.034144
0.075800	0.034159
0.075900	0.034174
0.076000	0.034188
0.076100	0.034203
0.076200	0.034218
0.076300	0.034233
0.076400	0.034248
0.076500	0.034262
0.076600	0.034277
0.076700	0.034292
0.076800	0.034306
0.076900	0.034321
0.077000	0.034335
0.077100	0.034350
0.077200	0.034364
0.077300	0.034379
0.077400	0.034393
0.077500	0.034408
0.077600	0.034422
0.077700	0.034436
0.077800	0.034451
0.077900	0.034465
0.078000	0.034479
0.078100	0.034493
0.078200	0.034508
0.078300	0.034522
0.078400	0.034536
0.078500	0.034550
0.078600	0.034564
0.078700	0.034578
0.078800	0.034592
0.078900	0.034606
0.079000	0.034620
0.079100	0.034634
0.079200	0.034648
0.079300	0.034662
0.079400	0.034676
0.079500	0.034690
0.079600	0.034703
0.079700	0.034717
0.079800	0.034731
0.079900	0.034745
0.080000	0.034758
0.080100	0.034772
0.080200	0.034786
0.080300	0.034799
0.080400	0.034813
0.080500	0.034827
0.080600	0.034840
0.080700	0.034854
0.080800	0.034867
0.080900	0.034880
0.081000	0.034894
0.081100	0.034907
0.081200	0.034921
0.081300	0.034934
0.081400	0.034947
0.081500	0.034961
0.081600	0.034974
0.081700	0.034987
0.081800	0.035000
0.081900	0.035014
0.082000	0.035027
0.082100	0.035040
0.082200	0.035053
0.082300	0.035066
0.082400	0.035079
0.082500	0.035092
0.082600	0.035105
0.082700	0.035118
0.082800	0.035131
0.082900	0.035144
0.083000	0.035157
0.083100	0.035170
0.083200	0.035183
0.083300	0.035195
0.083400	0.035208
0.083500	0.035221
0.083600	0.035234
0.083700	0.035246
0.083800	0.035259
0.083900	0.035272
0.084000	0.035285
0.084100	0.035297
0.084200	0.035310
0.084300	0.035322
0.084400	0.035335
0.084500	0.035347
0.084600	0.035360
0.084700	0.035372
0.084800	0.035385
0.084900	0.035397
0.085000	0.035410
0.085100	0.035422
0.085200	0.035434
0.085300	0.035447
0.085400	0.035459
0.085500	0.035471
0.085600	0.035484
0.085700	0.035496
0.085800	0.035508
0.085900	0.035520
0.086000	0.035532
0.086100	0.035544
0.086200	0.035557
0.086300	0.035569
0.086400	0.035581
0.086500	0.035593
0.086600	0.035605
0.086700	0.035617
0.086800	0.035629
0.086900	0.035641
0.087000	0.035653
0.087100	0.035665
0.087200	0.035676
0.087300	0.035688
0.087400	0.035700
0.087500	0.035712
0.087600	0.035724
0.087700	0.035735
0.087800	0.035747
0.087900	0.035759
0.088000	0.035771
0.088100	0.035782
0.088200	0.035794
0.088300	0.035806
0.088400	0.035817
0.088500	0.035829
0.088600	0.035840
0.088700	0.035852
0.088800	0.035863
0.088900	0.035875
0.089000	0.035886
0.089100	0.035898
0.089200	0.035909
0.089300	0.035921
0.089400	0.035932
0.089500	0.035943
0.089600	0.035955
0.089700	0.035966
0.089800	0.035977
0.089900	0.035989
0.090000	0.036000
0.090100	0.036011
0.090200	0.036022
0.090300	0.036033
0.090400	0.036045
0.090500	0.036056
0.090600	0.036067
0.090700	0.036078
0.090800	0.036089
0.090900	0.036100
0.091000	0.036111
0.091100	0.036122
0.091200	0.036133
0.091300	0.036144
0.091400	0.036155
0.091500	0.036166
0.091600	0.036177
0.091700	0.036188
0.091800	0.036199
0.091900	0.036209
0.092000	0.036220
0.092100	0.036231
0.092200	0.036242
0.092300	0.036253
0.092400	0.036263
0.092500	0.036274
0.092600	0.036285
0.092700	0.036295
0.092800	0.036306
0.092900	0.036317
0.093000	0.036327
0.093100	0.036338
0.093200	0.036348
0.093300	0.036359
0.093400	0.036370
0.093500	0.036380
0.093600	0.036391
0.093700	0.036401
0.093800	0.036411
0.093900	0.036422
0.094000	0.036432
0.094100	0.036443
0.094200	0.036453
0.094300	0.036463
0.094400	0.036474
0.094500	0.036484
0.094600	0.036494
0.094700	0.036505
0.094800	0.036515
0.094900	0.036525
0.095000	0.036535
0.095100	0.036545
0.095200	0.036556
0.095300	0.036566
0.095400	0.036576
0.095500	0.036586
0.095600	0.036596
0.095700	0.036606
0.095800	0.036616
0.095900	0.036626
0.096000	0.036636
0.096100	0.036646
0.096200	0.036656
0.096300	0.036666
0.096400	0.036676
0.096500	0.036686
0.096600	0.036696
0.096700	0.036706
0.096800	0.036716
0.096900	0.036726
0.097000	0.036736
0.097100	0.036745
0.097200	0.036755
0.097300	0.036765
0.097400	0.036775
0.097500	0.036784
0.097600	0.036794
0.097700	0.036804
0.097800	0.036813
0.097900	0.036823
0.098000	0.036833
0.098100	0.036842
0.098200	0.036852
0.098300	0.036862
0.098400	0.036871
0.098500	0.036881
0.098600	0.036890
0.098700	0.036900
0.098800	0.036909
0.098900	0.036919
0.099000	0.036928
0.099100	0.036938
0.099200	0.036947
0.099300	0.036957
0.099400	0.036966
0.099500	0.036975
0.099600	0.036985
0.099700	0.036994
0.099800	0.037003
0.099900	0.037013
0.100000	0.037022
0.100100	0.037031
0.100200	0.037040
0.100300	0.037050
0.100400	0.037059
0.100500	0.037068
0.100600	0.037077
0.100700	0.037086
0.100800	0.037096
0.100900	0.037105
0.101000	0.037114
0.101100	0.037123
0.101200	0.037132
0.101300	0.037141
0.101400	0.037150
0.101500	0.037159
0.101600	0.037168
0.101700	0.037177
0.101800	0.037186
0.101900	0.037195
0.102000	0.037204
0.102100	0.037213
0.102200	0.037222
0.102300	0.037231
0.102400	0.037240
0.102500	0.037248
0.102600	0.037257
0.102700	0.037266
0.102800	0.037275
0.102900	0.037284
0.103000	0.037292
0.103100	0.037301
0.103200	0.037310
0.103300	0.037319
0.103400	0.037327
0.103500	0.037336
0.103600	0.037345
0.103700	0.037353
0.103800	0.037362
0.103900	0.037371
0.104000	0.037379
0.104100	0.037388
0.104200	0.037396
0.104300	0.037405
0.104400	0.037414
0.104500	0.037422
0.104600	0.037431
0.104700	0.037439
0.104800	0.037448
0.104900	0.037456
0.105000	0.037464
0.105100	0.037473
0.105200	0.037481
0.105300	0.037490
0.105400	0.037498
0.105500	0.037506
0.105600	0.037515
0.105700	0.037523
0.105800	0.037532
0.105900	0.037540
0.106000	0.037548
0.106100	0.037556
0.106200	0.037565
0.106300	0.037573
0.106400	0.037581
0.106500	0.037589
0.106600	0.037598
0.106700	0.037606
0.106800	0.037614
0.106900	0.037622
0.107000	0.037630
0.107100	0.037638
0.107200	0.037646
0.107300	0.037655
0.107400	0.037663
0.107500	0.037671
0.107600	0.037679
0.107700	0.037687
0.107800	0.037695
0.107900	0.037703
0.108000	0.037711
0.108100	0.037719
0.108200	0.037727
0.108300	0.037735
0.108400	0.037743
0.108500	0.037750
0.108600	0.037758
0.108700	0.037766
0.108800	0.037774
0.108900	0.037782
0.109000	0.037790
0.109100	0.037798
0.109200	0.037805
0.109300	0.037813
0.109400	0.037821
0.109500	0.037829
0.109600	0.037837
0.109700	0.037844
0.109800	0.037852
0.109900	0.037860
0.110000	0.037867
0.110100	0.037875
0.110200	0.037883
0.110300	0.037890
0.110400	0.037898
0.110500	0.037906
0.110600	0.037913
0.110700	0.037921
0.110800	0.037929
0.110900	0.037936
0.111000	0.037944
0.111100	0.037951
0.111200	0.037959
0.111300	0.037966
0.111400	0.037974
0.111500	0.037981
0.111600	0.037989
0.111700	0.037996
0.111800	0.038004
0.111900	0.038011
0.112000	0.038018
0.112100	0.038026
0.112200	0.038033
0.112300	0.038041
0.112400	0.038048
0.112500	0.038055
0.112600	0.038063
0.112700	0.038070
0.112800	0.038077
0.112900	0.038085
0.113000	0.038092
0.113100	0.038099
0.113200	0.038106
0.113300	0.038114
0.113400	0.038121
0.113500	0.038128
0.113600	0.038135
0.113700	0.038142
0.113800	0.038150
0.113900	0.038157
0.114000	0.038164
0.114100	0.038171
0.114200	0.038178
0.114300	0.038185
0.114400	0.038192
0.114500	0.038199
0.114600	0.038207
0.114700	0.038214
0.114800	0.038221
0.114900	0.038228
0.115000	0.038235
0.115100	0.038242
0.115200	0.038249
0.115300	0.038256
0.115400	0.038263
0.115500	0.038270
0.115600	0.038277
0.115700	0.038283
0.115800	0.038290
0.115900	0.038297
0.116000	0.038304
0.116100	0.038311
0.116200	0.038318
0.116300	0.038325
0.116400	0.038332
0.116500	0.038338
0.116600	0.038345
0.116700	0.038352
0.116800	0.038359
0.116900	0.038366
0.117000	0.038372
0.117100	0.038379
0.117200	0.038386
0.117300	0.038393
0.117400	0.038399
0.117500	0.038406
0.117600	0.038413
0.117700	0.038419
0.117800	0.038426
0.117900	0.038433
0.118000	0.038439
0.118100	0.038446
0.118200	0.038453
0.118300	0.038459
0.118400	0.038466
0.118500	0.038472
0.118600	0.038479
0.118700	0.038485
0.118800	0.038492
0.118900	0.038498
0.119000	0.038505
0.119100	0.038512
0.119200	0.038518
0.119300	0.038524
0.119400	0.038531
0.119500	0.038537
0.119600	0.038544
0.119700	0.038550
0.119800	0.038557
0.119900	0.038563
0.120000	0.038570
0.120100	0.038576
0.120200	0.038582
0.120300	0.038589
0.120400	0.038595
0.120500	0.038601
0.120600	0.038608
0.120700	0.038614
0.120800	0.038620
0.120900	0.038627
0.121000	0.038633
0.121100	0.038639
0.121200	0.038645
0.121300	0.038652
0.121400	0.038658
0.121500	0.038664
0.121600	0.038670
0.121700	0.038677
0.121800	0.038683
0.121900	0.038689
0.122000	0.038695
0.122100	0.038701
0.122200	0.038707
0.122300	0.038714
0.122400	0.038720
0.122500	0.038726
0.122600	0.038732
0.122700	0.038738
0.122800	0.038744
0.122900	0.038750
0.123000	0.038756
0.123100	0.038762
0.123200	0.038768
0.123300	0.038774
0.123400	0.038780
0.123500	0.038786
0.123600	0.038792
0.123700	0.038798
0.123800	0.038804
0.123900	0.038810
0.124000	0.038816
0.124100	0.038822
0.124200	0.038828
0.124300	0.038834
0.124400	0.038840
0.124500	0.038846
0.124600	0.038852
0.124700	0.038858
0.124800	0.038863
0.124900	0.038869
0.125000	0.038875
0.125100	0.038881
0.125200	0.038887
0.125300	0.038893
0.125400	0.038898
0.125500	0.038904
0.125600	0.038910
0.125700	0.038916
0.125800	0.038921
0.125900	0.038927
0.126000	0.038933
0.126100	0.038939
0.126200	0.038944
0.126300	0.038950
0.126400	0.038956
0.126500	0.038961
0.126600	0.038967
0.126700	0.038973
0.126800	0.038978
0.126900	0.038984
0.127000	0.038990
0.127100	0.038995
0.127200	0.039001
0.127300	0.039007
0.127400	0.039012
0.127500	0.039018
0.127600	0.039023
0.127700	0.039029
0.127800	0.039034
0.127900	0.039040
0.128000	0.039046
0.128100	0.039051
0.128200	0.039057
0.128300	0.039062
0.128400	0.039068
0.128500	0.039073
0.128600	0.039078
0.128700	0.039084
0.128800	0.039089
0.128900	0.039095
0.129000	0.039100
0.129100	0.039106
0.129200	0.039111
0.129300	0.039117
0.129400	0.039122
0.129500	0.039127
0.129600	0.039133
0.129700	0.039138
0.129800	0.039143
0.129900	0.039149
0.130000	0.039154
0.130100	0.039159
0.130200	0.039165
0.130300	0.039170
0.130400	0.039175
0.130500	0.039181
0.130600	0.039186
0.130700	0.039191
0.130800	0.039196
0.130900	0.039202
0.131000	0.039207
0.131100	0.039212
0.131200	0.039217
0.131300	0.039223
0.131400	0.039228
0.131500	0.039233
0.131600	0.039238
0.131700	0.039243
0.131800	0.039248
0.131900	0.039254
0.132000	0.039259
0.132100	0.039264
0.132200	0.039269
0.132300	0.039274
0.132400	0.039279
0.132500	0.039284
0.132600	0.039289
0.132700	0.039295
0.132800	0.039300
0.132900	0.039305
0.133000	0.039310
0.133100	0.039315
0.133200	0.039320
0.133300	0.039325
0.133400	0.039330
0.133500	0.039335
0.133600	0.039340
0.133700	0.039345
0.133800	0.039350
0.133900	0.039355
0.134000	0.039360
0.134100	0.039365
0.134200	0.039370
0.134300	0.039375
0.134400	0.039380
0.134500	0.039384
0.134600	0.039389
0.134700	0.039394
0.134800	0.039399
0.134900	0.039404
0.135000	0.039409
0.135100	0.039414
0.135200	0.039419
0.135300	0.039423
0.135400	0.039428
0.135500	0.039433
0.135600	0.039438
0.135700	0.039443
0.135800	0.039448
0.135900	0.039452
0.136000	0.039457
0.136100	0.039462
0.136200	0.039467
0.136300	0.039471
0.136400	0.039476
0.136500	0.039481
0.136600	0.039486
0.136700	0.039490
0.136800	0.039495
0.136900	0.039500
0.137000	0.039505
0.137100	0.039509
0.137200	0.039514
0.137300	0.039519
0.137400	0.039523
0.137500	0.039528
0.137600	0.039533
0.137700	0.039537
0.137800	0.039542
0.137900	0.039547
0.138000	0.039551
0.138100	0.039556
0.138200	0.039560
0.138300	0.039565
0.138400	0.039570
0.138500	0.039574
0.138600	0.039579
0.138700	0.039583
0.138800	0.039588
0.138900	0.039592
0.139000	0.039597
0.139100	0.039601
0.139200	0.039606
0.139300	0.039610
0.139400	0.039615
0.139500	0.039619
0.139600	0.039624
0.139700	0.039628
0.139800	0.039633
0.139900	0.039637
0.140000	0.039642
0.140100	0.039646
0.140200	0.039651
0.140300	0.039655
0.140400	0.039660
0.140500	0.039664
0.140600	0.039668
0.140700	0.039673
0.140800	0.039677
0.140900	0.039682
0.141000	0.039686
0.141100	0.039690
0.141200	0.039695
0.141300	0.039699
0.141400	0.039703
0.141500	0.039708
0.141600	0.039712
0.141700	0.039716
0.141800	0.039721
0.141900	0.039725
0.142000	0.039729
0.142100	0.039734
0.142200	0.039738
0.142300	0.039742
0.142400	0.039746
0.142500	0.039751
0.142600	0.039755
0.142700	0.039759
0.142800	0.039763
0.142900	0.039768
0.143000	0.039772
0.143100	0.039776
0.143200	0.039780
0.143300	0.039784
0.143400	0.039789
0.143500	0.039793
0.143600	0.039797
0.143700	0.039801
0.143800	0.039805
0.143900	0.039809
0.144000	0.039814
0.144100	0.039818
0.144200	0.039822
0.144300	0.039826
0.144400	0.039830
0.144500	0.039834
0.144600	0.039838
0.144700	0.039842
0.144800	0.039847
0.144900	0.039851
0.145000	0.039855
0.145100	0.039859
0.145200	0.039863
0.145300	0.039867
0.145400	0.039871
0.145500	0.039875
0.145600	0.039879
0.145700	0.039883
0.145800	0.039887
0.145900	0.039891
0.146000	0.039895
0.146100	0.039899
0.146200	0.039903
0.146300	0.039907
0.146400	0.039911
0.146500	0.039915
0.146600	0.039919
0.146700	0.039923
0.146800	0.039927
0.146900	0.039931
0.147000	0.039935
0.147100	0.039939
0.147200	0.039942
0.147300	0.039946
0.147400	0.039950
0.147500	0.039954
0.147600	0.039958
0.147700	0.039962
0.147800	0.039966
0.147900	0.039970
0.148000	0.039974
0.148100	0.039977
0.148200	0.039981
0.148300	0.039985
0.148400	0.039989
0.148500	0.039993
0.148600	0.039997
0.148700	0.040000
0.148800	0.040004
0.148900	0.040008
0.149000	0.040012
0.149100	0.040016
0.149200	0.040019
0.149300	0.040023
0.149400	0.040027
0.149500	0.040031
0.149600	0.040034
0.149700	0.040038
0.149800	0.040042
0.149900	0.040046
0.150000	0.040049
0.150100	0.040053
0.150200	0.040057
0.150300	0.040061
0.150400	0.040064
0.150500	0.040068
0.150600	0.040072
0.150700	0.040075
0.150800	0.040079
0.150900	0.040083
0.151000	0.040086
0.151100	0.040090
0.151200	0.040094
0.151300	0.040097
0.151400	0.040101
0.151500	0.040104
0.151600	0.040108
0.151700	0.040112
0.151800	0.040115
0.151900	0.040119
0.152000	0.040123
0.152100	0.040126
0.152200	0.040130
0.152300	0.040133
0.152400	0.040137
0.152500	0.040140
0.152600	0.040144
0.152700	0.040148
0.152800	0.040151
0.152900	0.040155
0.153000	0.040158
0.153100	0.040162
0.153200	0.040165
0.153300	0.040169
0.153400	0.040172
0.153500	0.040176
0.153600	0.040179
0.153700	0.040183
0.153800	0.040186
0.153900	0.040190
0.154000	0.040193
0.154100	0.040197
0.154200	0.040200
0.154300	0.040203
0.154400	0.040207
0.154500	0.040210
0.154600	0.040214
0.154700	0.040217
0.154800	0.040221
0.154900	0.040224
0.155000	0.040227
0.155100	0.040231
0.155200	0.040234
0.155300	0.040238
0.155400	0.040241
0.155500	0.040244
0.155600	0.040248
0.155700	0.040251
0.155800	0.040255
0.155900	0.040258
0.156000	0.040261
0.156100	0.040265
0.156200	0.040268
0.156300	0.040271
0.156400	0.040275
0.156500	0.040278
0.156600	0.040281
0.156700	0.040285
0.156800	0.040288
0.156900	0.040291
0.157000	0.040294
0.157100	0.040298
0.157200	0.040301
0.157300	0.040304
0.157400	0.040308
0.157500	0.040311
0.157600	0.040314
0.157700	0.040317
0.157800	0.040321
0.157900	0.040324
0.158000	0.040327
0.158100	0.040330
0.158200	0.040333
0.158300	0.040337
0.158400	0.040340
0.158500	0.040343
0.158600	0.040346
0.158700	0.040349
0.158800	0.040353
0.158900	0.040356
0.159000	0.040359
0.159100	0.040362
0.159200	0.040365
0.159300	0.040368
0.159400	0.040372
0.159500	0.040375
0.159600	0.040378
0.159700	0.040381
0.159800	0.040384
0.159900	0.040387
0.160000	0.040390
0.160100	0.040394
0.160200	0.040397
0.160300	0.040400
0.160400	0.040403
0.160500	0.040406
0.160600	0.040409
0.160700	0.040412
0.160800	0.040415
0.160900	0.040418
0.161000	0.040421
0.161100	0.040424
0.161200	0.040427
0.161300	0.040430
0.161400	0.040434
0.161500	0.040437
0.161600	0.040440
0.161700	0.040443
0.161800	0.040446
0.161900	0.040449
0.162000	0.040452
0.162100	0.040455
0.162200	0.040458
0.162300	0.040461
0.162400	0.040464
0.162500	0.040467
0.162600	0.040470
0.162700	0.040473
0.162800	0.040476
0.162900	0.040479
0.163000	0.040481
0.163100	0.040484
0.163200	0.040487
0.163300	0.040490
0.163400	0.040493
0.163500	0.040496
0.163600	0.040499
0.163700	0.040502
0.163800	0.040505
0.163900	0.040508
0.164000	0.040511
0.164100	0.040514
0.164200	0.040517
0.164300	0.040519
0.164400	0.040522
0.164500	0.040525
0.164600	0.040528
0.164700	0.040531
0.164800	0.040534
0.164900	0.040537
0.165000	0.040540
0.165100	0.040542
0.165200	0.040545
0.165300	0.040548
0.165400	0.040551
0.165500	0.040554
0.165600	0.040557
0.165700	0.040559
0.165800	0.040562
0.165900	0.040565
0.166000	0.040568
0.166100	0.040571
0.166200	0.040573
0.166300	0.040576
0.166400	0.040579
0.166500	0.040582
0.166600	0.040585
0.166700	0.040587
0.166800	0.040590
0.166900	0.040593
0.167000	0.040596
0.167100	0.040598
0.167200	0.040601
0.167300	0.040604
0.167400	0.040607
0.167500	0.040609
0.167600	0.040612
0.167700	0.040615
0.167800	0.040617
0.167900	0.040620
0.168000	0.040623
0.168100	0.040626
0.168200	0.040628
0.168300	0.040631
0.168400	0.040634
0.168500	0.040636
0.168600	0.040639
0.168700	0.040642
0.168800	0.040644
0.168900	0.040647
0.169000	0.040650
0.169100	0.040652
0.169200	0.040655
0.169300	0.040658
0.169400	0.040660
0.169500	0.040663
0.169600	0.040666
0.169700	0.040668
0.169800	0.040671
0.169900	0.040673
0.170000	0.040676
0.170100	0.040679
0.170200	0.040681
0.170300	0.040684
0.170400	0.040686
0.170500	0.040689
0.170600	0.040692
0.170700	0.040694
0.170800	0.040697
0.170900	0.040699
0.171000	0.040702
0.171100	0.040705
0.171200	0.040707
0.171300	0.040710
0.171400	0.040712
0.171500	0.040715
0.171600	0.040717
0.171700	0.040720
0.171800	0.040722
0.171900	0.040725
0.172000	0.040727
0.172100	0.040730
0.172200	0.040732
0.172300	0.040735
0.172400	0.040737
0.172500	0.040740
0.172600	0.040742
0.172700	0.040745
0.172800	0.040747
0.172900	0.040750
0.173000	0.040752
0.173100	0.040755
0.173200	0.040757
0.173300	0.040760
0.173400	0.040762
0.173500	0.040765
0.173600	0.040767
0.173700	0.040770
0.173800	0.040772
0.173900	0.040775
0.174000	0.040777
0.174100	0.040779
0.174200	0.040782
0.174300	0.040784
0.174400	0.040787
0.174500	0.040789
0.174600	0.040791
0.174700	0.040794
0.174800	0.040796
0.174900	0.040799
0.175000	0.040801
0.175100	0.040803
0.175200	0.040806
0.175300	0.040808
0.175400	0.040811
0.175500	0.040813
0.175600	0.040815
0.175700	0.040818
0.175800	0.040820
0.175900	0.040822
0.176000	0.040825
0.176100	0.040827
0.176200	0.040829
0.176300	0.040832
0.176400	0.040834
0.176500	0.040836
0.176600	0.040839
0.176700	0.040841
0.176800	0.040843
0.176900	0.040846
0.177000	0.040848
0.177100	0.040850
0.177200	0.040853
0.177300	0.040855
0.177400	0.040857
0.177500	0.040860
0.177600	0.040862
0.177700	0.040864
0.177800	0.040866
0.177900	0.040869
0.178000	0.040871
0.178100	0.040873
0.178200	0.040875
0.178300	0.040878
0.178400	0.040880
0.178500	0.040882
0.178600	0.040884
0.178700	0.040887
0.178800	0.040889
0.178900	0.040891
0.179000	0.040893
0.179100	0.040896
0.179200	0.040898
0.179300	0.040900
0.179400	0.040902
0.179500	0.040905
0.179600	0.040907
0.179700	0.040909
0.179800	0.040911
0.179900	0.040913
0.180000	0.040916
0.180100	0.040918
0.180200	0.040920
0.180300	0.040922
0.180400	0.040924
0.180500	0.040926
0.180600	0.040929
0.180700	0.040931
0.180800	0.040933
0.180900	0.040935
0.181000	0.040937
0.181100	0.040939
0.181200	0.040941
0.181300	0.040944
0.181400	0.040946
0.181500	0.040948
0.181600	0.040950
0.181700	0.040952
0.181800	0.040954
0.181900	0.040956
0.182000	0.040959
0.182100	0.040961
0.182200	0.040963
0.182300	0.040965
0.182400	0.040967
0.182500	0.040969
0.182600	0.040971
0.182700	0.040973
0.182800	0.040975
0.182900	0.040977
0.183000	0.040979
0.183100	0.040982
0.183200	0.040984
0.183300	0.040986
0.183400	0.040988
0.183500	0.040990
0.183600	0.040992
0.183700	0.040994
0.183800	0.040996
0.183900	0.040998
0.184000	0.041000
0.184100	0.041002
0.184200	0.041004
0.184300	0.041006
0.184400	0.041008
0.184500	0.041010
0.184600	0.041012
0.184700	0.041014
0.184800	0.041016
0.184900	0.041018
0.185000	0.041020
0.185100	0.041022
0.185200	0.041024
0.185300	0.041026
0.185400	0.041028
0.185500	0.041030
0.185600	0.041032
0.185700	0.041034
0.185800	0.041036
0.185900	0.041038
0.186000	0.041040
0.186100	0.041042
0.186200	0.041044
0.186300	0.041046
0.186400	0.041048
0.186500	0.041050
0.186600	0.041052
0.186700	0.041054
0.186800	0.041056
0.186900	0.041058
0.187000	0.041060
0.187100	0.041062
0.187200	0.041064
0.187300	0.041066
0.187400	0.041067
0.187500	0.041069
0.187600	0.041071
0.187700	0.041073
0.187800	0.041075
0.187900	0.041077
0.188000	0.041079
0.188100	0.041081
0.188200	0.041083
0.188300	0.041085
0.188400	0.041086
0.188500	0.041088
0.188600	0.041090
0.188700	0.041092
0.188800	0.041094
0.188900	0.041096
0.189000	0.041098
0.189100	0.041100
0.189200	0.041101
0.189300	0.041103
0.189400	0.041105
0.189500	0.041107
0.189600	0.041109
0.189700	0.041111
0.189800	0.041113
0.189900	0.041114
0.190000	0.041116
0.190100	0.041118
0.190200	0.041120
0.190300	0.041122
0.190400	0.041124
0.190500	0.041125
0.190600	0.041127
0.190700	0.041129
0.190800	0.041131
0.190900	0.041133
0.191000	0.041134
0.191100	0.041136
0.191200	0.041138
0.191300	0.041140
0.191400	0.041142
0.191500	0.041143
0.191600	0.041145
0.191700	0.041147
0.191800	0.041149
0.191900	0.041151
0.192000	0.041152
0.192100	0.041154
0.192200	0.041156
0.192300	0.041158
0.192400	0.041159
0.192500	0.041161
0.192600	0.041163
0.192700	0.041165
0.192800	0.041166
0.192900	0.041168
0.193000	0.041170
0.193100	0.041172
0.193200	0.041173
0.193300	0.041175
0.193400	0.041177
0.193500	0.041179
0.193600	0.041180
0.193700	0.041182
0.193800	0.041184
0.193900	0.041186
0.194000	0.041187
0.194100	0.041189
0.194200	0.041191
0.194300	0.041192
0.194400	0.041194
0.194500	0.041196
0.194600	0.041197
0.194700	0.041199
0.194800	0.041201
0.194900	0.041203
0.195000	0.041204
0.195100	0.041206
0.195200	0.041208
0.195300	0.041209
0.195400	0.041211
0.195500	0.041213
0.195600	0.041214
0.195700	0.041216
0.195800	0.041218
0.195900	0.041219
0.196000	0.041221
0.196100	0.041223
0.196200	0.041224
0.196300	0.041226
0.196400	0.041227
0.196500	0.041229
0.196600	0.041231
0.196700	0.041232
0.196800	0.041234
0.196900	0.041236
0.197000	0.041237
0.197100	0.041239
0.197200	0.041241
0.197300	0.041242
0.197400	0.041244
0.197500	0.041245
0.197600	0.041247
0.197700	0.041249
0.197800	0.041250
0.197900	0.041252
0.198000	0.041253
0.198100	0.041255
0.198200	0.041257
0.198300	0.041258
0.198400	0.041260
0.198500	0.041261
0.198600	0.041263
0.198700	0.041264
0.198800	0.041266
0.198900	0.041268
0.199000	0.041269
0.199100	0.041271
0.199200	0.041272
0.199300	0.041274
0.199400	0.041275
0.199500	0.041277
0.199600	0.041279
0.199700	0.041280
0.199800	0.041282
0.199900	0.041283
0.200000	0.041285
0.200100	0.041286
