# Sandbox Data | Context: 101 | Index: 2 | Label: Sim CU-等围压不排水三轴试验
# Column_1: X_Axis	Column_2: Y_Axis
0.000100	0.020247
0.000200	0.040473
0.000300	0.060658
0.000400	0.080780
0.000500	0.100819
0.000600	0.120753
0.000700	0.140564
0.000800	0.160232
0.000900	0.179740
0.001000	0.199072
0.001100	0.218214
0.001200	0.237151
0.001300	0.255872
0.001400	0.274366
0.001500	0.292624
0.001600	0.310637
0.001700	0.328400
0.001800	0.345907
0.001900	0.363154
0.002000	0.380137
0.002100	0.396854
0.002200	0.413304
0.002300	0.429486
0.002400	0.445401
0.002500	0.461048
0.002600	0.476430
0.002700	0.491548
0.002800	0.506404
0.002900	0.521001
0.003000	0.535341
0.003100	0.549427
0.003200	0.563264
0.003300	0.576853
0.003400	0.590199
0.003500	0.603305
0.003600	0.616176
0.003700	0.628814
0.003800	0.641224
0.003900	0.653410
0.004000	0.665375
0.004100	0.677123
0.004200	0.688658
0.004300	0.699984
0.004400	0.711105
0.004500	0.722024
0.004600	0.732745
0.004700	0.743271
0.004800	0.753607
0.004900	0.763756
0.005000	0.773720
0.005100	0.783504
0.005200	0.793111
0.005300	0.802544
0.005400	0.811806
0.005500	0.820901
0.005600	0.829831
0.005700	0.838600
0.005800	0.847209
0.005900	0.855664
0.006000	0.863965
0.006100	0.872116
0.006200	0.880119
0.006300	0.887978
0.006400	0.895695
0.006500	0.903271
0.006600	0.910711
0.006700	0.918015
0.006800	0.925187
0.006900	0.932230
0.007000	0.939144
0.007100	0.945932
0.007200	0.952597
0.007300	0.959141
0.007400	0.965565
0.007500	0.971872
0.007600	0.978064
0.007700	0.984143
0.007800	0.990110
0.007900	0.995968
0.008000	1.001718
0.008100	1.007362
0.008200	1.012903
0.008300	1.018341
0.008400	1.023678
0.008500	1.028917
0.008600	1.034058
0.008700	1.039103
0.008800	1.044055
0.008900	1.048914
0.009000	1.053681
0.009100	1.058359
0.009200	1.062949
0.009300	1.067453
0.009400	1.071871
0.009500	1.076205
0.009600	1.080457
0.009700	1.084627
0.009800	1.088718
0.009900	1.092729
0.010000	1.096664
0.010100	1.100522
0.010200	1.104306
0.010300	1.108016
0.010400	1.111653
0.010500	1.115219
0.010600	1.118714
0.010700	1.122141
0.010800	1.125499
0.010900	1.128791
0.011000	1.132016
0.011100	1.135177
0.011200	1.138274
0.011300	1.141308
0.011400	1.144280
0.011500	1.147192
0.011600	1.150043
0.011700	1.152836
0.011800	1.155570
0.011900	1.158248
0.012000	1.160869
0.012100	1.163435
0.012200	1.165946
0.012300	1.168404
0.012400	1.170809
0.012500	1.173162
0.012600	1.175464
0.012700	1.177715
0.012800	1.179917
0.012900	1.182071
0.013000	1.184176
0.013100	1.186234
0.013200	1.188245
0.013300	1.190211
0.013400	1.192132
0.013500	1.194008
0.013600	1.195841
0.013700	1.197631
0.013800	1.199378
0.013900	1.201084
0.014000	1.202749
0.014100	1.204374
0.014200	1.205959
0.014300	1.207505
0.014400	1.209012
0.014500	1.210482
0.014600	1.211914
0.014700	1.213310
0.014800	1.214670
0.014900	1.215994
0.015000	1.217283
0.015100	1.218538
0.015200	1.219759
0.015300	1.220947
0.015400	1.222102
0.015500	1.223225
0.015600	1.224316
0.015700	1.225376
0.015800	1.226405
0.015900	1.227405
0.016000	1.228374
0.016100	1.229314
0.016200	1.230225
0.016300	1.231109
0.016400	1.231964
0.016500	1.232792
0.016600	1.233593
0.016700	1.234367
0.016800	1.235115
0.016900	1.235838
0.017000	1.236536
0.017100	1.237208
0.017200	1.237856
0.017300	1.238481
0.017400	1.239081
0.017500	1.239659
0.017600	1.240213
0.017700	1.240746
0.017800	1.241256
0.017900	1.241744
0.018000	1.242211
0.018100	1.242657
0.018200	1.243083
0.018300	1.243488
0.018400	1.243873
0.018500	1.244239
0.018600	1.244585
0.018700	1.244912
0.018800	1.245221
0.018900	1.245512
0.019000	1.245784
0.019100	1.246039
0.019200	1.246277
0.019300	1.246497
0.019400	1.246701
0.019500	1.246888
0.019600	1.247059
0.019700	1.247214
0.019800	1.247353
0.019900	1.247478
0.020000	1.247587
0.020100	1.247681
0.020200	1.247761
0.020300	1.247826
0.020400	1.247877
0.020500	1.247915
0.020600	1.247939
0.020700	1.247950
0.020800	1.247948
0.020900	1.247933
0.021000	1.247905
0.021100	1.247865
0.021200	1.247813
0.021300	1.247749
0.021400	1.247674
0.021500	1.247587
0.021600	1.247489
0.021700	1.247379
0.021800	1.247259
0.021900	1.247129
0.022000	1.246988
0.022100	1.246837
0.022200	1.246676
0.022300	1.246505
0.022400	1.246324
0.022500	1.246134
0.022600	1.245935
0.022700	1.245727
0.022800	1.245510
0.022900	1.245284
0.023000	1.245050
0.023100	1.244807
0.023200	1.244557
0.023300	1.244298
0.023400	1.244031
0.023500	1.243757
0.023600	1.243475
0.023700	1.243186
0.023800	1.242890
0.023900	1.242587
0.024000	1.242276
0.024100	1.241959
0.024200	1.241636
0.024300	1.241306
0.024400	1.240969
0.024500	1.240627
0.024600	1.240278
0.024700	1.239924
0.024800	1.239564
0.024900	1.239198
0.025000	1.238827
0.025100	1.238450
0.025200	1.238068
0.025300	1.237681
0.025400	1.237289
0.025500	1.236892
0.025600	1.236490
0.025700	1.236084
0.025800	1.235673
0.025900	1.235258
0.026000	1.234839
0.026100	1.234415
0.026200	1.233987
0.026300	1.233555
0.026400	1.233119
0.026500	1.232680
0.026600	1.232237
0.026700	1.231790
0.026800	1.231340
0.026900	1.230887
0.027000	1.230430
0.027100	1.229970
0.027200	1.229507
0.027300	1.229040
0.027400	1.228571
0.027500	1.228100
0.027600	1.227625
0.027700	1.227148
0.027800	1.226668
0.027900	1.226186
0.028000	1.225701
0.028100	1.225214
0.028200	1.224725
0.028300	1.224233
0.028400	1.223740
0.028500	1.223244
0.028600	1.222747
0.028700	1.222247
0.028800	1.221746
0.028900	1.221243
0.029000	1.220738
0.029100	1.220232
0.029200	1.219724
0.029300	1.219215
0.029400	1.218705
0.029500	1.218193
0.029600	1.217679
0.029700	1.217165
0.029800	1.216649
0.029900	1.216133
0.030000	1.215615
0.030100	1.215096
0.030200	1.214576
0.030300	1.214056
0.030400	1.213535
0.030500	1.213012
0.030600	1.212490
0.030700	1.211966
0.030800	1.211442
0.030900	1.210917
0.031000	1.210392
0.031100	1.209866
0.031200	1.209340
0.031300	1.208814
0.031400	1.208287
0.031500	1.207760
0.031600	1.207233
0.031700	1.206705
0.031800	1.206178
0.031900	1.205650
0.032000	1.205122
0.032100	1.204594
0.032200	1.204066
0.032300	1.203538
0.032400	1.203011
0.032500	1.202483
0.032600	1.201955
0.032700	1.201428
0.032800	1.200901
0.032900	1.200374
0.033000	1.199848
0.033100	1.199322
0.033200	1.198796
0.033300	1.198270
0.033400	1.197745
0.033500	1.197221
0.033600	1.196696
0.033700	1.196173
0.033800	1.195650
0.033900	1.195127
0.034000	1.194605
0.034100	1.194084
0.034200	1.193563
0.034300	1.193043
0.034400	1.192524
0.034500	1.192005
0.034600	1.191488
0.034700	1.190970
0.034800	1.190454
0.034900	1.189939
0.035000	1.189424
0.035100	1.188910
0.035200	1.188397
0.035300	1.187885
0.035400	1.187374
0.035500	1.186864
0.035600	1.186355
0.035700	1.185847
0.035800	1.185339
0.035900	1.184833
0.036000	1.184328
0.036100	1.183824
0.036200	1.183321
0.036300	1.182819
0.036400	1.182318
0.036500	1.181818
0.036600	1.181319
0.036700	1.180822
0.036800	1.180325
0.036900	1.179830
0.037000	1.179336
0.037100	1.178843
0.037200	1.178352
0.037300	1.177861
0.037400	1.177372
0.037500	1.176884
0.037600	1.176397
0.037700	1.175912
0.037800	1.175428
0.037900	1.174945
0.038000	1.174463
0.038100	1.173983
0.038200	1.173504
0.038300	1.173027
0.038400	1.172550
0.038500	1.172076
0.038600	1.171602
0.038700	1.171130
0.038800	1.170659
0.038900	1.170190
0.039000	1.169722
0.039100	1.169255
0.039200	1.168790
0.039300	1.168326
0.039400	1.167864
0.039500	1.167403
0.039600	1.166943
0.039700	1.166485
0.039800	1.166028
0.039900	1.165573
0.040000	1.165119
0.040100	1.164667
0.040200	1.164216
0.040300	1.163767
0.040400	1.163319
0.040500	1.162872
0.040600	1.162427
0.040700	1.161984
0.040800	1.161542
0.040900	1.161101
0.041000	1.160662
0.041100	1.160225
0.041200	1.159789
0.041300	1.159354
0.041400	1.158921
0.041500	1.158490
0.041600	1.158060
0.041700	1.157631
0.041800	1.157204
0.041900	1.156779
0.042000	1.156355
0.042100	1.155932
0.042200	1.155511
0.042300	1.155092
0.042400	1.154674
0.042500	1.154258
0.042600	1.153843
0.042700	1.153430
0.042800	1.153018
0.042900	1.152607
0.043000	1.152199
0.043100	1.151791
0.043200	1.151386
0.043300	1.150981
0.043400	1.150579
0.043500	1.150178
0.043600	1.149778
0.043700	1.149380
0.043800	1.148983
0.043900	1.148588
0.044000	1.148194
0.044100	1.147802
0.044200	1.147412
0.044300	1.147023
0.044400	1.146635
0.044500	1.146249
0.044600	1.145865
0.044700	1.145482
0.044800	1.145100
0.044900	1.144720
0.045000	1.144342
0.045100	1.143965
0.045200	1.143589
0.045300	1.143215
0.045400	1.142843
0.045500	1.142472
0.045600	1.142102
0.045700	1.141734
0.045800	1.141367
0.045900	1.141002
0.046000	1.140639
0.046100	1.140277
0.046200	1.139916
0.046300	1.139557
0.046400	1.139199
0.046500	1.138843
0.046600	1.138488
0.046700	1.138134
0.046800	1.137783
0.046900	1.137432
0.047000	1.137083
0.047100	1.136736
0.047200	1.136389
0.047300	1.136045
0.047400	1.135701
0.047500	1.135360
0.047600	1.135019
0.047700	1.134680
0.047800	1.134343
0.047900	1.134006
0.048000	1.133672
0.048100	1.133338
0.048200	1.133006
0.048300	1.132676
0.048400	1.132347
0.048500	1.132019
0.048600	1.131693
0.048700	1.131368
0.048800	1.131044
0.048900	1.130722
0.049000	1.130401
0.049100	1.130081
0.049200	1.129763
0.049300	1.129446
0.049400	1.129131
0.049500	1.128817
0.049600	1.128504
0.049700	1.128193
0.049800	1.127883
0.049900	1.127574
0.050000	1.127267
0.050100	1.126961
0.050200	1.126656
0.050300	1.126352
0.050400	1.126050
0.050500	1.125750
0.050600	1.125450
0.050700	1.125152
0.050800	1.124855
0.050900	1.124559
0.051000	1.124265
0.051100	1.123972
0.051200	1.123680
0.051300	1.123390
0.051400	1.123100
0.051500	1.122812
0.051600	1.122525
0.051700	1.122240
0.051800	1.121956
0.051900	1.121673
0.052000	1.121391
0.052100	1.121110
0.052200	1.120831
0.052300	1.120553
0.052400	1.120276
0.052500	1.120001
0.052600	1.119726
0.052700	1.119453
0.052800	1.119181
0.052900	1.118910
0.053000	1.118640
0.053100	1.118372
0.053200	1.118105
0.053300	1.117838
0.053400	1.117573
0.053500	1.117310
0.053600	1.117047
0.053700	1.116786
0.053800	1.116525
0.053900	1.116266
0.054000	1.116008
0.054100	1.115751
0.054200	1.115496
0.054300	1.115241
0.054400	1.114987
0.054500	1.114735
0.054600	1.114484
0.054700	1.114234
0.054800	1.113985
0.054900	1.113737
0.055000	1.113490
0.055100	1.113244
0.055200	1.113000
0.055300	1.112756
0.055400	1.112513
0.055500	1.112272
0.055600	1.112032
0.055700	1.111792
0.055800	1.111554
0.055900	1.111317
0.056000	1.111081
0.056100	1.110846
0.056200	1.110612
0.056300	1.110379
0.056400	1.110147
0.056500	1.109916
0.056600	1.109686
0.056700	1.109457
0.056800	1.109229
0.056900	1.109002
0.057000	1.108777
0.057100	1.108552
0.057200	1.108328
0.057300	1.108105
0.057400	1.107883
0.057500	1.107662
0.057600	1.107442
0.057700	1.107223
0.057800	1.107005
0.057900	1.106788
0.058000	1.106572
0.058100	1.106357
0.058200	1.106143
0.058300	1.105930
0.058400	1.105717
0.058500	1.105506
0.058600	1.105296
0.058700	1.105086
0.058800	1.104878
0.058900	1.104670
0.059000	1.104463
0.059100	1.104258
0.059200	1.104053
0.059300	1.103849
0.059400	1.103646
0.059500	1.103444
0.059600	1.103242
0.059700	1.103042
0.059800	1.102842
0.059900	1.102644
0.060000	1.102446
0.060100	1.102249
0.060200	1.102053
0.060300	1.101858
0.060400	1.101664
0.060500	1.101470
0.060600	1.101278
0.060700	1.101086
0.060800	1.100895
0.060900	1.100705
0.061000	1.100516
0.061100	1.100327
0.061200	1.100140
0.061300	1.099953
0.061400	1.099767
0.061500	1.099582
0.061600	1.099398
0.061700	1.099214
0.061800	1.099032
0.061900	1.098850
0.062000	1.098669
0.062100	1.098488
0.062200	1.098309
0.062300	1.098130
0.062400	1.097952
0.062500	1.097775
0.062600	1.097599
0.062700	1.097423
0.062800	1.097248
0.062900	1.097074
0.063000	1.096901
0.063100	1.096728
0.063200	1.096556
0.063300	1.096385
0.063400	1.096215
0.063500	1.096045
0.063600	1.095877
0.063700	1.095709
0.063800	1.095541
0.063900	1.095374
0.064000	1.095209
0.064100	1.095043
0.064200	1.094879
0.064300	1.094715
0.064400	1.094552
0.064500	1.094390
0.064600	1.094228
0.064700	1.094067
0.064800	1.093907
0.064900	1.093747
0.065000	1.093588
0.065100	1.093430
0.065200	1.093272
0.065300	1.093116
0.065400	1.092959
0.065500	1.092804
0.065600	1.092649
0.065700	1.092495
0.065800	1.092341
0.065900	1.092189
0.066000	1.092036
0.066100	1.091885
0.066200	1.091734
0.066300	1.091584
0.066400	1.091434
0.066500	1.091285
0.066600	1.091137
0.066700	1.090989
0.066800	1.090842
0.066900	1.090696
0.067000	1.090550
0.067100	1.090405
0.067200	1.090260
0.067300	1.090116
0.067400	1.089973
0.067500	1.089830
0.067600	1.089688
0.067700	1.089546
0.067800	1.089405
0.067900	1.089265
0.068000	1.089125
0.068100	1.088986
0.068200	1.088848
0.068300	1.088710
0.068400	1.088572
0.068500	1.088435
0.068600	1.088299
0.068700	1.088163
0.068800	1.088028
0.068900	1.087894
0.069000	1.087760
0.069100	1.087627
0.069200	1.087494
0.069300	1.087361
0.069400	1.087230
0.069500	1.087099
0.069600	1.086968
0.069700	1.086838
0.069800	1.086708
0.069900	1.086579
0.070000	1.086451
0.070100	1.086323
0.070200	1.086196
0.070300	1.086069
0.070400	1.085943
0.070500	1.085817
0.070600	1.085691
0.070700	1.085567
0.070800	1.085442
0.070900	1.085319
0.071000	1.085196
0.071100	1.085073
0.071200	1.084951
0.071300	1.084829
0.071400	1.084708
0.071500	1.084587
0.071600	1.084467
0.071700	1.084347
0.071800	1.084228
0.071900	1.084110
0.072000	1.083991
0.072100	1.083874
0.072200	1.083756
0.072300	1.083640
0.072400	1.083523
0.072500	1.083408
0.072600	1.083292
0.072700	1.083177
0.072800	1.083063
0.072900	1.082949
0.073000	1.082836
0.073100	1.082723
0.073200	1.082610
0.073300	1.082498
0.073400	1.082387
0.073500	1.082275
0.073600	1.082165
0.073700	1.082054
0.073800	1.081945
0.073900	1.081835
0.074000	1.081726
0.074100	1.081618
0.074200	1.081510
0.074300	1.081402
0.074400	1.081295
0.074500	1.081188
0.074600	1.081082
0.074700	1.080976
0.074800	1.080871
0.074900	1.080766
0.075000	1.080661
0.075100	1.080557
0.075200	1.080453
0.075300	1.080350
0.075400	1.080247
0.075500	1.080145
0.075600	1.080042
0.075700	1.079941
0.075800	1.079840
0.075900	1.079739
0.076000	1.079638
0.076100	1.079538
0.076200	1.079438
0.076300	1.079339
0.076400	1.079240
0.076500	1.079142
0.076600	1.079044
0.076700	1.078946
0.076800	1.078849
0.076900	1.078752
0.077000	1.078655
0.077100	1.078559
0.077200	1.078463
0.077300	1.078368
0.077400	1.078273
0.077500	1.078178
0.077600	1.078084
0.077700	1.077990
0.077800	1.077896
0.077900	1.077803
0.078000	1.077710
0.078100	1.077618
0.078200	1.077526
0.078300	1.077434
0.078400	1.077343
0.078500	1.077252
0.078600	1.077161
0.078700	1.077071
0.078800	1.076981
0.078900	1.076891
0.079000	1.076802
0.079100	1.076713
0.079200	1.076625
0.079300	1.076537
0.079400	1.076449
0.079500	1.076361
0.079600	1.076274
0.079700	1.076187
0.079800	1.076101
0.079900	1.076014
0.080000	1.075929
0.080100	1.075843
0.080200	1.075758
0.080300	1.075673
0.080400	1.075589
0.080500	1.075504
0.080600	1.075421
0.080700	1.075337
0.080800	1.075254
0.080900	1.075171
0.081000	1.075088
0.081100	1.075006
0.081200	1.074924
0.081300	1.074842
0.081400	1.074761
0.081500	1.074680
0.081600	1.074599
0.081700	1.074519
0.081800	1.074439
0.081900	1.074359
0.082000	1.074280
0.082100	1.074201
0.082200	1.074122
0.082300	1.074043
0.082400	1.073965
0.082500	1.073887
0.082600	1.073809
0.082700	1.073732
0.082800	1.073655
0.082900	1.073578
0.083000	1.073501
0.083100	1.073425
0.083200	1.073349
0.083300	1.073273
0.083400	1.073198
0.083500	1.073123
0.083600	1.073048
0.083700	1.072974
0.083800	1.072899
0.083900	1.072826
0.084000	1.072752
0.084100	1.072678
0.084200	1.072605
0.084300	1.072532
0.084400	1.072460
0.084500	1.072388
0.084600	1.072315
0.084700	1.072244
0.084800	1.072172
0.084900	1.072101
0.085000	1.072030
0.085100	1.071959
0.085200	1.071889
0.085300	1.071819
0.085400	1.071749
0.085500	1.071679
0.085600	1.071610
0.085700	1.071540
0.085800	1.071472
0.085900	1.071403
0.086000	1.071335
0.086100	1.071266
0.086200	1.071198
0.086300	1.071131
0.086400	1.071063
0.086500	1.070996
0.086600	1.070929
0.086700	1.070863
0.086800	1.070796
0.086900	1.070730
0.087000	1.070664
0.087100	1.070599
0.087200	1.070533
0.087300	1.070468
0.087400	1.070403
0.087500	1.070338
0.087600	1.070274
0.087700	1.070210
0.087800	1.070146
0.087900	1.070082
0.088000	1.070018
0.088100	1.069955
0.088200	1.069892
0.088300	1.069829
0.088400	1.069766
0.088500	1.069704
0.088600	1.069642
0.088700	1.069580
0.088800	1.069518
0.088900	1.069457
0.089000	1.069395
0.089100	1.069334
0.089200	1.069273
0.089300	1.069213
0.089400	1.069152
0.089500	1.069092
0.089600	1.069032
0.089700	1.068972
0.089800	1.068913
0.089900	1.068854
0.090000	1.068794
0.090100	1.068736
0.090200	1.068677
0.090300	1.068618
0.090400	1.068560
0.090500	1.068502
0.090600	1.068444
0.090700	1.068387
0.090800	1.068329
0.090900	1.068272
0.091000	1.068215
0.091100	1.068158
0.091200	1.068101
0.091300	1.068045
0.091400	1.067989
0.091500	1.067933
0.091600	1.067877
0.091700	1.067821
0.091800	1.067766
0.091900	1.067711
0.092000	1.067655
0.092100	1.067601
0.092200	1.067546
0.092300	1.067491
0.092400	1.067437
0.092500	1.067383
0.092600	1.067329
0.092700	1.067276
0.092800	1.067222
0.092900	1.067169
0.093000	1.067116
0.093100	1.067063
0.093200	1.067010
0.093300	1.066957
0.093400	1.066905
0.093500	1.066853
0.093600	1.066801
0.093700	1.066749
0.093800	1.066697
0.093900	1.066646
0.094000	1.066594
0.094100	1.066543
0.094200	1.066492
0.094300	1.066441
0.094400	1.066391
0.094500	1.066340
0.094600	1.066290
0.094700	1.066240
0.094800	1.066190
0.094900	1.066141
0.095000	1.066091
0.095100	1.066042
0.095200	1.065992
0.095300	1.065943
0.095400	1.065894
0.095500	1.065846
0.095600	1.065797
0.095700	1.065749
0.095800	1.065701
0.095900	1.065653
0.096000	1.065605
0.096100	1.065557
0.096200	1.065510
0.096300	1.065462
0.096400	1.065415
0.096500	1.065368
0.096600	1.065321
0.096700	1.065274
0.096800	1.065228
0.096900	1.065181
0.097000	1.065135
0.097100	1.065089
0.097200	1.065043
0.097300	1.064997
0.097400	1.064952
0.097500	1.064906
0.097600	1.064861
0.097700	1.064816
0.097800	1.064771
0.097900	1.064726
0.098000	1.064681
0.098100	1.064637
0.098200	1.064592
0.098300	1.064548
0.098400	1.064504
0.098500	1.064460
0.098600	1.064416
0.098700	1.064372
0.098800	1.064329
0.098900	1.064286
0.099000	1.064242
0.099100	1.064199
0.099200	1.064156
0.099300	1.064114
0.099400	1.064071
0.099500	1.064029
0.099600	1.063986
0.099700	1.063944
0.099800	1.063902
0.099900	1.063860
0.100000	1.063818
0.100100	1.063777
0.100200	1.063735
0.100300	1.063694
0.100400	1.063653
0.100500	1.063611
0.100600	1.063571
0.100700	1.063530
0.100800	1.063489
0.100900	1.063449
0.101000	1.063408
0.101100	1.063368
0.101200	1.063328
0.101300	1.063288
0.101400	1.063248
0.101500	1.063208
0.101600	1.063169
0.101700	1.063129
0.101800	1.063090
0.101900	1.063051
0.102000	1.063011
0.102100	1.062973
0.102200	1.062934
0.102300	1.062895
0.102400	1.062856
0.102500	1.062818
0.102600	1.062780
0.102700	1.062742
0.102800	1.062704
0.102900	1.062666
0.103000	1.062628
0.103100	1.062590
0.103200	1.062553
0.103300	1.062515
0.103400	1.062478
0.103500	1.062441
0.103600	1.062404
0.103700	1.062367
0.103800	1.062330
0.103900	1.062293
0.104000	1.062257
0.104100	1.062220
0.104200	1.062184
0.104300	1.062148
0.104400	1.062112
0.104500	1.062076
0.104600	1.062040
0.104700	1.062004
0.104800	1.061968
0.104900	1.061933
0.105000	1.061897
0.105100	1.061862
0.105200	1.061827
0.105300	1.061792
0.105400	1.061757
0.105500	1.061722
0.105600	1.061687
0.105700	1.061653
0.105800	1.061618
0.105900	1.061584
0.106000	1.061550
0.106100	1.061516
0.106200	1.061482
0.106300	1.061448
0.106400	1.061414
0.106500	1.061380
0.106600	1.061347
0.106700	1.061313
0.106800	1.061280
0.106900	1.061246
0.107000	1.061213
0.107100	1.061180
0.107200	1.061147
0.107300	1.061114
0.107400	1.061082
0.107500	1.061049
0.107600	1.061016
0.107700	1.060984
0.107800	1.060952
0.107900	1.060919
0.108000	1.060887
0.108100	1.060855
0.108200	1.060823
0.108300	1.060792
0.108400	1.060760
0.108500	1.060728
0.108600	1.060697
0.108700	1.060665
0.108800	1.060634
0.108900	1.060603
0.109000	1.060572
0.109100	1.060541
0.109200	1.060510
0.109300	1.060479
0.109400	1.060448
0.109500	1.060418
0.109600	1.060387
0.109700	1.060357
0.109800	1.060327
0.109900	1.060296
0.110000	1.060266
0.110100	1.060236
0.110200	1.060206
0.110300	1.060177
0.110400	1.060147
0.110500	1.060117
0.110600	1.060088
0.110700	1.060058
0.110800	1.060029
0.110900	1.060000
0.111000	1.059970
0.111100	1.059941
0.111200	1.059912
0.111300	1.059883
0.111400	1.059855
0.111500	1.059826
0.111600	1.059797
0.111700	1.059769
0.111800	1.059740
0.111900	1.059712
0.112000	1.059684
0.112100	1.059655
0.112200	1.059627
0.112300	1.059599
0.112400	1.059571
0.112500	1.059544
0.112600	1.059516
0.112700	1.059488
0.112800	1.059461
0.112900	1.059433
0.113000	1.059406
0.113100	1.059378
0.113200	1.059351
0.113300	1.059324
0.113400	1.059297
0.113500	1.059270
0.113600	1.059243
0.113700	1.059216
0.113800	1.059190
0.113900	1.059163
0.114000	1.059137
0.114100	1.059110
0.114200	1.059084
0.114300	1.059057
0.114400	1.059031
0.114500	1.059005
0.114600	1.058979
0.114700	1.058953
0.114800	1.058927
0.114900	1.058901
0.115000	1.058876
0.115100	1.058850
0.115200	1.058824
0.115300	1.058799
0.115400	1.058774
0.115500	1.058748
0.115600	1.058723
0.115700	1.058698
0.115800	1.058673
0.115900	1.058648
0.116000	1.058623
0.116100	1.058598
0.116200	1.058573
0.116300	1.058548
0.116400	1.058524
0.116500	1.058499
0.116600	1.058475
0.116700	1.058450
0.116800	1.058426
0.116900	1.058402
0.117000	1.058378
0.117100	1.058353
0.117200	1.058329
0.117300	1.058306
0.117400	1.058282
0.117500	1.058258
0.117600	1.058234
0.117700	1.058210
0.117800	1.058187
0.117900	1.058163
0.118000	1.058140
0.118100	1.058117
0.118200	1.058093
0.118300	1.058070
0.118400	1.058047
0.118500	1.058024
0.118600	1.058001
0.118700	1.057978
0.118800	1.057955
0.118900	1.057932
0.119000	1.057909
0.119100	1.057887
0.119200	1.057864
0.119300	1.057842
0.119400	1.057819
0.119500	1.057797
0.119600	1.057774
0.119700	1.057752
0.119800	1.057730
0.119900	1.057708
0.120000	1.057686
0.120100	1.057664
0.120200	1.057642
0.120300	1.057620
0.120400	1.057598
0.120500	1.057577
0.120600	1.057555
0.120700	1.057533
0.120800	1.057512
0.120900	1.057490
0.121000	1.057469
0.121100	1.057448
0.121200	1.057427
0.121300	1.057405
0.121400	1.057384
0.121500	1.057363
0.121600	1.057342
0.121700	1.057321
0.121800	1.057300
0.121900	1.057280
0.122000	1.057259
0.122100	1.057238
0.122200	1.057217
0.122300	1.057197
0.122400	1.057176
0.122500	1.057156
0.122600	1.057136
0.122700	1.057115
0.122800	1.057095
0.122900	1.057075
0.123000	1.057055
0.123100	1.057035
0.123200	1.057015
0.123300	1.056995
0.123400	1.056975
0.123500	1.056955
0.123600	1.056935
0.123700	1.056916
0.123800	1.056896
0.123900	1.056876
0.124000	1.056857
0.124100	1.056837
0.124200	1.056818
0.124300	1.056799
0.124400	1.056779
0.124500	1.056760
0.124600	1.056741
0.124700	1.056722
0.124800	1.056703
0.124900	1.056684
0.125000	1.056665
0.125100	1.056646
0.125200	1.056627
0.125300	1.056608
0.125400	1.056590
0.125500	1.056571
0.125600	1.056552
0.125700	1.056534
0.125800	1.056515
0.125900	1.056497
0.126000	1.056479
0.126100	1.056460
0.126200	1.056442
0.126300	1.056424
0.126400	1.056406
0.126500	1.056387
0.126600	1.056369
0.126700	1.056351
0.126800	1.056333
0.126900	1.056316
0.127000	1.056298
0.127100	1.056280
0.127200	1.056262
0.127300	1.056244
0.127400	1.056227
0.127500	1.056209
0.127600	1.056192
0.127700	1.056174
0.127800	1.056157
0.127900	1.056139
0.128000	1.056122
0.128100	1.056105
0.128200	1.056088
0.128300	1.056070
0.128400	1.056053
0.128500	1.056036
0.128600	1.056019
0.128700	1.056002
0.128800	1.055985
0.128900	1.055969
0.129000	1.055952
0.129100	1.055935
0.129200	1.055918
0.129300	1.055902
0.129400	1.055885
0.129500	1.055868
0.129600	1.055852
0.129700	1.055835
0.129800	1.055819
0.129900	1.055803
0.130000	1.055786
0.130100	1.055770
0.130200	1.055754
0.130300	1.055738
0.130400	1.055722
0.130500	1.055706
0.130600	1.055689
0.130700	1.055674
0.130800	1.055658
0.130900	1.055642
0.131000	1.055626
0.131100	1.055610
0.131200	1.055594
0.131300	1.055579
0.131400	1.055563
0.131500	1.055547
0.131600	1.055532
0.131700	1.055516
0.131800	1.055501
0.131900	1.055485
0.132000	1.055470
0.132100	1.055455
0.132200	1.055439
0.132300	1.055424
0.132400	1.055409
0.132500	1.055394
0.132600	1.055379
0.132700	1.055364
0.132800	1.055349
0.132900	1.055334
0.133000	1.055319
0.133100	1.055304
0.133200	1.055289
0.133300	1.055274
0.133400	1.055259
0.133500	1.055245
0.133600	1.055230
0.133700	1.055215
0.133800	1.055201
0.133900	1.055186
0.134000	1.055172
0.134100	1.055157
0.134200	1.055143
0.134300	1.055128
0.134400	1.055114
0.134500	1.055100
0.134600	1.055085
0.134700	1.055071
0.134800	1.055057
0.134900	1.055043
0.135000	1.055029
0.135100	1.055015
0.135200	1.055001
0.135300	1.054987
0.135400	1.054973
0.135500	1.054959
0.135600	1.054945
0.135700	1.054931
0.135800	1.054918
0.135900	1.054904
0.136000	1.054890
0.136100	1.054877
0.136200	1.054863
0.136300	1.054849
0.136400	1.054836
0.136500	1.054822
0.136600	1.054809
0.136700	1.054796
0.136800	1.054782
0.136900	1.054769
0.137000	1.054756
0.137100	1.054742
0.137200	1.054729
0.137300	1.054716
0.137400	1.054703
0.137500	1.054690
0.137600	1.054677
0.137700	1.054664
0.137800	1.054651
0.137900	1.054638
0.138000	1.054625
0.138100	1.054612
0.138200	1.054599
0.138300	1.054586
0.138400	1.054574
0.138500	1.054561
0.138600	1.054548
0.138700	1.054536
0.138800	1.054523
0.138900	1.054510
0.139000	1.054498
0.139100	1.054485
0.139200	1.054473
0.139300	1.054460
0.139400	1.054448
0.139500	1.054436
0.139600	1.054423
0.139700	1.054411
0.139800	1.054399
0.139900	1.054387
0.140000	1.054374
0.140100	1.054362
0.140200	1.054350
0.140300	1.054338
0.140400	1.054326
0.140500	1.054314
0.140600	1.054302
0.140700	1.054290
0.140800	1.054278
0.140900	1.054266
0.141000	1.054255
0.141100	1.054243
0.141200	1.054231
0.141300	1.054219
0.141400	1.054208
0.141500	1.054196
0.141600	1.054184
0.141700	1.054173
0.141800	1.054161
0.141900	1.054150
0.142000	1.054138
0.142100	1.054127
0.142200	1.054115
0.142300	1.054104
0.142400	1.054092
0.142500	1.054081
0.142600	1.054070
0.142700	1.054059
0.142800	1.054047
0.142900	1.054036
0.143000	1.054025
0.143100	1.054014
0.143200	1.054003
0.143300	1.053992
0.143400	1.053981
0.143500	1.053970
0.143600	1.053959
0.143700	1.053948
0.143800	1.053937
0.143900	1.053926
0.144000	1.053915
0.144100	1.053904
0.144200	1.053893
0.144300	1.053883
0.144400	1.053872
0.144500	1.053861
0.144600	1.053850
0.144700	1.053840
0.144800	1.053829
0.144900	1.053819
0.145000	1.053808
0.145100	1.053798
0.145200	1.053787
0.145300	1.053777
0.145400	1.053766
0.145500	1.053756
0.145600	1.053745
0.145700	1.053735
0.145800	1.053725
0.145900	1.053715
0.146000	1.053704
0.146100	1.053694
0.146200	1.053684
0.146300	1.053674
0.146400	1.053664
0.146500	1.053653
0.146600	1.053643
0.146700	1.053633
0.146800	1.053623
0.146900	1.053613
0.147000	1.053603
0.147100	1.053593
0.147200	1.053584
0.147300	1.053574
0.147400	1.053564
0.147500	1.053554
0.147600	1.053544
0.147700	1.053534
0.147800	1.053525
0.147900	1.053515
0.148000	1.053505
0.148100	1.053496
0.148200	1.053486
0.148300	1.053476
0.148400	1.053467
0.148500	1.053457
0.148600	1.053448
0.148700	1.053438
0.148800	1.053429
0.148900	1.053419
0.149000	1.053410
0.149100	1.053401
0.149200	1.053391
0.149300	1.053382
0.149400	1.053373
0.149500	1.053363
0.149600	1.053354
0.149700	1.053345
0.149800	1.053336
0.149900	1.053326
0.150000	1.053317
0.150100	1.053308
0.150200	1.053299
0.150300	1.053290
0.150400	1.053281
0.150500	1.053272
0.150600	1.053263
0.150700	1.053254
0.150800	1.053245
0.150900	1.053236
0.151000	1.053227
0.151100	1.053218
0.151200	1.053210
0.151300	1.053201
0.151400	1.053192
0.151500	1.053183
0.151600	1.053174
0.151700	1.053166
0.151800	1.053157
0.151900	1.053148
0.152000	1.053140
0.152100	1.053131
0.152200	1.053122
0.152300	1.053114
0.152400	1.053105
0.152500	1.053097
0.152600	1.053088
0.152700	1.053080
0.152800	1.053071
0.152900	1.053063
0.153000	1.053055
0.153100	1.053046
0.153200	1.053038
0.153300	1.053030
0.153400	1.053021
0.153500	1.053013
0.153600	1.053005
0.153700	1.052996
0.153800	1.052988
0.153900	1.052980
0.154000	1.052972
0.154100	1.052964
0.154200	1.052956
0.154300	1.052947
0.154400	1.052939
0.154500	1.052931
0.154600	1.052923
0.154700	1.052915
0.154800	1.052907
0.154900	1.052899
0.155000	1.052891
0.155100	1.052883
0.155200	1.052876
0.155300	1.052868
0.155400	1.052860
0.155500	1.052852
0.155600	1.052844
0.155700	1.052836
0.155800	1.052829
0.155900	1.052821
0.156000	1.052813
0.156100	1.052805
0.156200	1.052798
0.156300	1.052790
0.156400	1.052783
0.156500	1.052775
0.156600	1.052767
0.156700	1.052760
0.156800	1.052752
0.156900	1.052745
0.157000	1.052737
0.157100	1.052730
0.157200	1.052722
0.157300	1.052715
0.157400	1.052707
0.157500	1.052700
0.157600	1.052693
0.157700	1.052685
0.157800	1.052678
0.157900	1.052671
0.158000	1.052663
0.158100	1.052656
0.158200	1.052649
0.158300	1.052641
0.158400	1.052634
0.158500	1.052627
0.158600	1.052620
0.158700	1.052613
0.158800	1.052606
0.158900	1.052598
0.159000	1.052591
0.159100	1.052584
0.159200	1.052577
0.159300	1.052570
0.159400	1.052563
0.159500	1.052556
0.159600	1.052549
0.159700	1.052542
0.159800	1.052535
0.159900	1.052528
0.160000	1.052521
0.160100	1.052515
0.160200	1.052508
0.160300	1.052501
0.160400	1.052494
0.160500	1.052487
0.160600	1.052480
0.160700	1.052474
0.160800	1.052467
0.160900	1.052460
0.161000	1.052453
0.161100	1.052447
0.161200	1.052440
0.161300	1.052433
0.161400	1.052427
0.161500	1.052420
0.161600	1.052414
0.161700	1.052407
0.161800	1.052400
0.161900	1.052394
0.162000	1.052387
0.162100	1.052381
0.162200	1.052374
0.162300	1.052368
0.162400	1.052361
0.162500	1.052355
0.162600	1.052349
0.162700	1.052342
0.162800	1.052336
0.162900	1.052329
0.163000	1.052323
0.163100	1.052317
0.163200	1.052310
0.163300	1.052304
0.163400	1.052298
0.163500	1.052292
0.163600	1.052285
0.163700	1.052279
0.163800	1.052273
0.163900	1.052267
0.164000	1.052261
0.164100	1.052254
0.164200	1.052248
0.164300	1.052242
0.164400	1.052236
0.164500	1.052230
0.164600	1.052224
0.164700	1.052218
0.164800	1.052212
0.164900	1.052206
0.165000	1.052200
0.165100	1.052194
0.165200	1.052188
0.165300	1.052182
0.165400	1.052176
0.165500	1.052170
0.165600	1.052164
0.165700	1.052158
0.165800	1.052152
0.165900	1.052146
0.166000	1.052141
0.166100	1.052135
0.166200	1.052129
0.166300	1.052123
0.166400	1.052117
0.166500	1.052112
0.166600	1.052106
0.166700	1.052100
0.166800	1.052095
0.166900	1.052089
0.167000	1.052083
0.167100	1.052077
0.167200	1.052072
0.167300	1.052066
0.167400	1.052061
0.167500	1.052055
0.167600	1.052049
0.167700	1.052044
0.167800	1.052038
0.167900	1.052033
0.168000	1.052027
0.168100	1.052022
0.168200	1.052016
0.168300	1.052011
0.168400	1.052005
0.168500	1.052000
0.168600	1.051994
0.168700	1.051989
0.168800	1.051984
0.168900	1.051978
0.169000	1.051973
0.169100	1.051967
0.169200	1.051962
0.169300	1.051957
0.169400	1.051951
0.169500	1.051946
0.169600	1.051941
0.169700	1.051936
0.169800	1.051930
0.169900	1.051925
0.170000	1.051920
0.170100	1.051915
0.170200	1.051909
0.170300	1.051904
0.170400	1.051899
0.170500	1.051894
0.170600	1.051889
0.170700	1.051884
0.170800	1.051879
0.170900	1.051873
0.171000	1.051868
0.171100	1.051863
0.171200	1.051858
0.171300	1.051853
0.171400	1.051848
0.171500	1.051843
0.171600	1.051838
0.171700	1.051833
0.171800	1.051828
0.171900	1.051823
0.172000	1.051818
0.172100	1.051813
0.172200	1.051808
0.172300	1.051804
0.172400	1.051799
0.172500	1.051794
0.172600	1.051789
0.172700	1.051784
0.172800	1.051779
0.172900	1.051774
0.173000	1.051770
0.173100	1.051765
0.173200	1.051760
0.173300	1.051755
0.173400	1.051750
0.173500	1.051746
0.173600	1.051741
0.173700	1.051736
0.173800	1.051732
0.173900	1.051727
0.174000	1.051722
0.174100	1.051718
0.174200	1.051713
0.174300	1.051708
0.174400	1.051704
0.174500	1.051699
0.174600	1.051694
0.174700	1.051690
0.174800	1.051685
0.174900	1.051681
0.175000	1.051676
0.175100	1.051672
0.175200	1.051667
0.175300	1.051663
0.175400	1.051658
0.175500	1.051654
0.175600	1.051649
0.175700	1.051645
0.175800	1.051640
0.175900	1.051636
0.176000	1.051631
0.176100	1.051627
0.176200	1.051622
0.176300	1.051618
0.176400	1.051614
0.176500	1.051609
0.176600	1.051605
0.176700	1.051601
0.176800	1.051596
0.176900	1.051592
0.177000	1.051588
0.177100	1.051583
0.177200	1.051579
0.177300	1.051575
0.177400	1.051571
0.177500	1.051566
0.177600	1.051562
0.177700	1.051558
0.177800	1.051554
0.177900	1.051549
0.178000	1.051545
0.178100	1.051541
0.178200	1.051537
0.178300	1.051533
0.178400	1.051529
0.178500	1.051524
0.178600	1.051520
0.178700	1.051516
0.178800	1.051512
0.178900	1.051508
0.179000	1.051504
0.179100	1.051500
0.179200	1.051496
0.179300	1.051492
0.179400	1.051488
0.179500	1.051484
0.179600	1.051480
0.179700	1.051476
0.179800	1.051472
0.179900	1.051468
0.180000	1.051464
0.180100	1.051460
0.180200	1.051456
0.180300	1.051452
0.180400	1.051448
0.180500	1.051444
0.180600	1.051440
0.180700	1.051436
0.180800	1.051432
0.180900	1.051429
0.181000	1.051425
0.181100	1.051421
0.181200	1.051417
0.181300	1.051413
0.181400	1.051409
0.181500	1.051406
0.181600	1.051402
0.181700	1.051398
0.181800	1.051394
0.181900	1.051390
0.182000	1.051387
0.182100	1.051383
0.182200	1.051379
0.182300	1.051375
0.182400	1.051372
0.182500	1.051368
0.182600	1.051364
0.182700	1.051361
0.182800	1.051357
0.182900	1.051353
0.183000	1.051350
0.183100	1.051346
0.183200	1.051342
0.183300	1.051339
0.183400	1.051335
0.183500	1.051332
0.183600	1.051328
0.183700	1.051324
0.183800	1.051321
0.183900	1.051317
0.184000	1.051314
0.184100	1.051310
0.184200	1.051307
0.184300	1.051303
0.184400	1.051300
0.184500	1.051296
0.184600	1.051293
0.184700	1.051289
0.184800	1.051286
0.184900	1.051282
0.185000	1.051279
0.185100	1.051275
0.185200	1.051272
0.185300	1.051268
0.185400	1.051265
0.185500	1.051261
0.185600	1.051258
0.185700	1.051255
0.185800	1.051251
0.185900	1.051248
0.186000	1.051245
0.186100	1.051241
0.186200	1.051238
0.186300	1.051234
0.186400	1.051231
0.186500	1.051228
0.186600	1.051225
0.186700	1.051221
0.186800	1.051218
0.186900	1.051215
0.187000	1.051211
0.187100	1.051208
0.187200	1.051205
0.187300	1.051202
0.187400	1.051198
0.187500	1.051195
0.187600	1.051192
0.187700	1.051189
0.187800	1.051185
0.187900	1.051182
0.188000	1.051179
0.188100	1.051176
0.188200	1.051173
0.188300	1.051170
0.188400	1.051166
0.188500	1.051163
0.188600	1.051160
0.188700	1.051157
0.188800	1.051154
0.188900	1.051151
0.189000	1.051148
0.189100	1.051145
0.189200	1.051141
0.189300	1.051138
0.189400	1.051135
0.189500	1.051132
0.189600	1.051129
0.189700	1.051126
0.189800	1.051123
0.189900	1.051120
0.190000	1.051117
0.190100	1.051114
0.190200	1.051111
0.190300	1.051108
0.190400	1.051105
0.190500	1.051102
0.190600	1.051099
0.190700	1.051096
0.190800	1.051093
0.190900	1.051090
0.191000	1.051087
0.191100	1.051084
0.191200	1.051082
0.191300	1.051079
0.191400	1.051076
0.191500	1.051073
0.191600	1.051070
0.191700	1.051067
0.191800	1.051064
0.191900	1.051061
0.192000	1.051058
0.192100	1.051056
0.192200	1.051053
0.192300	1.051050
0.192400	1.051047
0.192500	1.051044
0.192600	1.051041
0.192700	1.051039
0.192800	1.051036
0.192900	1.051033
0.193000	1.051030
0.193100	1.051028
0.193200	1.051025
0.193300	1.051022
0.193400	1.051019
0.193500	1.051016
0.193600	1.051014
0.193700	1.051011
0.193800	1.051008
0.193900	1.051006
0.194000	1.051003
0.194100	1.051000
0.194200	1.050997
0.194300	1.050995
0.194400	1.050992
0.194500	1.050989
0.194600	1.050987
0.194700	1.050984
0.194800	1.050981
0.194900	1.050979
0.195000	1.050976
0.195100	1.050974
0.195200	1.050971
0.195300	1.050968
0.195400	1.050966
0.195500	1.050963
0.195600	1.050961
0.195700	1.050958
0.195800	1.050955
0.195900	1.050953
0.196000	1.050950
0.196100	1.050948
0.196200	1.050945
0.196300	1.050943
0.196400	1.050940
0.196500	1.050938
0.196600	1.050935
0.196700	1.050933
0.196800	1.050930
0.196900	1.050927
0.197000	1.050925
0.197100	1.050923
0.197200	1.050920
0.197300	1.050918
0.197400	1.050915
0.197500	1.050913
0.197600	1.050910
0.197700	1.050908
0.197800	1.050905
0.197900	1.050903
0.198000	1.050900
0.198100	1.050898
0.198200	1.050896
0.198300	1.050893
0.198400	1.050891
0.198500	1.050888
0.198600	1.050886
0.198700	1.050884
0.198800	1.050881
0.198900	1.050879
0.199000	1.050877
0.199100	1.050874
0.199200	1.050872
0.199300	1.050869
0.199400	1.050867
0.199500	1.050865
0.199600	1.050862
0.199700	1.050860
0.199800	1.050858
0.199900	1.050856
0.200000	1.050853
0.200100	1.050851
0.200200	1.050849
0.200300	1.050846
0.200400	1.050844
0.200500	1.050842
0.200600	1.050840
0.200700	1.050837
0.200800	1.050835
0.200900	1.050833
0.201000	1.050831
0.201100	1.050828
0.201200	1.050826
0.201300	1.050824
0.201400	1.050822
0.201500	1.050819
0.201600	1.050817
0.201700	1.050815
0.201800	1.050813
0.201900	1.050811
0.202000	1.050809
0.202100	1.050806
0.202200	1.050804
0.202300	1.050802
0.202400	1.050800
0.202500	1.050798
0.202600	1.050796
0.202700	1.050793
0.202800	1.050791
0.202900	1.050789
0.203000	1.050787
0.203100	1.050785
0.203200	1.050783
0.203300	1.050781
0.203400	1.050779
0.203500	1.050777
0.203600	1.050774
0.203700	1.050772
0.203800	1.050770
0.203900	1.050768
0.204000	1.050766
0.204100	1.050764
0.204200	1.050762
0.204300	1.050760
0.204400	1.050758
0.204500	1.050756
0.204600	1.050754
0.204700	1.050752
0.204800	1.050750
0.204900	1.050748
0.205000	1.050746
0.205100	1.050744
0.205200	1.050742
0.205300	1.050740
0.205400	1.050738
0.205500	1.050736
0.205600	1.050734
0.205700	1.050732
0.205800	1.050730
0.205900	1.050728
0.206000	1.050726
0.206100	1.050724
0.206200	1.050722
0.206300	1.050720
0.206400	1.050718
0.206500	1.050716
0.206600	1.050714
0.206700	1.050713
0.206800	1.050711
0.206900	1.050709
0.207000	1.050707
0.207100	1.050705
0.207200	1.050703
0.207300	1.050701
0.207400	1.050699
0.207500	1.050697
0.207600	1.050695
0.207700	1.050694
0.207800	1.050692
0.207900	1.050690
0.208000	1.050688
0.208100	1.050686
0.208200	1.050684
0.208300	1.050683
0.208400	1.050681
0.208500	1.050679
0.208600	1.050677
0.208700	1.050675
0.208800	1.050673
0.208900	1.050672
0.209000	1.050670
0.209100	1.050668
0.209200	1.050666
0.209300	1.050664
0.209400	1.050663
0.209500	1.050661
0.209600	1.050659
0.209700	1.050657
0.209800	1.050656
0.209900	1.050654
0.210000	1.050652
0.210100	1.050650
0.210200	1.050649
0.210300	1.050647
0.210400	1.050645
0.210500	1.050643
0.210600	1.050642
0.210700	1.050640
0.210800	1.050638
0.210900	1.050636
0.211000	1.050635
0.211100	1.050633
0.211200	1.050631
0.211300	1.050630
0.211400	1.050628
0.211500	1.050626
0.211600	1.050625
0.211700	1.050623
0.211800	1.050621
0.211900	1.050620
0.212000	1.050618
0.212100	1.050616
0.212200	1.050615
0.212300	1.050613
0.212400	1.050611
0.212500	1.050610
0.212600	1.050608
0.212700	1.050606
0.212800	1.050605
0.212900	1.050603
0.213000	1.050602
0.213100	1.050600
0.213200	1.050598
0.213300	1.050597
0.213400	1.050595
0.213500	1.050594
0.213600	1.050592
0.213700	1.050590
0.213800	1.050589
0.213900	1.050587
0.214000	1.050586
0.214100	1.050584
0.214200	1.050582
0.214300	1.050581
0.214400	1.050579
0.214500	1.050578
0.214600	1.050576
0.214700	1.050575
0.214800	1.050573
0.214900	1.050572
0.215000	1.050570
0.215100	1.050569
0.215200	1.050567
0.215300	1.050566
0.215400	1.050564
0.215500	1.050563
0.215600	1.050561
0.215700	1.050559
0.215800	1.050558
0.215900	1.050556
0.216000	1.050555
0.216100	1.050554
0.216200	1.050552
0.216300	1.050551
0.216400	1.050549
0.216500	1.050548
0.216600	1.050546
0.216700	1.050545
0.216800	1.050543
0.216900	1.050542
0.217000	1.050540
0.217100	1.050539
0.217200	1.050537
0.217300	1.050536
0.217400	1.050535
0.217500	1.050533
0.217600	1.050532
0.217700	1.050530
0.217800	1.050529
0.217900	1.050527
0.218000	1.050526
0.218100	1.050525
0.218200	1.050523
0.218300	1.050522
0.218400	1.050520
0.218500	1.050519
0.218600	1.050518
0.218700	1.050516
0.218800	1.050515
0.218900	1.050513
0.219000	1.050512
0.219100	1.050511
0.219200	1.050509
0.219300	1.050508
0.219400	1.050507
0.219500	1.050505
0.219600	1.050504
0.219700	1.050503
0.219800	1.050501
0.219900	1.050500
0.220000	1.050499
0.220100	1.050497
0.220200	1.050496
0.220300	1.050495
0.220400	1.050493
0.220500	1.050492
0.220600	1.050491
0.220700	1.050489
0.220800	1.050488
0.220900	1.050487
0.221000	1.050485
0.221100	1.050484
0.221200	1.050483
0.221300	1.050481
0.221400	1.050480
0.221500	1.050479
0.221600	1.050478
0.221700	1.050476
0.221800	1.050475
0.221900	1.050474
0.222000	1.050472
0.222100	1.050471
0.222200	1.050470
0.222300	1.050469
0.222400	1.050467
0.222500	1.050466
0.222600	1.050465
0.222700	1.050464
0.222800	1.050462
0.222900	1.050461
0.223000	1.050460
0.223100	1.050459
0.223200	1.050458
0.223300	1.050456
0.223400	1.050455
0.223500	1.050454
0.223600	1.050453
0.223700	1.050451
0.223800	1.050450
0.223900	1.050449
0.224000	1.050448
0.224100	1.050447
0.224200	1.050445
0.224300	1.050444
0.224400	1.050443
0.224500	1.050442
0.224600	1.050441
0.224700	1.050439
0.224800	1.050438
0.224900	1.050437
0.225000	1.050436
0.225100	1.050435
0.225200	1.050434
0.225300	1.050432
0.225400	1.050431
0.225500	1.050430
0.225600	1.050429
0.225700	1.050428
0.225800	1.050427
0.225900	1.050426
0.226000	1.050424
0.226100	1.050423
0.226200	1.050422
0.226300	1.050421
0.226400	1.050420
0.226500	1.050419
0.226600	1.050418
0.226700	1.050417
0.226800	1.050415
0.226900	1.050414
0.227000	1.050413
0.227100	1.050412
0.227200	1.050411
0.227300	1.050410
0.227400	1.050409
0.227500	1.050408
0.227600	1.050407
0.227700	1.050406
0.227800	1.050404
0.227900	1.050403
0.228000	1.050402
0.228100	1.050401
0.228200	1.050400
0.228300	1.050399
0.228400	1.050398
0.228500	1.050397
0.228600	1.050396
0.228700	1.050395
0.228800	1.050394
0.228900	1.050393
0.229000	1.050392
0.229100	1.050391
0.229200	1.050390
0.229300	1.050388
0.229400	1.050387
0.229500	1.050386
0.229600	1.050385
0.229700	1.050384
0.229800	1.050383
0.229900	1.050382
0.230000	1.050381
0.230100	1.050380
0.230200	1.050379
0.230300	1.050378
0.230400	1.050377
0.230500	1.050376
0.230600	1.050375
0.230700	1.050374
0.230800	1.050373
0.230900	1.050372
0.231000	1.050371
0.231100	1.050370
0.231200	1.050369
0.231300	1.050368
0.231400	1.050367
0.231500	1.050366
0.231600	1.050365
0.231700	1.050364
0.231800	1.050363
0.231900	1.050362
0.232000	1.050361
0.232100	1.050360
0.232200	1.050359
0.232300	1.050358
0.232400	1.050358
0.232500	1.050357
0.232600	1.050356
0.232700	1.050355
0.232800	1.050354
0.232900	1.050353
0.233000	1.050352
0.233100	1.050351
0.233200	1.050350
0.233300	1.050349
0.233400	1.050348
0.233500	1.050347
0.233600	1.050346
0.233700	1.050345
0.233800	1.050344
0.233900	1.050343
0.234000	1.050343
0.234100	1.050342
0.234200	1.050341
0.234300	1.050340
0.234400	1.050339
0.234500	1.050338
0.234600	1.050337
0.234700	1.050336
0.234800	1.050335
0.234900	1.050334
0.235000	1.050333
0.235100	1.050333
0.235200	1.050332
0.235300	1.050331
0.235400	1.050330
0.235500	1.050329
0.235600	1.050328
0.235700	1.050327
0.235800	1.050326
0.235900	1.050326
0.236000	1.050325
0.236100	1.050324
0.236200	1.050323
0.236300	1.050322
0.236400	1.050321
0.236500	1.050320
0.236600	1.050319
0.236700	1.050319
0.236800	1.050318
0.236900	1.050317
0.237000	1.050316
0.237100	1.050315
0.237200	1.050314
0.237300	1.050314
0.237400	1.050313
0.237500	1.050312
0.237600	1.050311
0.237700	1.050310
0.237800	1.050309
0.237900	1.050309
0.238000	1.050308
0.238100	1.050307
0.238200	1.050306
0.238300	1.050305
0.238400	1.050304
0.238500	1.050304
0.238600	1.050303
0.238700	1.050302
0.238800	1.050301
0.238900	1.050300
0.239000	1.050300
0.239100	1.050299
0.239200	1.050298
0.239300	1.050297
0.239400	1.050296
0.239500	1.050296
0.239600	1.050295
0.239700	1.050294
0.239800	1.050293
0.239900	1.050292
0.240000	1.050292
0.240100	1.050291
0.240200	1.050290
0.240300	1.050289
0.240400	1.050289
0.240500	1.050288
0.240600	1.050287
0.240700	1.050286
0.240800	1.050285
0.240900	1.050285
0.241000	1.050284
0.241100	1.050283
0.241200	1.050282
0.241300	1.050282
0.241400	1.050281
0.241500	1.050280
0.241600	1.050279
0.241700	1.050279
0.241800	1.050278
0.241900	1.050277
0.242000	1.050276
0.242100	1.050276
0.242200	1.050275
0.242300	1.050274
0.242400	1.050274
0.242500	1.050273
0.242600	1.050272
0.242700	1.050271
0.242800	1.050271
0.242900	1.050270
0.243000	1.050269
0.243100	1.050268
0.243200	1.050268
0.243300	1.050267
0.243400	1.050266
0.243500	1.050266
0.243600	1.050265
0.243700	1.050264
0.243800	1.050263
0.243900	1.050263
0.244000	1.050262
0.244100	1.050261
0.244200	1.050261
0.244300	1.050260
0.244400	1.050259
0.244500	1.050259
0.244600	1.050258
0.244700	1.050257
0.244800	1.050256
0.244900	1.050256
0.245000	1.050255
0.245100	1.050254
0.245200	1.050254
0.245300	1.050253
0.245400	1.050252
0.245500	1.050252
0.245600	1.050251
0.245700	1.050250
0.245800	1.050250
0.245900	1.050249
0.246000	1.050248
0.246100	1.050248
0.246200	1.050247
0.246300	1.050246
0.246400	1.050246
0.246500	1.050245
0.246600	1.050244
0.246700	1.050244
0.246800	1.050243
0.246900	1.050242
0.247000	1.050242
0.247100	1.050241
0.247200	1.050241
0.247300	1.050240
0.247400	1.050239
0.247500	1.050239
0.247600	1.050238
0.247700	1.050237
0.247800	1.050237
0.247900	1.050236
0.248000	1.050235
0.248100	1.050235
0.248200	1.050234
0.248300	1.050234
0.248400	1.050233
0.248500	1.050232
0.248600	1.050232
0.248700	1.050231
0.248800	1.050230
0.248900	1.050230
0.249000	1.050229
0.249100	1.050229
0.249200	1.050228
0.249300	1.050227
0.249400	1.050227
0.249500	1.050226
0.249600	1.050226
0.249700	1.050225
0.249800	1.050224
0.249900	1.050224
0.250000	1.050223
0.250100	1.050223
0.250200	1.050222
0.250300	1.050221
0.250400	1.050221
0.250500	1.050220
0.250600	1.050220
0.250700	1.050219
0.250800	1.050218
0.250900	1.050218
0.251000	1.050217
0.251100	1.050217
0.251200	1.050216
0.251300	1.050216
0.251400	1.050215
0.251500	1.050214
0.251600	1.050214
0.251700	1.050213
0.251800	1.050213
0.251900	1.050212
0.252000	1.050212
0.252100	1.050211
0.252200	1.050210
0.252300	1.050210
0.252400	1.050209
0.252500	1.050209
0.252600	1.050208
0.252700	1.050208
0.252800	1.050207
0.252900	1.050207
0.253000	1.050206
0.253100	1.050205
0.253200	1.050205
0.253300	1.050204
0.253400	1.050204
0.253500	1.050203
0.253600	1.050203
0.253700	1.050202
0.253800	1.050202
0.253900	1.050201
0.254000	1.050201
0.254100	1.050200
0.254200	1.050199
0.254300	1.050199
0.254400	1.050198
0.254500	1.050198
0.254600	1.050197
0.254700	1.050197
0.254800	1.050196
0.254900	1.050196
0.255000	1.050195
0.255100	1.050195
0.255200	1.050194
0.255300	1.050194
0.255400	1.050193
0.255500	1.050193
0.255600	1.050192
0.255700	1.050192
0.255800	1.050191
0.255900	1.050191
0.256000	1.050190
0.256100	1.050190
0.256200	1.050189
0.256300	1.050189
0.256400	1.050188
0.256500	1.050188
0.256600	1.050187
0.256700	1.050187
0.256800	1.050186
0.256900	1.050186
0.257000	1.050185
0.257100	1.050185
0.257200	1.050184
0.257300	1.050184
0.257400	1.050183
0.257500	1.050183
0.257600	1.050182
0.257700	1.050182
0.257800	1.050181
0.257900	1.050181
0.258000	1.050180
0.258100	1.050180
0.258200	1.050179
0.258300	1.050179
0.258400	1.050178
0.258500	1.050178
0.258600	1.050177
0.258700	1.050177
0.258800	1.050176
0.258900	1.050176
0.259000	1.050175
0.259100	1.050175
0.259200	1.050174
0.259300	1.050174
0.259400	1.050174
0.259500	1.050173
0.259600	1.050173
0.259700	1.050172
0.259800	1.050172
0.259900	1.050171
0.260000	1.050171
0.260100	1.050170
0.260200	1.050170
0.260300	1.050169
0.260400	1.050169
0.260500	1.050169
0.260600	1.050168
0.260700	1.050168
0.260800	1.050167
0.260900	1.050167
0.261000	1.050166
0.261100	1.050166
0.261200	1.050165
0.261300	1.050165
0.261400	1.050165
0.261500	1.050164
0.261600	1.050164
0.261700	1.050163
0.261800	1.050163
0.261900	1.050162
0.262000	1.050162
0.262100	1.050161
0.262200	1.050161
0.262300	1.050161
0.262400	1.050160
0.262500	1.050160
0.262600	1.050159
0.262700	1.050159
0.262800	1.050158
0.262900	1.050158
0.263000	1.050158
0.263100	1.050157
0.263200	1.050157
0.263300	1.050156
0.263400	1.050156
0.263500	1.050156
0.263600	1.050155
0.263700	1.050155
0.263800	1.050154
0.263900	1.050154
0.264000	1.050153
0.264100	1.050153
0.264200	1.050153
0.264300	1.050152
0.264400	1.050152
0.264500	1.050151
0.264600	1.050151
0.264700	1.050151
0.264800	1.050150
0.264900	1.050150
0.265000	1.050149
0.265100	1.050149
0.265200	1.050149
0.265300	1.050148
0.265400	1.050148
0.265500	1.050147
0.265600	1.050147
0.265700	1.050147
0.265800	1.050146
0.265900	1.050146
0.266000	1.050145
0.266100	1.050145
0.266200	1.050145
0.266300	1.050144
0.266400	1.050144
0.266500	1.050144
0.266600	1.050143
0.266700	1.050143
0.266800	1.050142
0.266900	1.050142
0.267000	1.050142
0.267100	1.050141
0.267200	1.050141
0.267300	1.050141
0.267400	1.050140
0.267500	1.050140
0.267600	1.050139
0.267700	1.050139
0.267800	1.050139
0.267900	1.050138
0.268000	1.050138
0.268100	1.050138
0.268200	1.050137
0.268300	1.050137
0.268400	1.050136
0.268500	1.050136
0.268600	1.050136
0.268700	1.050135
0.268800	1.050135
0.268900	1.050135
0.269000	1.050134
0.269100	1.050134
0.269200	1.050134
0.269300	1.050133
0.269400	1.050133
0.269500	1.050132
0.269600	1.050132
0.269700	1.050132
0.269800	1.050131
0.269900	1.050131
0.270000	1.050131
0.270100	1.050130
0.270200	1.050130
0.270300	1.050130
0.270400	1.050129
0.270500	1.050129
0.270600	1.050129
0.270700	1.050128
0.270800	1.050128
0.270900	1.050128
0.271000	1.050127
0.271100	1.050127
0.271200	1.050127
0.271300	1.050126
0.271400	1.050126
0.271500	1.050126
0.271600	1.050125
0.271700	1.050125
0.271800	1.050125
0.271900	1.050124
0.272000	1.050124
0.272100	1.050124
0.272200	1.050123
0.272300	1.050123
0.272400	1.050123
0.272500	1.050122
0.272600	1.050122
0.272700	1.050122
0.272800	1.050121
0.272900	1.050121
0.273000	1.050121
0.273100	1.050120
0.273200	1.050120
0.273300	1.050120
0.273400	1.050119
0.273500	1.050119
0.273600	1.050119
0.273700	1.050118
0.273800	1.050118
0.273900	1.050118
0.274000	1.050117
0.274100	1.050117
0.274200	1.050117
0.274300	1.050117
0.274400	1.050116
0.274500	1.050116
0.274600	1.050116
0.274700	1.050115
0.274800	1.050115
0.274900	1.050115
0.275000	1.050114
0.275100	1.050114
0.275200	1.050114
0.275300	1.050113
0.275400	1.050113
0.275500	1.050113
0.275600	1.050113
0.275700	1.050112
0.275800	1.050112
0.275900	1.050112
0.276000	1.050111
0.276100	1.050111
0.276200	1.050111
0.276300	1.050110
0.276400	1.050110
0.276500	1.050110
0.276600	1.050110
0.276700	1.050109
0.276800	1.050109
0.276900	1.050109
0.277000	1.050108
0.277100	1.050108
0.277200	1.050108
0.277300	1.050108
0.277400	1.050107
0.277500	1.050107
0.277600	1.050107
0.277700	1.050106
0.277800	1.050106
0.277900	1.050106
0.278000	1.050106
0.278100	1.050105
0.278200	1.050105
0.278300	1.050105
0.278400	1.050104
0.278500	1.050104
0.278600	1.050104
0.278700	1.050104
0.278800	1.050103
0.278900	1.050103
0.279000	1.050103
0.279100	1.050102
0.279200	1.050102
0.279300	1.050102
0.279400	1.050102
0.279500	1.050101
0.279600	1.050101
0.279700	1.050101
0.279800	1.050101
0.279900	1.050100
0.280000	1.050100
0.280100	1.050100
0.280200	1.050100
0.280300	1.050099
0.280400	1.050099
0.280500	1.050099
0.280600	1.050098
0.280700	1.050098
0.280800	1.050098
0.280900	1.050098
0.281000	1.050097
0.281100	1.050097
0.281200	1.050097
0.281300	1.050097
0.281400	1.050096
0.281500	1.050096
0.281600	1.050096
0.281700	1.050096
0.281800	1.050095
0.281900	1.050095
0.282000	1.050095
0.282100	1.050095
0.282200	1.050094
0.282300	1.050094
0.282400	1.050094
0.282500	1.050094
0.282600	1.050093
0.282700	1.050093
0.282800	1.050093
0.282900	1.050093
0.283000	1.050092
0.283100	1.050092
0.283200	1.050092
0.283300	1.050092
0.283400	1.050091
0.283500	1.050091
0.283600	1.050091
0.283700	1.050091
0.283800	1.050090
0.283900	1.050090
0.284000	1.050090
0.284100	1.050090
0.284200	1.050089
0.284300	1.050089
0.284400	1.050089
0.284500	1.050089
0.284600	1.050088
0.284700	1.050088
0.284800	1.050088
0.284900	1.050088
0.285000	1.050088
0.285100	1.050087
0.285200	1.050087
0.285300	1.050087
0.285400	1.050087
0.285500	1.050086
0.285600	1.050086
0.285700	1.050086
0.285800	1.050086
0.285900	1.050085
0.286000	1.050085
0.286100	1.050085
0.286200	1.050085
0.286300	1.050085
0.286400	1.050084
0.286500	1.050084
0.286600	1.050084
0.286700	1.050084
0.286800	1.050083
0.286900	1.050083
0.287000	1.050083
0.287100	1.050083
0.287200	1.050083
0.287300	1.050082
0.287400	1.050082
0.287500	1.050082
0.287600	1.050082
0.287700	1.050081
0.287800	1.050081
0.287900	1.050081
0.288000	1.050081
0.288100	1.050081
0.288200	1.050080
0.288300	1.050080
0.288400	1.050080
0.288500	1.050080
0.288600	1.050080
0.288700	1.050079
0.288800	1.050079
0.288900	1.050079
0.289000	1.050079
0.289100	1.050078
0.289200	1.050078
0.289300	1.050078
0.289400	1.050078
0.289500	1.050078
0.289600	1.050077
0.289700	1.050077
0.289800	1.050077
0.289900	1.050077
0.290000	1.050077
0.290100	1.050076
0.290200	1.050076
0.290300	1.050076
0.290400	1.050076
0.290500	1.050076
0.290600	1.050075
0.290700	1.050075
0.290800	1.050075
0.290900	1.050075
0.291000	1.050075
0.291100	1.050074
0.291200	1.050074
0.291300	1.050074
0.291400	1.050074
0.291500	1.050074
0.291600	1.050073
0.291700	1.050073
0.291800	1.050073
0.291900	1.050073
0.292000	1.050073
0.292100	1.050072
0.292200	1.050072
0.292300	1.050072
0.292400	1.050072
0.292500	1.050072
0.292600	1.050071
0.292700	1.050071
0.292800	1.050071
0.292900	1.050071
0.293000	1.050071
0.293100	1.050070
0.293200	1.050070
0.293300	1.050070
0.293400	1.050070
0.293500	1.050070
0.293600	1.050070
0.293700	1.050069
0.293800	1.050069
0.293900	1.050069
0.294000	1.050069
0.294100	1.050069
0.294200	1.050068
0.294300	1.050068
0.294400	1.050068
0.294500	1.050068
0.294600	1.050068
0.294700	1.050068
0.294800	1.050067
0.294900	1.050067
0.295000	1.050067
0.295100	1.050067
0.295200	1.050067
0.295300	1.050066
0.295400	1.050066
0.295500	1.050066
0.295600	1.050066
0.295700	1.050066
0.295800	1.050066
0.295900	1.050065
0.296000	1.050065
0.296100	1.050065
0.296200	1.050065
0.296300	1.050065
0.296400	1.050065
0.296500	1.050064
0.296600	1.050064
0.296700	1.050064
0.296800	1.050064
0.296900	1.050064
0.297000	1.050064
0.297100	1.050063
0.297200	1.050063
0.297300	1.050063
0.297400	1.050063
0.297500	1.050063
0.297600	1.050063
0.297700	1.050062
0.297800	1.050062
0.297900	1.050062
0.298000	1.050062
0.298100	1.050062
0.298200	1.050062
0.298300	1.050061
0.298400	1.050061
0.298500	1.050061
0.298600	1.050061
0.298700	1.050061
0.298800	1.050061
0.298900	1.050060
0.299000	1.050060
0.299100	1.050060
0.299200	1.050060
0.299300	1.050060
0.299400	1.050060
0.299500	1.050059
0.299600	1.050059
0.299700	1.050059
0.299800	1.050059
0.299900	1.050059
0.300000	1.050059
