# Sandbox Data | Context: 101 | Index: 1 | Label: Sim CU-等围压排水三轴试验
# Column_1: X_Axis	Column_2: Y_Axis
0.000100	0.015073
0.000200	0.029912
0.000300	0.044511
0.000400	0.058866
0.000500	0.072976
0.000600	0.086839
0.000700	0.100455
0.000800	0.113826
0.000900	0.126953
0.001000	0.139837
0.001100	0.152481
0.001200	0.164890
0.001300	0.177066
0.001400	0.189013
0.001500	0.200735
0.001600	0.212237
0.001700	0.223523
0.001800	0.234598
0.001900	0.245466
0.002000	0.256133
0.002100	0.266603
0.002200	0.276881
0.002300	0.286972
0.002400	0.296880
0.002500	0.306610
0.002600	0.316166
0.002700	0.325553
0.002800	0.334776
0.002900	0.343838
0.003000	0.352745
0.003100	0.361499
0.003200	0.370105
0.003300	0.378567
0.003400	0.386889
0.003500	0.395074
0.003600	0.403126
0.003700	0.411048
0.003800	0.418843
0.003900	0.426515
0.004000	0.434068
0.004100	0.441503
0.004200	0.448824
0.004300	0.456034
0.004400	0.463136
0.004500	0.470131
0.004600	0.477024
0.004700	0.483815
0.004800	0.490509
0.004900	0.497106
0.005000	0.503610
0.005100	0.510022
0.005200	0.516345
0.005300	0.522580
0.005400	0.528731
0.005500	0.534797
0.005600	0.540782
0.005700	0.546688
0.005800	0.552515
0.005900	0.558266
0.006000	0.563943
0.006100	0.569546
0.006200	0.575078
0.006300	0.580540
0.006400	0.585933
0.006500	0.591259
0.006600	0.596519
0.006700	0.601715
0.006800	0.606848
0.006900	0.611918
0.007000	0.616928
0.007100	0.621879
0.007200	0.626771
0.007300	0.631606
0.007400	0.636384
0.007500	0.641108
0.007600	0.645777
0.007700	0.650393
0.007800	0.654957
0.007900	0.659470
0.008000	0.663932
0.008100	0.668345
0.008200	0.672710
0.008300	0.677027
0.008400	0.681297
0.008500	0.685521
0.008600	0.689699
0.008700	0.693833
0.008800	0.697923
0.008900	0.701971
0.009000	0.705975
0.009100	0.709939
0.009200	0.713861
0.009300	0.717742
0.009400	0.721585
0.009500	0.725388
0.009600	0.729152
0.009700	0.732879
0.009800	0.736568
0.009900	0.740221
0.010000	0.743837
0.010100	0.747418
0.010200	0.750963
0.010300	0.754474
0.010400	0.757951
0.010500	0.761395
0.010600	0.764805
0.010700	0.768183
0.010800	0.771528
0.010900	0.774842
0.011000	0.778124
0.011100	0.781376
0.011200	0.784597
0.011300	0.787788
0.011400	0.790949
0.011500	0.794082
0.011600	0.797185
0.011700	0.800260
0.011800	0.803307
0.011900	0.806326
0.012000	0.809318
0.012100	0.812283
0.012200	0.815222
0.012300	0.818134
0.012400	0.821020
0.012500	0.823880
0.012600	0.826716
0.012700	0.829526
0.012800	0.832311
0.012900	0.835072
0.013000	0.837809
0.013100	0.840522
0.013200	0.843212
0.013300	0.845878
0.013400	0.848522
0.013500	0.851143
0.013600	0.853741
0.013700	0.856317
0.013800	0.858871
0.013900	0.861404
0.014000	0.863915
0.014100	0.866405
0.014200	0.868874
0.014300	0.871322
0.014400	0.873750
0.014500	0.876158
0.014600	0.878545
0.014700	0.880913
0.014800	0.883262
0.014900	0.885590
0.015000	0.887900
0.015100	0.890191
0.015200	0.892463
0.015300	0.894717
0.015400	0.896952
0.015500	0.899169
0.015600	0.901368
0.015700	0.903549
0.015800	0.905712
0.015900	0.907859
0.016000	0.909988
0.016100	0.912100
0.016200	0.914195
0.016300	0.916273
0.016400	0.918335
0.016500	0.920380
0.016600	0.922409
0.016700	0.924422
0.016800	0.926419
0.016900	0.928401
0.017000	0.930366
0.017100	0.932317
0.017200	0.934252
0.017300	0.936172
0.017400	0.938077
0.017500	0.939967
0.017600	0.941842
0.017700	0.943703
0.017800	0.945549
0.017900	0.947381
0.018000	0.949199
0.018100	0.951003
0.018200	0.952793
0.018300	0.954569
0.018400	0.956331
0.018500	0.958080
0.018600	0.959816
0.018700	0.961538
0.018800	0.963247
0.018900	0.964943
0.019000	0.966626
0.019100	0.968296
0.019200	0.969954
0.019300	0.971599
0.019400	0.973231
0.019500	0.974851
0.019600	0.976459
0.019700	0.978055
0.019800	0.979638
0.019900	0.981210
0.020000	0.982770
0.020100	0.984318
0.020200	0.985854
0.020300	0.987379
0.020400	0.988893
0.020500	0.990395
0.020600	0.991886
0.020700	0.993365
0.020800	0.994834
0.020900	0.996292
0.021000	0.997739
0.021100	0.999175
0.021200	1.000600
0.021300	1.002015
0.021400	1.003419
0.021500	1.004813
0.021600	1.006196
0.021700	1.007569
0.021800	1.008932
0.021900	1.010285
0.022000	1.011628
0.022100	1.012961
0.022200	1.014284
0.022300	1.015597
0.022400	1.016901
0.022500	1.018195
0.022600	1.019479
0.022700	1.020754
0.022800	1.022020
0.022900	1.023276
0.023000	1.024523
0.023100	1.025760
0.023200	1.026989
0.023300	1.028209
0.023400	1.029419
0.023500	1.030621
0.023600	1.031814
0.023700	1.032998
0.023800	1.034174
0.023900	1.035341
0.024000	1.036499
0.024100	1.037649
0.024200	1.038790
0.024300	1.039923
0.024400	1.041048
0.024500	1.042164
0.024600	1.043272
0.024700	1.044373
0.024800	1.045465
0.024900	1.046549
0.025000	1.047625
0.025100	1.048693
0.025200	1.049754
0.025300	1.050806
0.025400	1.051851
0.025500	1.052889
0.025600	1.053918
0.025700	1.054941
0.025800	1.055955
0.025900	1.056963
0.026000	1.057962
0.026100	1.058955
0.026200	1.059940
0.026300	1.060919
0.026400	1.061889
0.026500	1.062853
0.026600	1.063810
0.026700	1.064760
0.026800	1.065703
0.026900	1.066639
0.027000	1.067568
0.027100	1.068490
0.027200	1.069405
0.027300	1.070314
0.027400	1.071216
0.027500	1.072112
0.027600	1.073001
0.027700	1.073883
0.027800	1.074759
0.027900	1.075628
0.028000	1.076491
0.028100	1.077348
0.028200	1.078199
0.028300	1.079043
0.028400	1.079881
0.028500	1.080712
0.028600	1.081538
0.028700	1.082358
0.028800	1.083171
0.028900	1.083979
0.029000	1.084780
0.029100	1.085576
0.029200	1.086366
0.029300	1.087150
0.029400	1.087928
0.029500	1.088700
0.029600	1.089467
0.029700	1.090228
0.029800	1.090983
0.029900	1.091733
0.030000	1.092477
0.030100	1.093215
0.030200	1.093949
0.030300	1.094676
0.030400	1.095398
0.030500	1.096115
0.030600	1.096827
0.030700	1.097533
0.030800	1.098234
0.030900	1.098930
0.031000	1.099620
0.031100	1.100306
0.031200	1.100986
0.031300	1.101661
0.031400	1.102331
0.031500	1.102996
0.031600	1.103656
0.031700	1.104311
0.031800	1.104961
0.031900	1.105606
0.032000	1.106246
0.032100	1.106882
0.032200	1.107513
0.032300	1.108138
0.032400	1.108760
0.032500	1.109376
0.032600	1.109988
0.032700	1.110595
0.032800	1.111197
0.032900	1.111795
0.033000	1.112389
0.033100	1.112978
0.033200	1.113562
0.033300	1.114142
0.033400	1.114717
0.033500	1.115288
0.033600	1.115855
0.033700	1.116417
0.033800	1.116975
0.033900	1.117528
0.034000	1.118078
0.034100	1.118623
0.034200	1.119164
0.034300	1.119701
0.034400	1.120233
0.034500	1.120761
0.034600	1.121286
0.034700	1.121806
0.034800	1.122322
0.034900	1.122834
0.035000	1.123342
0.035100	1.123846
0.035200	1.124347
0.035300	1.124843
0.035400	1.125335
0.035500	1.125824
0.035600	1.126308
0.035700	1.126789
0.035800	1.127266
0.035900	1.127739
0.036000	1.128208
0.036100	1.128674
0.036200	1.129136
0.036300	1.129594
0.036400	1.130049
0.036500	1.130500
0.036600	1.130947
0.036700	1.131391
0.036800	1.131831
0.036900	1.132268
0.037000	1.132701
0.037100	1.133131
0.037200	1.133557
0.037300	1.133979
0.037400	1.134399
0.037500	1.134814
0.037600	1.135227
0.037700	1.135636
0.037800	1.136041
0.037900	1.136444
0.038000	1.136843
0.038100	1.137238
0.038200	1.137631
0.038300	1.138020
0.038400	1.138406
0.038500	1.138789
0.038600	1.139168
0.038700	1.139545
0.038800	1.139918
0.038900	1.140288
0.039000	1.140655
0.039100	1.141019
0.039200	1.141380
0.039300	1.141737
0.039400	1.142092
0.039500	1.142444
0.039600	1.142793
0.039700	1.143138
0.039800	1.143481
0.039900	1.143821
0.040000	1.144158
0.040100	1.144492
0.040200	1.144823
0.040300	1.145151
0.040400	1.145476
0.040500	1.145799
0.040600	1.146119
0.040700	1.146436
0.040800	1.146750
0.040900	1.147061
0.041000	1.147370
0.041100	1.147675
0.041200	1.147979
0.041300	1.148279
0.041400	1.148577
0.041500	1.148872
0.041600	1.149164
0.041700	1.149454
0.041800	1.149741
0.041900	1.150026
0.042000	1.150308
0.042100	1.150587
0.042200	1.150864
0.042300	1.151138
0.042400	1.151410
0.042500	1.151680
0.042600	1.151946
0.042700	1.152211
0.042800	1.152473
0.042900	1.152732
0.043000	1.152989
0.043100	1.153243
0.043200	1.153496
0.043300	1.153745
0.043400	1.153993
0.043500	1.154238
0.043600	1.154480
0.043700	1.154721
0.043800	1.154959
0.043900	1.155195
0.044000	1.155428
0.044100	1.155659
0.044200	1.155888
0.044300	1.156115
0.044400	1.156339
0.044500	1.156561
0.044600	1.156781
0.044700	1.156999
0.044800	1.157215
0.044900	1.157428
0.045000	1.157640
0.045100	1.157849
0.045200	1.158056
0.045300	1.158261
0.045400	1.158463
0.045500	1.158664
0.045600	1.158863
0.045700	1.159059
0.045800	1.159254
0.045900	1.159446
0.046000	1.159637
0.046100	1.159825
0.046200	1.160012
0.046300	1.160196
0.046400	1.160379
0.046500	1.160559
0.046600	1.160738
0.046700	1.160914
0.046800	1.161089
0.046900	1.161262
0.047000	1.161433
0.047100	1.161602
0.047200	1.161769
0.047300	1.161934
0.047400	1.162097
0.047500	1.162259
0.047600	1.162419
0.047700	1.162576
0.047800	1.162732
0.047900	1.162887
0.048000	1.163039
0.048100	1.163190
0.048200	1.163339
0.048300	1.163486
0.048400	1.163631
0.048500	1.163775
0.048600	1.163916
0.048700	1.164057
0.048800	1.164195
0.048900	1.164332
0.049000	1.164467
0.049100	1.164600
0.049200	1.164732
0.049300	1.164862
0.049400	1.164990
0.049500	1.165117
0.049600	1.165242
0.049700	1.165366
0.049800	1.165488
0.049900	1.165608
0.050000	1.165727
0.050100	1.165844
0.050200	1.165960
0.050300	1.166074
0.050400	1.166186
0.050500	1.166297
0.050600	1.166406
0.050700	1.166514
0.050800	1.166621
0.050900	1.166726
0.051000	1.166829
0.051100	1.166931
0.051200	1.167031
0.051300	1.167130
0.051400	1.167228
0.051500	1.167324
0.051600	1.167418
0.051700	1.167511
0.051800	1.167603
0.051900	1.167693
0.052000	1.167782
0.052100	1.167870
0.052200	1.167956
0.052300	1.168041
0.052400	1.168124
0.052500	1.168206
0.052600	1.168287
0.052700	1.168366
0.052800	1.168444
0.052900	1.168521
0.053000	1.168596
0.053100	1.168670
0.053200	1.168743
0.053300	1.168814
0.053400	1.168884
0.053500	1.168953
0.053600	1.169020
0.053700	1.169087
0.053800	1.169152
0.053900	1.169215
0.054000	1.169278
0.054100	1.169339
0.054200	1.169399
0.054300	1.169458
0.054400	1.169516
0.054500	1.169572
0.054600	1.169627
0.054700	1.169681
0.054800	1.169734
0.054900	1.169786
0.055000	1.169836
0.055100	1.169886
0.055200	1.169934
0.055300	1.169981
0.055400	1.170027
0.055500	1.170072
0.055600	1.170115
0.055700	1.170158
0.055800	1.170199
0.055900	1.170239
0.056000	1.170279
0.056100	1.170317
0.056200	1.170354
0.056300	1.170390
0.056400	1.170424
0.056500	1.170458
0.056600	1.170491
0.056700	1.170523
0.056800	1.170553
0.056900	1.170583
0.057000	1.170611
0.057100	1.170639
0.057200	1.170665
0.057300	1.170691
0.057400	1.170715
0.057500	1.170739
0.057600	1.170761
0.057700	1.170783
0.057800	1.170803
0.057900	1.170823
0.058000	1.170842
0.058100	1.170859
0.058200	1.170876
0.058300	1.170892
0.058400	1.170906
0.058500	1.170920
0.058600	1.170933
0.058700	1.170945
0.058800	1.170956
0.058900	1.170966
0.059000	1.170975
0.059100	1.170984
0.059200	1.170991
0.059300	1.170997
0.059400	1.171003
0.059500	1.171008
0.059600	1.171012
0.059700	1.171015
0.059800	1.171017
0.059900	1.171018
0.060000	1.171018
0.060100	1.171018
0.060200	1.171017
0.060300	1.171015
0.060400	1.171012
0.060500	1.171008
0.060600	1.171003
0.060700	1.170998
0.060800	1.170991
0.060900	1.170984
0.061000	1.170977
0.061100	1.170968
0.061200	1.170958
0.061300	1.170948
0.061400	1.170937
0.061500	1.170925
0.061600	1.170913
0.061700	1.170900
0.061800	1.170885
0.061900	1.170871
0.062000	1.170855
0.062100	1.170839
0.062200	1.170822
0.062300	1.170804
0.062400	1.170785
0.062500	1.170766
0.062600	1.170746
0.062700	1.170725
0.062800	1.170704
0.062900	1.170681
0.063000	1.170659
0.063100	1.170635
0.063200	1.170611
0.063300	1.170586
0.063400	1.170560
0.063500	1.170534
0.063600	1.170507
0.063700	1.170479
0.063800	1.170451
0.063900	1.170422
0.064000	1.170392
0.064100	1.170362
0.064200	1.170331
0.064300	1.170299
0.064400	1.170267
0.064500	1.170234
0.064600	1.170201
0.064700	1.170166
0.064800	1.170132
0.064900	1.170096
0.065000	1.170060
0.065100	1.170024
0.065200	1.169986
0.065300	1.169948
0.065400	1.169910
0.065500	1.169871
0.065600	1.169831
0.065700	1.169791
0.065800	1.169750
0.065900	1.169709
0.066000	1.169667
0.066100	1.169624
0.066200	1.169581
0.066300	1.169537
0.066400	1.169493
0.066500	1.169448
0.066600	1.169403
0.066700	1.169357
0.066800	1.169311
0.066900	1.169264
0.067000	1.169216
0.067100	1.169168
0.067200	1.169119
0.067300	1.169070
0.067400	1.169021
0.067500	1.168970
0.067600	1.168920
0.067700	1.168868
0.067800	1.168817
0.067900	1.168764
0.068000	1.168712
0.068100	1.168658
0.068200	1.168605
0.068300	1.168550
0.068400	1.168496
0.068500	1.168440
0.068600	1.168385
0.068700	1.168329
0.068800	1.168272
0.068900	1.168215
0.069000	1.168157
0.069100	1.168099
0.069200	1.168041
0.069300	1.167982
0.069400	1.167922
0.069500	1.167862
0.069600	1.167802
0.069700	1.167741
0.069800	1.167680
0.069900	1.167618
0.070000	1.167556
0.070100	1.167493
0.070200	1.167430
0.070300	1.167367
0.070400	1.167303
0.070500	1.167239
0.070600	1.167174
0.070700	1.167109
0.070800	1.167044
0.070900	1.166978
0.071000	1.166911
0.071100	1.166845
0.071200	1.166778
0.071300	1.166710
0.071400	1.166642
0.071500	1.166574
0.071600	1.166505
0.071700	1.166436
0.071800	1.166366
0.071900	1.166297
0.072000	1.166226
0.072100	1.166156
0.072200	1.166085
0.072300	1.166013
0.072400	1.165942
0.072500	1.165870
0.072600	1.165797
0.072700	1.165724
0.072800	1.165651
0.072900	1.165578
0.073000	1.165504
0.073100	1.165429
0.073200	1.165355
0.073300	1.165280
0.073400	1.165205
0.073500	1.165129
0.073600	1.165053
0.073700	1.164977
0.073800	1.164900
0.073900	1.164823
0.074000	1.164746
0.074100	1.164669
0.074200	1.164591
0.074300	1.164513
0.074400	1.164434
0.074500	1.164355
0.074600	1.164276
0.074700	1.164197
0.074800	1.164117
0.074900	1.164037
0.075000	1.163956
0.075100	1.163876
0.075200	1.163795
0.075300	1.163714
0.075400	1.163632
0.075500	1.163550
0.075600	1.163468
0.075700	1.163386
0.075800	1.163303
0.075900	1.163220
0.076000	1.163137
0.076100	1.163053
0.076200	1.162969
0.076300	1.162885
0.076400	1.162801
0.076500	1.162716
0.076600	1.162632
0.076700	1.162546
0.076800	1.162461
0.076900	1.162375
0.077000	1.162290
0.077100	1.162203
0.077200	1.162117
0.077300	1.162030
0.077400	1.161943
0.077500	1.161856
0.077600	1.161769
0.077700	1.161681
0.077800	1.161593
0.077900	1.161505
0.078000	1.161417
0.078100	1.161328
0.078200	1.161240
0.078300	1.161151
0.078400	1.161061
0.078500	1.160972
0.078600	1.160882
0.078700	1.160792
0.078800	1.160702
0.078900	1.160612
0.079000	1.160521
0.079100	1.160430
0.079200	1.160339
0.079300	1.160248
0.079400	1.160157
0.079500	1.160065
0.079600	1.159973
0.079700	1.159881
0.079800	1.159789
0.079900	1.159696
0.080000	1.159604
0.080100	1.159511
0.080200	1.159418
0.080300	1.159325
0.080400	1.159231
0.080500	1.159138
0.080600	1.159044
0.080700	1.158950
0.080800	1.158856
0.080900	1.158762
0.081000	1.158667
0.081100	1.158572
0.081200	1.158478
0.081300	1.158383
0.081400	1.158287
0.081500	1.158192
0.081600	1.158096
0.081700	1.158001
0.081800	1.157905
0.081900	1.157809
0.082000	1.157713
0.082100	1.157616
0.082200	1.157520
0.082300	1.157423
0.082400	1.157326
0.082500	1.157229
0.082600	1.157132
0.082700	1.157035
0.082800	1.156937
0.082900	1.156840
0.083000	1.156742
0.083100	1.156644
0.083200	1.156546
0.083300	1.156448
0.083400	1.156350
0.083500	1.156251
0.083600	1.156153
0.083700	1.156054
0.083800	1.155955
0.083900	1.155856
0.084000	1.155757
0.084100	1.155658
0.084200	1.155558
0.084300	1.155459
0.084400	1.155359
0.084500	1.155259
0.084600	1.155160
0.084700	1.155060
0.084800	1.154959
0.084900	1.154859
0.085000	1.154759
0.085100	1.154658
0.085200	1.154558
0.085300	1.154457
0.085400	1.154356
0.085500	1.154255
0.085600	1.154154
0.085700	1.154053
0.085800	1.153952
0.085900	1.153851
0.086000	1.153749
0.086100	1.153647
0.086200	1.153546
0.086300	1.153444
0.086400	1.153342
0.086500	1.153240
0.086600	1.153138
0.086700	1.153036
0.086800	1.152934
0.086900	1.152831
0.087000	1.152729
0.087100	1.152626
0.087200	1.152524
0.087300	1.152421
0.087400	1.152318
0.087500	1.152215
0.087600	1.152113
0.087700	1.152009
0.087800	1.151906
0.087900	1.151803
0.088000	1.151700
0.088100	1.151597
0.088200	1.151493
0.088300	1.151390
0.088400	1.151286
0.088500	1.151182
0.088600	1.151079
0.088700	1.150975
0.088800	1.150871
0.088900	1.150767
0.089000	1.150663
0.089100	1.150559
0.089200	1.150455
0.089300	1.150350
0.089400	1.150246
0.089500	1.150142
0.089600	1.150037
0.089700	1.149933
0.089800	1.149828
0.089900	1.149724
0.090000	1.149619
0.090100	1.149514
0.090200	1.149410
0.090300	1.149305
0.090400	1.149200
0.090500	1.149095
0.090600	1.148990
0.090700	1.148885
0.090800	1.148780
0.090900	1.148675
0.091000	1.148570
0.091100	1.148465
0.091200	1.148359
0.091300	1.148254
0.091400	1.148149
0.091500	1.148043
0.091600	1.147938
0.091700	1.147832
0.091800	1.147727
0.091900	1.147621
0.092000	1.147516
0.092100	1.147410
0.092200	1.147304
0.092300	1.147199
0.092400	1.147093
0.092500	1.146987
0.092600	1.146881
0.092700	1.146776
0.092800	1.146670
0.092900	1.146564
0.093000	1.146458
0.093100	1.146352
0.093200	1.146246
0.093300	1.146140
0.093400	1.146034
0.093500	1.145928
0.093600	1.145822
0.093700	1.145716
0.093800	1.145610
0.093900	1.145503
0.094000	1.145397
0.094100	1.145291
0.094200	1.145185
0.094300	1.145079
0.094400	1.144972
0.094500	1.144866
0.094600	1.144760
0.094700	1.144654
0.094800	1.144547
0.094900	1.144441
0.095000	1.144335
0.095100	1.144228
0.095200	1.144122
0.095300	1.144016
0.095400	1.143909
0.095500	1.143803
0.095600	1.143696
0.095700	1.143590
0.095800	1.143484
0.095900	1.143377
0.096000	1.143271
0.096100	1.143164
0.096200	1.143058
0.096300	1.142951
0.096400	1.142845
0.096500	1.142739
0.096600	1.142632
0.096700	1.142526
0.096800	1.142419
0.096900	1.142313
0.097000	1.142206
0.097100	1.142100
0.097200	1.141994
0.097300	1.141887
0.097400	1.141781
0.097500	1.141674
0.097600	1.141568
0.097700	1.141462
0.097800	1.141355
0.097900	1.141249
0.098000	1.141142
0.098100	1.141036
0.098200	1.140930
0.098300	1.140823
0.098400	1.140717
0.098500	1.140611
0.098600	1.140504
0.098700	1.140398
0.098800	1.140292
0.098900	1.140186
0.099000	1.140079
0.099100	1.139973
0.099200	1.139867
0.099300	1.139761
0.099400	1.139654
0.099500	1.139548
0.099600	1.139442
0.099700	1.139336
0.099800	1.139230
0.099900	1.139124
0.100000	1.139018
0.100100	1.138912
0.100200	1.138806
0.100300	1.138700
0.100400	1.138594
0.100500	1.138488
0.100600	1.138382
0.100700	1.138276
0.100800	1.138170
0.100900	1.138064
0.101000	1.137958
0.101100	1.137852
0.101200	1.137747
0.101300	1.137641
0.101400	1.137535
0.101500	1.137429
0.101600	1.137324
0.101700	1.137218
0.101800	1.137113
0.101900	1.137007
0.102000	1.136901
0.102100	1.136796
0.102200	1.136690
0.102300	1.136585
0.102400	1.136480
0.102500	1.136374
0.102600	1.136269
0.102700	1.136164
0.102800	1.136058
0.102900	1.135953
0.103000	1.135848
0.103100	1.135743
0.103200	1.135638
0.103300	1.135533
0.103400	1.135427
0.103500	1.135322
0.103600	1.135217
0.103700	1.135113
0.103800	1.135008
0.103900	1.134903
0.104000	1.134798
0.104100	1.134693
0.104200	1.134589
0.104300	1.134484
0.104400	1.134379
0.104500	1.134275
0.104600	1.134170
0.104700	1.134066
0.104800	1.133961
0.104900	1.133857
0.105000	1.133752
0.105100	1.133648
0.105200	1.133544
0.105300	1.133439
0.105400	1.133335
0.105500	1.133231
0.105600	1.133127
0.105700	1.133023
0.105800	1.132919
0.105900	1.132815
0.106000	1.132711
0.106100	1.132607
0.106200	1.132504
0.106300	1.132400
0.106400	1.132296
0.106500	1.132192
0.106600	1.132089
0.106700	1.131985
0.106800	1.131882
0.106900	1.131778
0.107000	1.131675
0.107100	1.131572
0.107200	1.131468
0.107300	1.131365
0.107400	1.131262
0.107500	1.131159
0.107600	1.131056
0.107700	1.130953
0.107800	1.130850
0.107900	1.130747
0.108000	1.130644
0.108100	1.130541
0.108200	1.130439
0.108300	1.130336
0.108400	1.130234
0.108500	1.130131
0.108600	1.130029
0.108700	1.129926
0.108800	1.129824
0.108900	1.129721
0.109000	1.129619
0.109100	1.129517
0.109200	1.129415
0.109300	1.129313
0.109400	1.129211
0.109500	1.129109
0.109600	1.129007
0.109700	1.128905
0.109800	1.128803
0.109900	1.128702
0.110000	1.128600
0.110100	1.128499
0.110200	1.128397
0.110300	1.128296
0.110400	1.128194
0.110500	1.128093
0.110600	1.127992
0.110700	1.127891
0.110800	1.127789
0.110900	1.127688
0.111000	1.127587
0.111100	1.127487
0.111200	1.127386
0.111300	1.127285
0.111400	1.127184
0.111500	1.127084
0.111600	1.126983
0.111700	1.126883
0.111800	1.126782
0.111900	1.126682
0.112000	1.126581
0.112100	1.126481
0.112200	1.126381
0.112300	1.126281
0.112400	1.126181
0.112500	1.126081
0.112600	1.125981
0.112700	1.125881
0.112800	1.125782
0.112900	1.125682
0.113000	1.125582
0.113100	1.125483
0.113200	1.125383
0.113300	1.125284
0.113400	1.125185
0.113500	1.125085
0.113600	1.124986
0.113700	1.124887
0.113800	1.124788
0.113900	1.124689
0.114000	1.124590
0.114100	1.124491
0.114200	1.124393
0.114300	1.124294
0.114400	1.124195
0.114500	1.124097
0.114600	1.123999
0.114700	1.123900
0.114800	1.123802
0.114900	1.123704
0.115000	1.123606
0.115100	1.123508
0.115200	1.123410
0.115300	1.123312
0.115400	1.123214
0.115500	1.123116
0.115600	1.123018
0.115700	1.122921
0.115800	1.122823
0.115900	1.122726
0.116000	1.122628
0.116100	1.122531
0.116200	1.122434
0.116300	1.122337
0.116400	1.122240
0.116500	1.122143
0.116600	1.122046
0.116700	1.121949
0.116800	1.121852
0.116900	1.121756
0.117000	1.121659
0.117100	1.121563
0.117200	1.121466
0.117300	1.121370
0.117400	1.121274
0.117500	1.121177
0.117600	1.121081
0.117700	1.120985
0.117800	1.120889
0.117900	1.120794
0.118000	1.120698
0.118100	1.120602
0.118200	1.120506
0.118300	1.120411
0.118400	1.120316
0.118500	1.120220
0.118600	1.120125
0.118700	1.120030
0.118800	1.119935
0.118900	1.119840
0.119000	1.119745
0.119100	1.119650
0.119200	1.119555
0.119300	1.119460
0.119400	1.119366
0.119500	1.119271
0.119600	1.119177
0.119700	1.119082
0.119800	1.118988
0.119900	1.118894
0.120000	1.118800
0.120100	1.118706
0.120200	1.118612
0.120300	1.118518
0.120400	1.118424
0.120500	1.118330
0.120600	1.118237
0.120700	1.118143
0.120800	1.118050
0.120900	1.117956
0.121000	1.117863
0.121100	1.117770
0.121200	1.117677
0.121300	1.117584
0.121400	1.117491
0.121500	1.117398
0.121600	1.117305
0.121700	1.117212
0.121800	1.117120
0.121900	1.117027
0.122000	1.116935
0.122100	1.116843
0.122200	1.116750
0.122300	1.116658
0.122400	1.116566
0.122500	1.116474
0.122600	1.116382
0.122700	1.116290
0.122800	1.116199
0.122900	1.116107
0.123000	1.116015
0.123100	1.115924
0.123200	1.115833
0.123300	1.115741
0.123400	1.115650
0.123500	1.115559
0.123600	1.115468
0.123700	1.115377
0.123800	1.115286
0.123900	1.115195
0.124000	1.115105
0.124100	1.115014
0.124200	1.114924
0.124300	1.114833
0.124400	1.114743
0.124500	1.114653
0.124600	1.114562
0.124700	1.114472
0.124800	1.114382
0.124900	1.114292
0.125000	1.114203
0.125100	1.114113
0.125200	1.114023
0.125300	1.113934
0.125400	1.113844
0.125500	1.113755
0.125600	1.113666
0.125700	1.113577
0.125800	1.113488
0.125900	1.113399
0.126000	1.113310
0.126100	1.113221
0.126200	1.113132
0.126300	1.113043
0.126400	1.112955
0.126500	1.112866
0.126600	1.112778
0.126700	1.112690
0.126800	1.112602
0.126900	1.112514
0.127000	1.112426
0.127100	1.112338
0.127200	1.112250
0.127300	1.112162
0.127400	1.112074
0.127500	1.111987
0.127600	1.111899
0.127700	1.111812
0.127800	1.111725
0.127900	1.111638
0.128000	1.111551
0.128100	1.111463
0.128200	1.111377
0.128300	1.111290
0.128400	1.111203
0.128500	1.111116
0.128600	1.111030
0.128700	1.110943
0.128800	1.110857
0.128900	1.110771
0.129000	1.110685
0.129100	1.110598
0.129200	1.110512
0.129300	1.110426
0.129400	1.110341
0.129500	1.110255
0.129600	1.110169
0.129700	1.110084
0.129800	1.109998
0.129900	1.109913
0.130000	1.109828
0.130100	1.109742
0.130200	1.109657
0.130300	1.109572
0.130400	1.109487
0.130500	1.109403
0.130600	1.109318
0.130700	1.109233
0.130800	1.109149
0.130900	1.109064
0.131000	1.108980
0.131100	1.108896
0.131200	1.108811
0.131300	1.108727
0.131400	1.108643
0.131500	1.108559
0.131600	1.108476
0.131700	1.108392
0.131800	1.108308
0.131900	1.108225
0.132000	1.108141
0.132100	1.108058
0.132200	1.107975
0.132300	1.107892
0.132400	1.107808
0.132500	1.107725
0.132600	1.107643
0.132700	1.107560
0.132800	1.107477
0.132900	1.107394
0.133000	1.107312
0.133100	1.107229
0.133200	1.107147
0.133300	1.107065
0.133400	1.106983
0.133500	1.106901
0.133600	1.106819
0.133700	1.106737
0.133800	1.106655
0.133900	1.106573
0.134000	1.106492
0.134100	1.106410
0.134200	1.106329
0.134300	1.106247
0.134400	1.106166
0.134500	1.106085
0.134600	1.106004
0.134700	1.105923
0.134800	1.105842
0.134900	1.105761
0.135000	1.105681
0.135100	1.105600
0.135200	1.105520
0.135300	1.105439
0.135400	1.105359
0.135500	1.105279
0.135600	1.105199
0.135700	1.105119
0.135800	1.105039
0.135900	1.104959
0.136000	1.104879
0.136100	1.104799
0.136200	1.104720
0.136300	1.104640
0.136400	1.104561
0.136500	1.104482
0.136600	1.104402
0.136700	1.104323
0.136800	1.104244
0.136900	1.104165
0.137000	1.104086
0.137100	1.104008
0.137200	1.103929
0.137300	1.103850
0.137400	1.103772
0.137500	1.103694
0.137600	1.103615
0.137700	1.103537
0.137800	1.103459
0.137900	1.103381
0.138000	1.103303
0.138100	1.103225
0.138200	1.103148
0.138300	1.103070
0.138400	1.102992
0.138500	1.102915
0.138600	1.102837
0.138700	1.102760
0.138800	1.102683
0.138900	1.102606
0.139000	1.102529
0.139100	1.102452
0.139200	1.102375
0.139300	1.102298
0.139400	1.102222
0.139500	1.102145
0.139600	1.102069
0.139700	1.101992
0.139800	1.101916
0.139900	1.101840
0.140000	1.101764
0.140100	1.101688
0.140200	1.101612
0.140300	1.101536
0.140400	1.101460
0.140500	1.101385
0.140600	1.101309
0.140700	1.101234
0.140800	1.101158
0.140900	1.101083
0.141000	1.101008
0.141100	1.100933
0.141200	1.100858
0.141300	1.100783
0.141400	1.100708
0.141500	1.100633
0.141600	1.100559
0.141700	1.100484
0.141800	1.100410
0.141900	1.100335
0.142000	1.100261
0.142100	1.100187
0.142200	1.100113
0.142300	1.100039
0.142400	1.099965
0.142500	1.099891
0.142600	1.099817
0.142700	1.099744
0.142800	1.099670
0.142900	1.099597
0.143000	1.099523
0.143100	1.099450
0.143200	1.099377
0.143300	1.099304
0.143400	1.099231
0.143500	1.099158
0.143600	1.099085
0.143700	1.099012
0.143800	1.098940
0.143900	1.098867
0.144000	1.098795
0.144100	1.098722
0.144200	1.098650
0.144300	1.098578
0.144400	1.098506
0.144500	1.098434
0.144600	1.098362
0.144700	1.098290
0.144800	1.098218
0.144900	1.098147
0.145000	1.098075
0.145100	1.098004
0.145200	1.097932
0.145300	1.097861
0.145400	1.097790
0.145500	1.097719
0.145600	1.097648
0.145700	1.097577
0.145800	1.097506
0.145900	1.097435
0.146000	1.097364
0.146100	1.097294
0.146200	1.097223
0.146300	1.097153
0.146400	1.097083
0.146500	1.097012
0.146600	1.096942
0.146700	1.096872
0.146800	1.096802
0.146900	1.096732
0.147000	1.096663
0.147100	1.096593
0.147200	1.096523
0.147300	1.096454
0.147400	1.096384
0.147500	1.096315
0.147600	1.096246
0.147700	1.096177
0.147800	1.096107
0.147900	1.096038
0.148000	1.095970
0.148100	1.095901
0.148200	1.095832
0.148300	1.095763
0.148400	1.095695
0.148500	1.095626
0.148600	1.095558
0.148700	1.095490
0.148800	1.095422
0.148900	1.095353
0.149000	1.095285
0.149100	1.095217
0.149200	1.095150
0.149300	1.095082
0.149400	1.095014
0.149500	1.094947
0.149600	1.094879
0.149700	1.094812
0.149800	1.094744
0.149900	1.094677
0.150000	1.094610
0.150100	1.094543
0.150200	1.094476
0.150300	1.094409
0.150400	1.094342
0.150500	1.094276
0.150600	1.094209
0.150700	1.094142
0.150800	1.094076
0.150900	1.094010
0.151000	1.093943
0.151100	1.093877
0.151200	1.093811
0.151300	1.093745
0.151400	1.093679
0.151500	1.093613
0.151600	1.093547
0.151700	1.093482
0.151800	1.093416
0.151900	1.093351
0.152000	1.093285
0.152100	1.093220
0.152200	1.093155
0.152300	1.093089
0.152400	1.093024
0.152500	1.092959
0.152600	1.092894
0.152700	1.092830
0.152800	1.092765
0.152900	1.092700
0.153000	1.092636
0.153100	1.092571
0.153200	1.092507
0.153300	1.092442
0.153400	1.092378
0.153500	1.092314
0.153600	1.092250
0.153700	1.092186
0.153800	1.092122
0.153900	1.092058
0.154000	1.091995
0.154100	1.091931
0.154200	1.091867
0.154300	1.091804
0.154400	1.091741
0.154500	1.091677
0.154600	1.091614
0.154700	1.091551
0.154800	1.091488
0.154900	1.091425
0.155000	1.091362
0.155100	1.091299
0.155200	1.091237
0.155300	1.091174
0.155400	1.091111
0.155500	1.091049
0.155600	1.090987
0.155700	1.090924
0.155800	1.090862
0.155900	1.090800
0.156000	1.090738
0.156100	1.090676
0.156200	1.090614
0.156300	1.090552
0.156400	1.090491
0.156500	1.090429
0.156600	1.090367
0.156700	1.090306
0.156800	1.090245
0.156900	1.090183
0.157000	1.090122
0.157100	1.090061
0.157200	1.090000
0.157300	1.089939
0.157400	1.089878
0.157500	1.089817
0.157600	1.089757
0.157700	1.089696
0.157800	1.089635
0.157900	1.089575
0.158000	1.089514
0.158100	1.089454
0.158200	1.089394
0.158300	1.089334
0.158400	1.089274
0.158500	1.089214
0.158600	1.089154
0.158700	1.089094
0.158800	1.089034
0.158900	1.088975
0.159000	1.088915
0.159100	1.088856
0.159200	1.088796
0.159300	1.088737
0.159400	1.088677
0.159500	1.088618
0.159600	1.088559
0.159700	1.088500
0.159800	1.088441
0.159900	1.088382
0.160000	1.088324
0.160100	1.088265
0.160200	1.088206
0.160300	1.088148
0.160400	1.088089
0.160500	1.088031
0.160600	1.087973
0.160700	1.087915
0.160800	1.087856
0.160900	1.087798
0.161000	1.087740
0.161100	1.087682
0.161200	1.087625
0.161300	1.087567
0.161400	1.087509
0.161500	1.087452
0.161600	1.087394
0.161700	1.087337
0.161800	1.087279
0.161900	1.087222
0.162000	1.087165
0.162100	1.087108
0.162200	1.087051
0.162300	1.086994
0.162400	1.086937
0.162500	1.086880
0.162600	1.086824
0.162700	1.086767
0.162800	1.086710
0.162900	1.086654
0.163000	1.086598
0.163100	1.086541
0.163200	1.086485
0.163300	1.086429
0.163400	1.086373
0.163500	1.086317
0.163600	1.086261
0.163700	1.086205
0.163800	1.086149
0.163900	1.086093
0.164000	1.086038
0.164100	1.085982
0.164200	1.085927
0.164300	1.085871
0.164400	1.085816
0.164500	1.085761
0.164600	1.085706
0.164700	1.085651
0.164800	1.085596
0.164900	1.085541
0.165000	1.085486
0.165100	1.085431
0.165200	1.085376
0.165300	1.085322
0.165400	1.085267
0.165500	1.085213
0.165600	1.085158
0.165700	1.085104
0.165800	1.085050
0.165900	1.084996
0.166000	1.084942
0.166100	1.084888
0.166200	1.084834
0.166300	1.084780
0.166400	1.084726
0.166500	1.084672
0.166600	1.084619
0.166700	1.084565
0.166800	1.084512
0.166900	1.084458
0.167000	1.084405
0.167100	1.084352
0.167200	1.084298
0.167300	1.084245
0.167400	1.084192
0.167500	1.084139
0.167600	1.084086
0.167700	1.084034
0.167800	1.083981
0.167900	1.083928
0.168000	1.083876
0.168100	1.083823
0.168200	1.083771
0.168300	1.083718
0.168400	1.083666
0.168500	1.083614
0.168600	1.083562
0.168700	1.083510
0.168800	1.083458
0.168900	1.083406
0.169000	1.083354
0.169100	1.083302
0.169200	1.083250
0.169300	1.083199
0.169400	1.083147
0.169500	1.083096
0.169600	1.083044
0.169700	1.082993
0.169800	1.082942
0.169900	1.082891
0.170000	1.082839
0.170100	1.082788
0.170200	1.082737
0.170300	1.082687
0.170400	1.082636
0.170500	1.082585
0.170600	1.082534
0.170700	1.082484
0.170800	1.082433
0.170900	1.082383
0.171000	1.082332
0.171100	1.082282
0.171200	1.082232
0.171300	1.082182
0.171400	1.082131
0.171500	1.082081
0.171600	1.082031
0.171700	1.081982
0.171800	1.081932
0.171900	1.081882
0.172000	1.081832
0.172100	1.081783
0.172200	1.081733
0.172300	1.081684
0.172400	1.081634
0.172500	1.081585
0.172600	1.081536
0.172700	1.081486
0.172800	1.081437
0.172900	1.081388
0.173000	1.081339
0.173100	1.081290
0.173200	1.081242
0.173300	1.081193
0.173400	1.081144
0.173500	1.081096
0.173600	1.081047
0.173700	1.080999
0.173800	1.080950
0.173900	1.080902
0.174000	1.080854
0.174100	1.080805
0.174200	1.080757
0.174300	1.080709
0.174400	1.080661
0.174500	1.080613
0.174600	1.080565
0.174700	1.080518
0.174800	1.080470
0.174900	1.080422
0.175000	1.080375
0.175100	1.080327
0.175200	1.080280
0.175300	1.080232
0.175400	1.080185
0.175500	1.080138
0.175600	1.080091
0.175700	1.080043
0.175800	1.079996
0.175900	1.079949
0.176000	1.079903
0.176100	1.079856
0.176200	1.079809
0.176300	1.079762
0.176400	1.079716
0.176500	1.079669
0.176600	1.079623
0.176700	1.079576
0.176800	1.079530
0.176900	1.079484
0.177000	1.079437
0.177100	1.079391
0.177200	1.079345
0.177300	1.079299
0.177400	1.079253
0.177500	1.079207
0.177600	1.079161
0.177700	1.079116
0.177800	1.079070
0.177900	1.079024
0.178000	1.078979
0.178100	1.078933
0.178200	1.078888
0.178300	1.078843
0.178400	1.078797
0.178500	1.078752
0.178600	1.078707
0.178700	1.078662
0.178800	1.078617
0.178900	1.078572
0.179000	1.078527
0.179100	1.078482
0.179200	1.078437
0.179300	1.078393
0.179400	1.078348
0.179500	1.078303
0.179600	1.078259
0.179700	1.078215
0.179800	1.078170
0.179900	1.078126
0.180000	1.078082
0.180100	1.078037
0.180200	1.077993
0.180300	1.077949
0.180400	1.077905
0.180500	1.077861
0.180600	1.077818
0.180700	1.077774
0.180800	1.077730
0.180900	1.077686
0.181000	1.077643
0.181100	1.077599
0.181200	1.077556
0.181300	1.077512
0.181400	1.077469
0.181500	1.077426
0.181600	1.077383
0.181700	1.077339
0.181800	1.077296
0.181900	1.077253
0.182000	1.077210
0.182100	1.077167
0.182200	1.077125
0.182300	1.077082
0.182400	1.077039
0.182500	1.076996
0.182600	1.076954
0.182700	1.076911
0.182800	1.076869
0.182900	1.076827
0.183000	1.076784
0.183100	1.076742
0.183200	1.076700
0.183300	1.076658
0.183400	1.076616
0.183500	1.076574
0.183600	1.076532
0.183700	1.076490
0.183800	1.076448
0.183900	1.076406
0.184000	1.076364
0.184100	1.076323
0.184200	1.076281
0.184300	1.076240
0.184400	1.076198
0.184500	1.076157
0.184600	1.076115
0.184700	1.076074
0.184800	1.076033
0.184900	1.075992
0.185000	1.075951
0.185100	1.075910
0.185200	1.075869
0.185300	1.075828
0.185400	1.075787
0.185500	1.075746
0.185600	1.075705
0.185700	1.075665
0.185800	1.075624
0.185900	1.075584
0.186000	1.075543
0.186100	1.075503
0.186200	1.075462
0.186300	1.075422
0.186400	1.075382
0.186500	1.075342
0.186600	1.075301
0.186700	1.075261
0.186800	1.075221
0.186900	1.075181
0.187000	1.075141
0.187100	1.075102
0.187200	1.075062
0.187300	1.075022
0.187400	1.074983
0.187500	1.074943
0.187600	1.074903
0.187700	1.074864
0.187800	1.074825
0.187900	1.074785
0.188000	1.074746
0.188100	1.074707
0.188200	1.074667
0.188300	1.074628
0.188400	1.074589
0.188500	1.074550
0.188600	1.074511
0.188700	1.074472
0.188800	1.074434
0.188900	1.074395
0.189000	1.074356
0.189100	1.074317
0.189200	1.074279
0.189300	1.074240
0.189400	1.074202
0.189500	1.074163
0.189600	1.074125
0.189700	1.074087
0.189800	1.074048
0.189900	1.074010
0.190000	1.073972
0.190100	1.073934
0.190200	1.073896
0.190300	1.073858
0.190400	1.073820
0.190500	1.073782
0.190600	1.073744
0.190700	1.073707
0.190800	1.073669
0.190900	1.073631
0.191000	1.073594
0.191100	1.073556
0.191200	1.073519
0.191300	1.073482
0.191400	1.073444
0.191500	1.073407
0.191600	1.073370
0.191700	1.073332
0.191800	1.073295
0.191900	1.073258
0.192000	1.073221
0.192100	1.073184
0.192200	1.073147
0.192300	1.073111
0.192400	1.073074
0.192500	1.073037
0.192600	1.073000
0.192700	1.072964
0.192800	1.072927
0.192900	1.072891
0.193000	1.072854
0.193100	1.072818
0.193200	1.072782
0.193300	1.072745
0.193400	1.072709
0.193500	1.072673
0.193600	1.072637
0.193700	1.072601
0.193800	1.072565
0.193900	1.072529
0.194000	1.072493
0.194100	1.072457
0.194200	1.072421
0.194300	1.072385
0.194400	1.072350
0.194500	1.072314
0.194600	1.072278
0.194700	1.072243
0.194800	1.072207
0.194900	1.072172
0.195000	1.072137
0.195100	1.072101
0.195200	1.072066
0.195300	1.072031
0.195400	1.071996
0.195500	1.071961
0.195600	1.071926
0.195700	1.071891
0.195800	1.071856
0.195900	1.071821
0.196000	1.071786
0.196100	1.071751
0.196200	1.071716
0.196300	1.071682
0.196400	1.071647
0.196500	1.071612
0.196600	1.071578
0.196700	1.071544
0.196800	1.071509
0.196900	1.071475
0.197000	1.071440
0.197100	1.071406
0.197200	1.071372
0.197300	1.071338
0.197400	1.071304
0.197500	1.071270
0.197600	1.071236
0.197700	1.071202
0.197800	1.071168
0.197900	1.071134
0.198000	1.071100
0.198100	1.071066
0.198200	1.071033
0.198300	1.070999
0.198400	1.070966
0.198500	1.070932
0.198600	1.070899
0.198700	1.070865
0.198800	1.070832
0.198900	1.070798
0.199000	1.070765
0.199100	1.070732
0.199200	1.070699
0.199300	1.070666
0.199400	1.070632
0.199500	1.070599
0.199600	1.070566
0.199700	1.070534
0.199800	1.070501
0.199900	1.070468
0.200000	1.070435
0.200100	1.070402
0.200200	1.070370
0.200300	1.070337
0.200400	1.070304
0.200500	1.070272
0.200600	1.070239
0.200700	1.070207
0.200800	1.070175
0.200900	1.070142
0.201000	1.070110
0.201100	1.070078
0.201200	1.070046
0.201300	1.070014
0.201400	1.069981
0.201500	1.069949
0.201600	1.069917
0.201700	1.069885
0.201800	1.069854
0.201900	1.069822
0.202000	1.069790
0.202100	1.069758
0.202200	1.069727
0.202300	1.069695
0.202400	1.069663
0.202500	1.069632
0.202600	1.069600
0.202700	1.069569
0.202800	1.069537
0.202900	1.069506
0.203000	1.069475
0.203100	1.069444
0.203200	1.069412
0.203300	1.069381
0.203400	1.069350
0.203500	1.069319
0.203600	1.069288
0.203700	1.069257
0.203800	1.069226
0.203900	1.069195
0.204000	1.069164
0.204100	1.069134
0.204200	1.069103
0.204300	1.069072
0.204400	1.069042
0.204500	1.069011
0.204600	1.068980
0.204700	1.068950
0.204800	1.068920
0.204900	1.068889
0.205000	1.068859
0.205100	1.068828
0.205200	1.068798
0.205300	1.068768
0.205400	1.068738
0.205500	1.068708
0.205600	1.068678
0.205700	1.068648
0.205800	1.068618
0.205900	1.068588
0.206000	1.068558
0.206100	1.068528
0.206200	1.068498
0.206300	1.068468
0.206400	1.068439
0.206500	1.068409
0.206600	1.068379
0.206700	1.068350
0.206800	1.068320
0.206900	1.068291
0.207000	1.068261
0.207100	1.068232
0.207200	1.068203
0.207300	1.068173
0.207400	1.068144
0.207500	1.068115
0.207600	1.068086
0.207700	1.068057
0.207800	1.068028
0.207900	1.067999
0.208000	1.067970
0.208100	1.067941
0.208200	1.067912
0.208300	1.067883
0.208400	1.067854
0.208500	1.067825
0.208600	1.067797
0.208700	1.067768
0.208800	1.067739
0.208900	1.067711
0.209000	1.067682
0.209100	1.067654
0.209200	1.067625
0.209300	1.067597
0.209400	1.067569
0.209500	1.067540
0.209600	1.067512
0.209700	1.067484
0.209800	1.067456
0.209900	1.067427
0.210000	1.067399
0.210100	1.067371
0.210200	1.067343
0.210300	1.067315
0.210400	1.067287
0.210500	1.067260
0.210600	1.067232
0.210700	1.067204
0.210800	1.067176
0.210900	1.067148
0.211000	1.067121
0.211100	1.067093
0.211200	1.067066
0.211300	1.067038
0.211400	1.067011
0.211500	1.066983
0.211600	1.066956
0.211700	1.066928
0.211800	1.066901
0.211900	1.066874
0.212000	1.066847
0.212100	1.066819
0.212200	1.066792
0.212300	1.066765
0.212400	1.066738
0.212500	1.066711
0.212600	1.066684
0.212700	1.066657
0.212800	1.066630
0.212900	1.066603
0.213000	1.066577
0.213100	1.066550
0.213200	1.066523
0.213300	1.066496
0.213400	1.066470
0.213500	1.066443
0.213600	1.066417
0.213700	1.066390
0.213800	1.066364
0.213900	1.066337
0.214000	1.066311
0.214100	1.066284
0.214200	1.066258
0.214300	1.066232
0.214400	1.066206
0.214500	1.066179
0.214600	1.066153
0.214700	1.066127
0.214800	1.066101
0.214900	1.066075
0.215000	1.066049
0.215100	1.066023
0.215200	1.065997
0.215300	1.065971
0.215400	1.065945
0.215500	1.065920
0.215600	1.065894
0.215700	1.065868
0.215800	1.065842
0.215900	1.065817
0.216000	1.065791
0.216100	1.065766
0.216200	1.065740
0.216300	1.065715
0.216400	1.065689
0.216500	1.065664
0.216600	1.065639
0.216700	1.065613
0.216800	1.065588
0.216900	1.065563
0.217000	1.065538
0.217100	1.065512
0.217200	1.065487
0.217300	1.065462
0.217400	1.065437
0.217500	1.065412
0.217600	1.065387
0.217700	1.065362
0.217800	1.065338
0.217900	1.065313
0.218000	1.065288
0.218100	1.065263
0.218200	1.065238
0.218300	1.065214
0.218400	1.065189
0.218500	1.065164
0.218600	1.065140
0.218700	1.065115
0.218800	1.065091
0.218900	1.065066
0.219000	1.065042
0.219100	1.065018
0.219200	1.064993
0.219300	1.064969
0.219400	1.064945
0.219500	1.064921
0.219600	1.064896
0.219700	1.064872
0.219800	1.064848
0.219900	1.064824
0.220000	1.064800
0.220100	1.064776
0.220200	1.064752
0.220300	1.064728
0.220400	1.064704
0.220500	1.064680
0.220600	1.064657
0.220700	1.064633
0.220800	1.064609
0.220900	1.064585
0.221000	1.064562
0.221100	1.064538
0.221200	1.064515
0.221300	1.064491
0.221400	1.064468
0.221500	1.064444
0.221600	1.064421
0.221700	1.064397
0.221800	1.064374
0.221900	1.064351
0.222000	1.064327
0.222100	1.064304
0.222200	1.064281
0.222300	1.064258
0.222400	1.064234
0.222500	1.064211
0.222600	1.064188
0.222700	1.064165
0.222800	1.064142
0.222900	1.064119
0.223000	1.064096
0.223100	1.064073
0.223200	1.064051
0.223300	1.064028
0.223400	1.064005
0.223500	1.063982
0.223600	1.063960
0.223700	1.063937
0.223800	1.063914
0.223900	1.063892
0.224000	1.063869
0.224100	1.063847
0.224200	1.063824
0.224300	1.063802
0.224400	1.063779
0.224500	1.063757
0.224600	1.063734
0.224700	1.063712
0.224800	1.063690
0.224900	1.063668
0.225000	1.063645
0.225100	1.063623
0.225200	1.063601
0.225300	1.063579
0.225400	1.063557
0.225500	1.063535
0.225600	1.063513
0.225700	1.063491
0.225800	1.063469
0.225900	1.063447
0.226000	1.063425
0.226100	1.063403
0.226200	1.063382
0.226300	1.063360
0.226400	1.063338
0.226500	1.063316
0.226600	1.063295
0.226700	1.063273
0.226800	1.063252
0.226900	1.063230
0.227000	1.063209
0.227100	1.063187
0.227200	1.063166
0.227300	1.063144
0.227400	1.063123
0.227500	1.063101
0.227600	1.063080
0.227700	1.063059
0.227800	1.063038
0.227900	1.063016
0.228000	1.062995
0.228100	1.062974
0.228200	1.062953
0.228300	1.062932
0.228400	1.062911
0.228500	1.062890
0.228600	1.062869
0.228700	1.062848
0.228800	1.062827
0.228900	1.062806
0.229000	1.062785
0.229100	1.062764
0.229200	1.062744
0.229300	1.062723
0.229400	1.062702
0.229500	1.062681
0.229600	1.062661
0.229700	1.062640
0.229800	1.062620
0.229900	1.062599
0.230000	1.062579
0.230100	1.062558
0.230200	1.062538
0.230300	1.062517
0.230400	1.062497
0.230500	1.062476
0.230600	1.062456
0.230700	1.062436
0.230800	1.062416
0.230900	1.062395
0.231000	1.062375
0.231100	1.062355
0.231200	1.062335
0.231300	1.062315
0.231400	1.062295
0.231500	1.062275
0.231600	1.062255
0.231700	1.062235
0.231800	1.062215
0.231900	1.062195
0.232000	1.062175
0.232100	1.062155
0.232200	1.062135
0.232300	1.062115
0.232400	1.062096
0.232500	1.062076
0.232600	1.062056
0.232700	1.062037
0.232800	1.062017
0.232900	1.061997
0.233000	1.061978
0.233100	1.061958
0.233200	1.061939
0.233300	1.061919
0.233400	1.061900
0.233500	1.061880
0.233600	1.061861
0.233700	1.061842
0.233800	1.061822
0.233900	1.061803
0.234000	1.061784
0.234100	1.061765
0.234200	1.061745
0.234300	1.061726
0.234400	1.061707
0.234500	1.061688
0.234600	1.061669
0.234700	1.061650
0.234800	1.061631
0.234900	1.061612
0.235000	1.061593
0.235100	1.061574
0.235200	1.061555
0.235300	1.061536
0.235400	1.061518
0.235500	1.061499
0.235600	1.061480
0.235700	1.061461
0.235800	1.061442
0.235900	1.061424
0.236000	1.061405
0.236100	1.061387
0.236200	1.061368
0.236300	1.061349
0.236400	1.061331
0.236500	1.061312
0.236600	1.061294
0.236700	1.061275
0.236800	1.061257
0.236900	1.061239
0.237000	1.061220
0.237100	1.061202
0.237200	1.061184
0.237300	1.061165
0.237400	1.061147
0.237500	1.061129
0.237600	1.061111
0.237700	1.061093
0.237800	1.061074
0.237900	1.061056
0.238000	1.061038
0.238100	1.061020
0.238200	1.061002
0.238300	1.060984
0.238400	1.060966
0.238500	1.060948
0.238600	1.060931
0.238700	1.060913
0.238800	1.060895
0.238900	1.060877
0.239000	1.060859
0.239100	1.060841
0.239200	1.060824
0.239300	1.060806
0.239400	1.060788
0.239500	1.060771
0.239600	1.060753
0.239700	1.060736
0.239800	1.060718
0.239900	1.060701
0.240000	1.060683
0.240100	1.060666
0.240200	1.060648
0.240300	1.060631
0.240400	1.060613
0.240500	1.060596
0.240600	1.060579
0.240700	1.060561
0.240800	1.060544
0.240900	1.060527
0.241000	1.060510
0.241100	1.060492
0.241200	1.060475
0.241300	1.060458
0.241400	1.060441
0.241500	1.060424
0.241600	1.060407
0.241700	1.060390
0.241800	1.060373
0.241900	1.060356
0.242000	1.060339
0.242100	1.060322
0.242200	1.060305
0.242300	1.060288
0.242400	1.060271
0.242500	1.060255
0.242600	1.060238
0.242700	1.060221
0.242800	1.060204
0.242900	1.060188
0.243000	1.060171
0.243100	1.060154
0.243200	1.060138
0.243300	1.060121
0.243400	1.060105
0.243500	1.060088
0.243600	1.060071
0.243700	1.060055
0.243800	1.060038
0.243900	1.060022
0.244000	1.060006
0.244100	1.059989
0.244200	1.059973
0.244300	1.059957
0.244400	1.059940
0.244500	1.059924
0.244600	1.059908
0.244700	1.059892
0.244800	1.059875
0.244900	1.059859
0.245000	1.059843
0.245100	1.059827
0.245200	1.059811
0.245300	1.059795
0.245400	1.059779
0.245500	1.059763
0.245600	1.059747
0.245700	1.059731
0.245800	1.059715
0.245900	1.059699
0.246000	1.059683
0.246100	1.059667
0.246200	1.059651
0.246300	1.059635
0.246400	1.059620
0.246500	1.059604
0.246600	1.059588
0.246700	1.059572
0.246800	1.059557
0.246900	1.059541
0.247000	1.059525
0.247100	1.059510
0.247200	1.059494
0.247300	1.059479
0.247400	1.059463
0.247500	1.059448
0.247600	1.059432
0.247700	1.059417
0.247800	1.059401
0.247900	1.059386
0.248000	1.059370
0.248100	1.059355
0.248200	1.059340
0.248300	1.059324
0.248400	1.059309
0.248500	1.059294
0.248600	1.059279
0.248700	1.059263
0.248800	1.059248
0.248900	1.059233
0.249000	1.059218
0.249100	1.059203
0.249200	1.059188
0.249300	1.059173
0.249400	1.059158
0.249500	1.059143
0.249600	1.059128
0.249700	1.059113
0.249800	1.059098
0.249900	1.059083
0.250000	1.059068
0.250100	1.059053
0.250200	1.059038
0.250300	1.059023
0.250400	1.059008
0.250500	1.058994
0.250600	1.058979
0.250700	1.058964
0.250800	1.058949
0.250900	1.058935
0.251000	1.058920
0.251100	1.058905
0.251200	1.058891
0.251300	1.058876
0.251400	1.058862
0.251500	1.058847
0.251600	1.058833
0.251700	1.058818
0.251800	1.058804
0.251900	1.058789
0.252000	1.058775
0.252100	1.058760
0.252200	1.058746
0.252300	1.058732
0.252400	1.058717
0.252500	1.058703
0.252600	1.058689
0.252700	1.058674
0.252800	1.058660
0.252900	1.058646
0.253000	1.058632
0.253100	1.058618
0.253200	1.058603
0.253300	1.058589
0.253400	1.058575
0.253500	1.058561
0.253600	1.058547
0.253700	1.058533
0.253800	1.058519
0.253900	1.058505
0.254000	1.058491
0.254100	1.058477
0.254200	1.058463
0.254300	1.058449
0.254400	1.058435
0.254500	1.058422
0.254600	1.058408
0.254700	1.058394
0.254800	1.058380
0.254900	1.058366
0.255000	1.058353
0.255100	1.058339
0.255200	1.058325
0.255300	1.058311
0.255400	1.058298
0.255500	1.058284
0.255600	1.058271
0.255700	1.058257
0.255800	1.058243
0.255900	1.058230
0.256000	1.058216
0.256100	1.058203
0.256200	1.058189
0.256300	1.058176
0.256400	1.058162
0.256500	1.058149
0.256600	1.058136
0.256700	1.058122
0.256800	1.058109
0.256900	1.058096
0.257000	1.058082
0.257100	1.058069
0.257200	1.058056
0.257300	1.058042
0.257400	1.058029
0.257500	1.058016
0.257600	1.058003
0.257700	1.057990
0.257800	1.057977
0.257900	1.057963
0.258000	1.057950
0.258100	1.057937
0.258200	1.057924
0.258300	1.057911
0.258400	1.057898
0.258500	1.057885
0.258600	1.057872
0.258700	1.057859
0.258800	1.057846
0.258900	1.057833
0.259000	1.057821
0.259100	1.057808
0.259200	1.057795
0.259300	1.057782
0.259400	1.057769
0.259500	1.057756
0.259600	1.057744
0.259700	1.057731
0.259800	1.057718
0.259900	1.057706
0.260000	1.057693
0.260100	1.057680
0.260200	1.057668
0.260300	1.057655
0.260400	1.057642
0.260500	1.057630
0.260600	1.057617
0.260700	1.057605
0.260800	1.057592
0.260900	1.057580
0.261000	1.057567
0.261100	1.057555
0.261200	1.057542
0.261300	1.057530
0.261400	1.057518
0.261500	1.057505
0.261600	1.057493
0.261700	1.057481
0.261800	1.057468
0.261900	1.057456
0.262000	1.057444
0.262100	1.057431
0.262200	1.057419
0.262300	1.057407
0.262400	1.057395
0.262500	1.057383
0.262600	1.057370
0.262700	1.057358
0.262800	1.057346
0.262900	1.057334
0.263000	1.057322
0.263100	1.057310
0.263200	1.057298
0.263300	1.057286
0.263400	1.057274
0.263500	1.057262
0.263600	1.057250
0.263700	1.057238
0.263800	1.057226
0.263900	1.057214
0.264000	1.057202
0.264100	1.057190
0.264200	1.057179
0.264300	1.057167
0.264400	1.057155
0.264500	1.057143
0.264600	1.057131
0.264700	1.057120
0.264800	1.057108
0.264900	1.057096
0.265000	1.057085
0.265100	1.057073
0.265200	1.057061
0.265300	1.057050
0.265400	1.057038
0.265500	1.057026
0.265600	1.057015
0.265700	1.057003
0.265800	1.056992
0.265900	1.056980
0.266000	1.056969
0.266100	1.056957
0.266200	1.056946
0.266300	1.056934
0.266400	1.056923
0.266500	1.056911
0.266600	1.056900
0.266700	1.056889
0.266800	1.056877
0.266900	1.056866
0.267000	1.056855
0.267100	1.056843
0.267200	1.056832
0.267300	1.056821
0.267400	1.056810
0.267500	1.056798
0.267600	1.056787
0.267700	1.056776
0.267800	1.056765
0.267900	1.056754
0.268000	1.056743
0.268100	1.056731
0.268200	1.056720
0.268300	1.056709
0.268400	1.056698
0.268500	1.056687
0.268600	1.056676
0.268700	1.056665
0.268800	1.056654
0.268900	1.056643
0.269000	1.056632
0.269100	1.056621
0.269200	1.056610
0.269300	1.056600
0.269400	1.056589
0.269500	1.056578
0.269600	1.056567
0.269700	1.056556
0.269800	1.056545
0.269900	1.056534
0.270000	1.056524
0.270100	1.056513
0.270200	1.056502
0.270300	1.056491
0.270400	1.056481
0.270500	1.056470
0.270600	1.056459
0.270700	1.056449
0.270800	1.056438
0.270900	1.056428
0.271000	1.056417
0.271100	1.056406
0.271200	1.056396
0.271300	1.056385
0.271400	1.056375
0.271500	1.056364
0.271600	1.056354
0.271700	1.056343
0.271800	1.056333
0.271900	1.056322
0.272000	1.056312
0.272100	1.056301
0.272200	1.056291
0.272300	1.056281
0.272400	1.056270
0.272500	1.056260
0.272600	1.056250
0.272700	1.056239
0.272800	1.056229
0.272900	1.056219
0.273000	1.056208
0.273100	1.056198
0.273200	1.056188
0.273300	1.056178
0.273400	1.056168
0.273500	1.056157
0.273600	1.056147
0.273700	1.056137
0.273800	1.056127
0.273900	1.056117
0.274000	1.056107
0.274100	1.056097
0.274200	1.056087
0.274300	1.056077
0.274400	1.056067
0.274500	1.056057
0.274600	1.056047
0.274700	1.056037
0.274800	1.056027
0.274900	1.056017
0.275000	1.056007
0.275100	1.055997
0.275200	1.055987
0.275300	1.055977
0.275400	1.055967
0.275500	1.055957
0.275600	1.055947
0.275700	1.055938
0.275800	1.055928
0.275900	1.055918
0.276000	1.055908
0.276100	1.055898
0.276200	1.055889
0.276300	1.055879
0.276400	1.055869
0.276500	1.055860
0.276600	1.055850
0.276700	1.055840
0.276800	1.055831
0.276900	1.055821
0.277000	1.055811
0.277100	1.055802
0.277200	1.055792
0.277300	1.055783
0.277400	1.055773
0.277500	1.055764
0.277600	1.055754
0.277700	1.055745
0.277800	1.055735
0.277900	1.055726
0.278000	1.055716
0.278100	1.055707
0.278200	1.055697
0.278300	1.055688
0.278400	1.055678
0.278500	1.055669
0.278600	1.055660
0.278700	1.055650
0.278800	1.055641
0.278900	1.055632
0.279000	1.055622
0.279100	1.055613
0.279200	1.055604
0.279300	1.055595
0.279400	1.055585
0.279500	1.055576
0.279600	1.055567
0.279700	1.055558
0.279800	1.055549
0.279900	1.055539
0.280000	1.055530
0.280100	1.055521
0.280200	1.055512
0.280300	1.055503
0.280400	1.055494
0.280500	1.055485
0.280600	1.055476
0.280700	1.055467
0.280800	1.055458
0.280900	1.055448
0.281000	1.055439
0.281100	1.055430
0.281200	1.055422
0.281300	1.055413
0.281400	1.055404
0.281500	1.055395
0.281600	1.055386
0.281700	1.055377
0.281800	1.055368
0.281900	1.055359
0.282000	1.055350
0.282100	1.055341
0.282200	1.055333
0.282300	1.055324
0.282400	1.055315
0.282500	1.055306
0.282600	1.055297
0.282700	1.055289
0.282800	1.055280
0.282900	1.055271
0.283000	1.055262
0.283100	1.055254
0.283200	1.055245
0.283300	1.055236
0.283400	1.055228
0.283500	1.055219
0.283600	1.055210
0.283700	1.055202
0.283800	1.055193
0.283900	1.055185
0.284000	1.055176
0.284100	1.055168
0.284200	1.055159
0.284300	1.055150
0.284400	1.055142
0.284500	1.055133
0.284600	1.055125
0.284700	1.055116
0.284800	1.055108
0.284900	1.055100
0.285000	1.055091
0.285100	1.055083
0.285200	1.055074
0.285300	1.055066
0.285400	1.055058
0.285500	1.055049
0.285600	1.055041
0.285700	1.055032
0.285800	1.055024
0.285900	1.055016
0.286000	1.055008
0.286100	1.054999
0.286200	1.054991
0.286300	1.054983
0.286400	1.054974
0.286500	1.054966
0.286600	1.054958
0.286700	1.054950
0.286800	1.054942
0.286900	1.054933
0.287000	1.054925
0.287100	1.054917
0.287200	1.054909
0.287300	1.054901
0.287400	1.054893
0.287500	1.054885
0.287600	1.054877
0.287700	1.054869
0.287800	1.054860
0.287900	1.054852
0.288000	1.054844
0.288100	1.054836
0.288200	1.054828
0.288300	1.054820
0.288400	1.054812
0.288500	1.054804
0.288600	1.054797
0.288700	1.054789
0.288800	1.054781
0.288900	1.054773
0.289000	1.054765
0.289100	1.054757
0.289200	1.054749
0.289300	1.054741
0.289400	1.054733
0.289500	1.054726
0.289600	1.054718
0.289700	1.054710
0.289800	1.054702
0.289900	1.054694
0.290000	1.054687
0.290100	1.054679
0.290200	1.054671
0.290300	1.054663
0.290400	1.054656
0.290500	1.054648
0.290600	1.054640
0.290700	1.054633
0.290800	1.054625
0.290900	1.054617
0.291000	1.054610
0.291100	1.054602
0.291200	1.054594
0.291300	1.054587
0.291400	1.054579
0.291500	1.054572
0.291600	1.054564
0.291700	1.054556
0.291800	1.054549
0.291900	1.054541
0.292000	1.054534
0.292100	1.054526
0.292200	1.054519
0.292300	1.054511
0.292400	1.054504
0.292500	1.054496
0.292600	1.054489
0.292700	1.054482
0.292800	1.054474
0.292900	1.054467
0.293000	1.054459
0.293100	1.054452
0.293200	1.054445
0.293300	1.054437
0.293400	1.054430
0.293500	1.054422
0.293600	1.054415
0.293700	1.054408
0.293800	1.054401
0.293900	1.054393
0.294000	1.054386
0.294100	1.054379
0.294200	1.054371
0.294300	1.054364
0.294400	1.054357
0.294500	1.054350
0.294600	1.054343
0.294700	1.054335
0.294800	1.054328
0.294900	1.054321
0.295000	1.054314
0.295100	1.054307
0.295200	1.054300
0.295300	1.054292
0.295400	1.054285
0.295500	1.054278
0.295600	1.054271
0.295700	1.054264
0.295800	1.054257
0.295900	1.054250
0.296000	1.054243
0.296100	1.054236
0.296200	1.054229
0.296300	1.054222
0.296400	1.054215
0.296500	1.054208
0.296600	1.054201
0.296700	1.054194
0.296800	1.054187
0.296900	1.054180
0.297000	1.054173
0.297100	1.054166
0.297200	1.054159
0.297300	1.054152
0.297400	1.054146
0.297500	1.054139
0.297600	1.054132
0.297700	1.054125
0.297800	1.054118
0.297900	1.054111
0.298000	1.054105
0.298100	1.054098
0.298200	1.054091
0.298300	1.054084
0.298400	1.054077
0.298500	1.054071
0.298600	1.054064
0.298700	1.054057
0.298800	1.054050
0.298900	1.054044
0.299000	1.054037
0.299100	1.054030
0.299200	1.054024
0.299300	1.054017
0.299400	1.054010
0.299500	1.054004
0.299600	1.053997
0.299700	1.053990
0.299800	1.053984
0.299900	1.053977
0.300000	1.053971
