# Sandbox Data | Context: 101 | Index: 3 | Label: Sim CD-等{/:Italic p}排水三轴试验
# Column_1: X_Axis	Column_2: Y_Axis
0.000100	0.020167
0.000200	0.040139
0.000300	0.059882
0.000400	0.079368
0.000500	0.098574
0.000600	0.117481
0.000700	0.136073
0.000800	0.154338
0.000900	0.172270
0.001000	0.189861
0.001100	0.207110
0.001200	0.224017
0.001300	0.240582
0.001400	0.256810
0.001500	0.272704
0.001600	0.288270
0.001700	0.303514
0.001800	0.318444
0.001900	0.333067
0.002000	0.347391
0.002100	0.361423
0.002200	0.375172
0.002300	0.388646
0.002400	0.401854
0.002500	0.414802
0.002600	0.427499
0.002700	0.439953
0.002800	0.452170
0.002900	0.464160
0.003000	0.475927
0.003100	0.487480
0.003200	0.498824
0.003300	0.509967
0.003400	0.520914
0.003500	0.531671
0.003600	0.542244
0.003700	0.552638
0.003800	0.562859
0.003900	0.572912
0.004000	0.582801
0.004100	0.592531
0.004200	0.602106
0.004300	0.611532
0.004400	0.620811
0.004500	0.629949
0.004600	0.638947
0.004700	0.647812
0.004800	0.656545
0.004900	0.665150
0.005000	0.673630
0.005100	0.681989
0.005200	0.690230
0.005300	0.698354
0.005400	0.706366
0.005500	0.714267
0.005600	0.722061
0.005700	0.729750
0.005800	0.737335
0.005900	0.744820
0.006000	0.752206
0.006100	0.759496
0.006200	0.766692
0.006300	0.773796
0.006400	0.780809
0.006500	0.787733
0.006600	0.794571
0.006700	0.801324
0.006800	0.807993
0.006900	0.814581
0.007000	0.821088
0.007100	0.827517
0.007200	0.833869
0.007300	0.840144
0.007400	0.846345
0.007500	0.852473
0.007600	0.858529
0.007700	0.864514
0.007800	0.870430
0.007900	0.876278
0.008000	0.882059
0.008100	0.887773
0.008200	0.893423
0.008300	0.899009
0.008400	0.904531
0.008500	0.909992
0.008600	0.915392
0.008700	0.920732
0.008800	0.926013
0.008900	0.931236
0.009000	0.936401
0.009100	0.941510
0.009200	0.946563
0.009300	0.951562
0.009400	0.956506
0.009500	0.961396
0.009600	0.966234
0.009700	0.971021
0.009800	0.975756
0.009900	0.980440
0.010000	0.985075
0.010100	0.989660
0.010200	0.994197
0.010300	0.998686
0.010400	1.003127
0.010500	1.007522
0.010600	1.011871
0.010700	1.016174
0.010800	1.020432
0.010900	1.024646
0.011000	1.028816
0.011100	1.032942
0.011200	1.037025
0.011300	1.041066
0.011400	1.045066
0.011500	1.049023
0.011600	1.052940
0.011700	1.056817
0.011800	1.060653
0.011900	1.064450
0.012000	1.068208
0.012100	1.071927
0.012200	1.075607
0.012300	1.079250
0.012400	1.082856
0.012500	1.086424
0.012600	1.089956
0.012700	1.093452
0.012800	1.096911
0.012900	1.100335
0.013000	1.103724
0.013100	1.107079
0.013200	1.110398
0.013300	1.113684
0.013400	1.116936
0.013500	1.120155
0.013600	1.123340
0.013700	1.126493
0.013800	1.129614
0.013900	1.132702
0.014000	1.135759
0.014100	1.138784
0.014200	1.141778
0.014300	1.144741
0.014400	1.147674
0.014500	1.150576
0.014600	1.153448
0.014700	1.156291
0.014800	1.159104
0.014900	1.161888
0.015000	1.164643
0.015100	1.167370
0.015200	1.170068
0.015300	1.172738
0.015400	1.175381
0.015500	1.177995
0.015600	1.180583
0.015700	1.183143
0.015800	1.185677
0.015900	1.188184
0.016000	1.190664
0.016100	1.193119
0.016200	1.195548
0.016300	1.197951
0.016400	1.200328
0.016500	1.202681
0.016600	1.205008
0.016700	1.207311
0.016800	1.209589
0.016900	1.211843
0.017000	1.214073
0.017100	1.216279
0.017200	1.218461
0.017300	1.220619
0.017400	1.222755
0.017500	1.224867
0.017600	1.226957
0.017700	1.229024
0.017800	1.231068
0.017900	1.233090
0.018000	1.235090
0.018100	1.237068
0.018200	1.239024
0.018300	1.240959
0.018400	1.242872
0.018500	1.244764
0.018600	1.246636
0.018700	1.248486
0.018800	1.250316
0.018900	1.252125
0.019000	1.253914
0.019100	1.255683
0.019200	1.257432
0.019300	1.259161
0.019400	1.260870
0.019500	1.262560
0.019600	1.264231
0.019700	1.265883
0.019800	1.267515
0.019900	1.269129
0.020000	1.270724
0.020100	1.272301
0.020200	1.273859
0.020300	1.275399
0.020400	1.276921
0.020500	1.278426
0.020600	1.279912
0.020700	1.281381
0.020800	1.282832
0.020900	1.284266
0.021000	1.285683
0.021100	1.287083
0.021200	1.288466
0.021300	1.289833
0.021400	1.291182
0.021500	1.292516
0.021600	1.293833
0.021700	1.295133
0.021800	1.296418
0.021900	1.297687
0.022000	1.298940
0.022100	1.300177
0.022200	1.301399
0.022300	1.302606
0.022400	1.303797
0.022500	1.304973
0.022600	1.306134
0.022700	1.307280
0.022800	1.308412
0.022900	1.309528
0.023000	1.310631
0.023100	1.311719
0.023200	1.312792
0.023300	1.313852
0.023400	1.314897
0.023500	1.315929
0.023600	1.316946
0.023700	1.317950
0.023800	1.318941
0.023900	1.319918
0.024000	1.320881
0.024100	1.321832
0.024200	1.322769
0.024300	1.323693
0.024400	1.324604
0.024500	1.325503
0.024600	1.326389
0.024700	1.327262
0.024800	1.328123
0.024900	1.328971
0.025000	1.329808
0.025100	1.330632
0.025200	1.331444
0.025300	1.332244
0.025400	1.333032
0.025500	1.333808
0.025600	1.334573
0.025700	1.335326
0.025800	1.336068
0.025900	1.336798
0.026000	1.337517
0.026100	1.338225
0.026200	1.338922
0.026300	1.339608
0.026400	1.340283
0.026500	1.340947
0.026600	1.341600
0.026700	1.342243
0.026800	1.342876
0.026900	1.343498
0.027000	1.344109
0.027100	1.344710
0.027200	1.345302
0.027300	1.345883
0.027400	1.346454
0.027500	1.347015
0.027600	1.347567
0.027700	1.348108
0.027800	1.348640
0.027900	1.349163
0.028000	1.349676
0.028100	1.350179
0.028200	1.350674
0.028300	1.351159
0.028400	1.351635
0.028500	1.352101
0.028600	1.352559
0.028700	1.353008
0.028800	1.353448
0.028900	1.353880
0.029000	1.354302
0.029100	1.354716
0.029200	1.355122
0.029300	1.355519
0.029400	1.355908
0.029500	1.356288
0.029600	1.356660
0.029700	1.357024
0.029800	1.357380
0.029900	1.357728
0.030000	1.358068
0.030100	1.358400
0.030200	1.358724
0.030300	1.359041
0.030400	1.359349
0.030500	1.359651
0.030600	1.359944
0.030700	1.360231
0.030800	1.360509
0.030900	1.360781
0.031000	1.361045
0.031100	1.361302
0.031200	1.361552
0.031300	1.361795
0.031400	1.362031
0.031500	1.362260
0.031600	1.362482
0.031700	1.362697
0.031800	1.362906
0.031900	1.363108
0.032000	1.363303
0.032100	1.363492
0.032200	1.363674
0.032300	1.363849
0.032400	1.364019
0.032500	1.364182
0.032600	1.364338
0.032700	1.364489
0.032800	1.364633
0.032900	1.364771
0.033000	1.364903
0.033100	1.365029
0.033200	1.365150
0.033300	1.365264
0.033400	1.365373
0.033500	1.365475
0.033600	1.365572
0.033700	1.365664
0.033800	1.365750
0.033900	1.365830
0.034000	1.365904
0.034100	1.365974
0.034200	1.366038
0.034300	1.366096
0.034400	1.366149
0.034500	1.366197
0.034600	1.366240
0.034700	1.366278
0.034800	1.366310
0.034900	1.366338
0.035000	1.366360
0.035100	1.366378
0.035200	1.366390
0.035300	1.366398
0.035400	1.366401
0.035500	1.366399
0.035600	1.366393
0.035700	1.366381
0.035800	1.366366
0.035900	1.366345
0.036000	1.366320
0.036100	1.366291
0.036200	1.366257
0.036300	1.366218
0.036400	1.366176
0.036500	1.366129
0.036600	1.366077
0.036700	1.366022
0.036800	1.365962
0.036900	1.365898
0.037000	1.365830
0.037100	1.365758
0.037200	1.365682
0.037300	1.365602
0.037400	1.365517
0.037500	1.365429
0.037600	1.365338
0.037700	1.365242
0.037800	1.365142
0.037900	1.365039
0.038000	1.364932
0.038100	1.364821
0.038200	1.364707
0.038300	1.364589
0.038400	1.364468
0.038500	1.364343
0.038600	1.364214
0.038700	1.364082
0.038800	1.363947
0.038900	1.363808
0.039000	1.363665
0.039100	1.363520
0.039200	1.363371
0.039300	1.363219
0.039400	1.363064
0.039500	1.362905
0.039600	1.362744
0.039700	1.362579
0.039800	1.362411
0.039900	1.362240
0.040000	1.362066
0.040100	1.361889
0.040200	1.361709
0.040300	1.361526
0.040400	1.361341
0.040500	1.361152
0.040600	1.360961
0.040700	1.360766
0.040800	1.360569
0.040900	1.360369
0.041000	1.360167
0.041100	1.359962
0.041200	1.359754
0.041300	1.359543
0.041400	1.359330
0.041500	1.359115
0.041600	1.358896
0.041700	1.358676
0.041800	1.358452
0.041900	1.358227
0.042000	1.357999
0.042100	1.357768
0.042200	1.357535
0.042300	1.357300
0.042400	1.357062
0.042500	1.356822
0.042600	1.356580
0.042700	1.356336
0.042800	1.356089
0.042900	1.355840
0.043000	1.355589
0.043100	1.355336
0.043200	1.355080
0.043300	1.354823
0.043400	1.354563
0.043500	1.354302
0.043600	1.354038
0.043700	1.353773
0.043800	1.353505
0.043900	1.353235
0.044000	1.352964
0.044100	1.352690
0.044200	1.352415
0.044300	1.352138
0.044400	1.351859
0.044500	1.351578
0.044600	1.351295
0.044700	1.351011
0.044800	1.350725
0.044900	1.350437
0.045000	1.350147
0.045100	1.349856
0.045200	1.349563
0.045300	1.349268
0.045400	1.348972
0.045500	1.348674
0.045600	1.348374
0.045700	1.348073
0.045800	1.347770
0.045900	1.347466
0.046000	1.347160
0.046100	1.346853
0.046200	1.346544
0.046300	1.346234
0.046400	1.345922
0.046500	1.345609
0.046600	1.345295
0.046700	1.344979
0.046800	1.344662
0.046900	1.344343
0.047000	1.344023
0.047100	1.343702
0.047200	1.343379
0.047300	1.343055
0.047400	1.342730
0.047500	1.342404
0.047600	1.342077
0.047700	1.341748
0.047800	1.341418
0.047900	1.341087
0.048000	1.340754
0.048100	1.340421
0.048200	1.340086
0.048300	1.339750
0.048400	1.339414
0.048500	1.339076
0.048600	1.338737
0.048700	1.338397
0.048800	1.338056
0.048900	1.337714
0.049000	1.337370
0.049100	1.337026
0.049200	1.336681
0.049300	1.336335
0.049400	1.335988
0.049500	1.335640
0.049600	1.335291
0.049700	1.334942
0.049800	1.334591
0.049900	1.334239
0.050000	1.333887
0.050100	1.333534
0.050200	1.333180
0.050300	1.332825
0.050400	1.332469
0.050500	1.332112
0.050600	1.331755
0.050700	1.331397
0.050800	1.331038
0.050900	1.330678
0.051000	1.330318
0.051100	1.329957
0.051200	1.329595
0.051300	1.329233
0.051400	1.328869
0.051500	1.328505
0.051600	1.328141
0.051700	1.327776
0.051800	1.327410
0.051900	1.327043
0.052000	1.326676
0.052100	1.326309
0.052200	1.325940
0.052300	1.325571
0.052400	1.325202
0.052500	1.324832
0.052600	1.324461
0.052700	1.324090
0.052800	1.323719
0.052900	1.323346
0.053000	1.322974
0.053100	1.322601
0.053200	1.322227
0.053300	1.321853
0.053400	1.321478
0.053500	1.321103
0.053600	1.320727
0.053700	1.320351
0.053800	1.319975
0.053900	1.319598
0.054000	1.319221
0.054100	1.318843
0.054200	1.318465
0.054300	1.318087
0.054400	1.317708
0.054500	1.317329
0.054600	1.316949
0.054700	1.316570
0.054800	1.316189
0.054900	1.315809
0.055000	1.315428
0.055100	1.315047
0.055200	1.314665
0.055300	1.314284
0.055400	1.313902
0.055500	1.313519
0.055600	1.313137
0.055700	1.312754
0.055800	1.312371
0.055900	1.311987
0.056000	1.311604
0.056100	1.311220
0.056200	1.310836
0.056300	1.310452
0.056400	1.310067
0.056500	1.309682
0.056600	1.309298
0.056700	1.308913
0.056800	1.308527
0.056900	1.308142
0.057000	1.307756
0.057100	1.307371
0.057200	1.306985
0.057300	1.306599
0.057400	1.306213
0.057500	1.305826
0.057600	1.305440
0.057700	1.305053
0.057800	1.304667
0.057900	1.304280
0.058000	1.303893
0.058100	1.303506
0.058200	1.303119
0.058300	1.302732
0.058400	1.302345
0.058500	1.301958
0.058600	1.301571
0.058700	1.301184
0.058800	1.300796
0.058900	1.300409
0.059000	1.300021
0.059100	1.299634
0.059200	1.299246
0.059300	1.298859
0.059400	1.298472
0.059500	1.298084
0.059600	1.297697
0.059700	1.297309
0.059800	1.296922
0.059900	1.296534
0.060000	1.296147
0.060100	1.295759
0.060200	1.295372
0.060300	1.294985
0.060400	1.294597
0.060500	1.294210
0.060600	1.293823
0.060700	1.293436
0.060800	1.293049
0.060900	1.292662
0.061000	1.292275
0.061100	1.291888
0.061200	1.291502
0.061300	1.291115
0.061400	1.290728
0.061500	1.290342
0.061600	1.289956
0.061700	1.289569
0.061800	1.289183
0.061900	1.288797
0.062000	1.288411
0.062100	1.288026
0.062200	1.287640
0.062300	1.287255
0.062400	1.286869
0.062500	1.286484
0.062600	1.286099
0.062700	1.285714
0.062800	1.285329
0.062900	1.284945
0.063000	1.284560
0.063100	1.284176
0.063200	1.283792
0.063300	1.283408
0.063400	1.283024
0.063500	1.282641
0.063600	1.282258
0.063700	1.281874
0.063800	1.281491
0.063900	1.281109
0.064000	1.280726
0.064100	1.280344
0.064200	1.279962
0.064300	1.279580
0.064400	1.279198
0.064500	1.278816
0.064600	1.278435
0.064700	1.278054
0.064800	1.277673
0.064900	1.277293
0.065000	1.276912
0.065100	1.276532
0.065200	1.276152
0.065300	1.275773
0.065400	1.275393
0.065500	1.275014
0.065600	1.274635
0.065700	1.274257
0.065800	1.273879
0.065900	1.273500
0.066000	1.273123
0.066100	1.272745
0.066200	1.272368
0.066300	1.271991
0.066400	1.271614
0.066500	1.271238
0.066600	1.270862
0.066700	1.270486
0.066800	1.270110
0.066900	1.269735
0.067000	1.269360
0.067100	1.268985
0.067200	1.268611
0.067300	1.268237
0.067400	1.267863
0.067500	1.267489
0.067600	1.267116
0.067700	1.266743
0.067800	1.266371
0.067900	1.265999
0.068000	1.265627
0.068100	1.265255
0.068200	1.264884
0.068300	1.264513
0.068400	1.264143
0.068500	1.263772
0.068600	1.263402
0.068700	1.263033
0.068800	1.262663
0.068900	1.262295
0.069000	1.261926
0.069100	1.261558
0.069200	1.261190
0.069300	1.260822
0.069400	1.260455
0.069500	1.260088
0.069600	1.259722
0.069700	1.259356
0.069800	1.258990
0.069900	1.258625
0.070000	1.258259
0.070100	1.257895
0.070200	1.257530
0.070300	1.257167
0.070400	1.256803
0.070500	1.256440
0.070600	1.256077
0.070700	1.255714
0.070800	1.255352
0.070900	1.254991
0.071000	1.254629
0.071100	1.254268
0.071200	1.253908
0.071300	1.253548
0.071400	1.253188
0.071500	1.252828
0.071600	1.252469
0.071700	1.252111
0.071800	1.251752
0.071900	1.251395
0.072000	1.251037
0.072100	1.250680
0.072200	1.250323
0.072300	1.249967
0.072400	1.249611
0.072500	1.249256
0.072600	1.248901
0.072700	1.248546
0.072800	1.248192
0.072900	1.247838
0.073000	1.247484
0.073100	1.247131
0.073200	1.246779
0.073300	1.246427
0.073400	1.246075
0.073500	1.245723
0.073600	1.245372
0.073700	1.245022
0.073800	1.244672
0.073900	1.244322
0.074000	1.243973
0.074100	1.243624
0.074200	1.243275
0.074300	1.242927
0.074400	1.242580
0.074500	1.242232
0.074600	1.241886
0.074700	1.241539
0.074800	1.241193
0.074900	1.240848
0.075000	1.240503
0.075100	1.240158
0.075200	1.239814
0.075300	1.239470
0.075400	1.239127
0.075500	1.238784
0.075600	1.238442
0.075700	1.238100
0.075800	1.237758
0.075900	1.237417
0.076000	1.237076
0.076100	1.236736
0.076200	1.236396
0.076300	1.236057
0.076400	1.235718
0.076500	1.235379
0.076600	1.235041
0.076700	1.234703
0.076800	1.234366
0.076900	1.234029
0.077000	1.233693
0.077100	1.233357
0.077200	1.233022
0.077300	1.232687
0.077400	1.232352
0.077500	1.232018
0.077600	1.231685
0.077700	1.231351
0.077800	1.231019
0.077900	1.230686
0.078000	1.230355
0.078100	1.230023
0.078200	1.229692
0.078300	1.229362
0.078400	1.229032
0.078500	1.228702
0.078600	1.228373
0.078700	1.228045
0.078800	1.227716
0.078900	1.227389
0.079000	1.227061
0.079100	1.226735
0.079200	1.226408
0.079300	1.226082
0.079400	1.225757
0.079500	1.225432
0.079600	1.225107
0.079700	1.224783
0.079800	1.224460
0.079900	1.224136
0.080000	1.223814
0.080100	1.223491
0.080200	1.223170
0.080300	1.222848
0.080400	1.222527
0.080500	1.222207
0.080600	1.221887
0.080700	1.221568
0.080800	1.221249
0.080900	1.220930
0.081000	1.220612
0.081100	1.220294
0.081200	1.219977
0.081300	1.219660
0.081400	1.219344
0.081500	1.219028
0.081600	1.218713
0.081700	1.218398
0.081800	1.218084
0.081900	1.217770
0.082000	1.217457
0.082100	1.217144
0.082200	1.216831
0.082300	1.216519
0.082400	1.216207
0.082500	1.215896
0.082600	1.215586
0.082700	1.215275
0.082800	1.214966
0.082900	1.214656
0.083000	1.214348
0.083100	1.214039
0.083200	1.213731
0.083300	1.213424
0.083400	1.213117
0.083500	1.212811
0.083600	1.212505
0.083700	1.212199
0.083800	1.211894
0.083900	1.211589
0.084000	1.211285
0.084100	1.210982
0.084200	1.210678
0.084300	1.210376
0.084400	1.210073
0.084500	1.209772
0.084600	1.209470
0.084700	1.209169
0.084800	1.208869
0.084900	1.208569
0.085000	1.208269
0.085100	1.207970
0.085200	1.207672
0.085300	1.207374
0.085400	1.207076
0.085500	1.206779
0.085600	1.206482
0.085700	1.206186
0.085800	1.205890
0.085900	1.205595
0.086000	1.205300
0.086100	1.205006
0.086200	1.204712
0.086300	1.204419
0.086400	1.204126
0.086500	1.203833
0.086600	1.203541
0.086700	1.203250
0.086800	1.202959
0.086900	1.202668
0.087000	1.202378
0.087100	1.202088
0.087200	1.201799
0.087300	1.201510
0.087400	1.201222
0.087500	1.200934
0.087600	1.200646
0.087700	1.200360
0.087800	1.200073
0.087900	1.199787
0.088000	1.199502
0.088100	1.199216
0.088200	1.198932
0.088300	1.198648
0.088400	1.198364
0.088500	1.198081
0.088600	1.197798
0.088700	1.197516
0.088800	1.197234
0.088900	1.196952
0.089000	1.196672
0.089100	1.196391
0.089200	1.196111
0.089300	1.195832
0.089400	1.195552
0.089500	1.195274
0.089600	1.194996
0.089700	1.194718
0.089800	1.194441
0.089900	1.194164
0.090000	1.193888
0.090100	1.193612
0.090200	1.193336
0.090300	1.193061
0.090400	1.192787
0.090500	1.192513
0.090600	1.192239
0.090700	1.191966
0.090800	1.191693
0.090900	1.191421
0.091000	1.191149
0.091100	1.190878
0.091200	1.190607
0.091300	1.190337
0.091400	1.190067
0.091500	1.189797
0.091600	1.189528
0.091700	1.189260
0.091800	1.188991
0.091900	1.188724
0.092000	1.188457
0.092100	1.188190
0.092200	1.187923
0.092300	1.187657
0.092400	1.187392
0.092500	1.187127
0.092600	1.186862
0.092700	1.186598
0.092800	1.186335
0.092900	1.186072
0.093000	1.185809
0.093100	1.185546
0.093200	1.185285
0.093300	1.185023
0.093400	1.184762
0.093500	1.184502
0.093600	1.184242
0.093700	1.183982
0.093800	1.183723
0.093900	1.183464
0.094000	1.183206
0.094100	1.182948
0.094200	1.182691
0.094300	1.182434
0.094400	1.182177
0.094500	1.181921
0.094600	1.181665
0.094700	1.181410
0.094800	1.181155
0.094900	1.180901
0.095000	1.180647
0.095100	1.180394
0.095200	1.180141
0.095300	1.179888
0.095400	1.179636
0.095500	1.179384
0.095600	1.179133
0.095700	1.178882
0.095800	1.178632
0.095900	1.178382
0.096000	1.178132
0.096100	1.177883
0.096200	1.177635
0.096300	1.177386
0.096400	1.177139
0.096500	1.176891
0.096600	1.176644
0.096700	1.176398
0.096800	1.176152
0.096900	1.175906
0.097000	1.175661
0.097100	1.175416
0.097200	1.175172
0.097300	1.174928
0.097400	1.174685
0.097500	1.174442
0.097600	1.174199
0.097700	1.173957
0.097800	1.173715
0.097900	1.173474
0.098000	1.173233
0.098100	1.172992
0.098200	1.172752
0.098300	1.172513
0.098400	1.172274
0.098500	1.172035
0.098600	1.171796
0.098700	1.171558
0.098800	1.171321
0.098900	1.171084
0.099000	1.170847
0.099100	1.170611
0.099200	1.170375
0.099300	1.170140
0.099400	1.169905
0.099500	1.169670
0.099600	1.169436
0.099700	1.169202
0.099800	1.168969
0.099900	1.168736
0.100000	1.168504
0.100100	1.168272
0.100200	1.168040
0.100300	1.167809
0.100400	1.167578
0.100500	1.167347
0.100600	1.167117
0.100700	1.166888
0.100800	1.166659
0.100900	1.166430
0.101000	1.166202
0.101100	1.165974
0.101200	1.165746
0.101300	1.165519
0.101400	1.165292
0.101500	1.165066
0.101600	1.164840
0.101700	1.164615
0.101800	1.164390
0.101900	1.164165
0.102000	1.163941
0.102100	1.163717
0.102200	1.163493
0.102300	1.163270
0.102400	1.163048
0.102500	1.162825
0.102600	1.162604
0.102700	1.162382
0.102800	1.162161
0.102900	1.161941
0.103000	1.161720
0.103100	1.161500
0.103200	1.161281
0.103300	1.161062
0.103400	1.160843
0.103500	1.160625
0.103600	1.160407
0.103700	1.160190
0.103800	1.159973
0.103900	1.159756
0.104000	1.159540
0.104100	1.159324
0.104200	1.159109
0.104300	1.158894
0.104400	1.158679
0.104500	1.158465
0.104600	1.158251
0.104700	1.158037
0.104800	1.157824
0.104900	1.157611
0.105000	1.157399
0.105100	1.157187
0.105200	1.156976
0.105300	1.156764
0.105400	1.156554
0.105500	1.156343
0.105600	1.156133
0.105700	1.155924
0.105800	1.155714
0.105900	1.155506
0.106000	1.155297
0.106100	1.155089
0.106200	1.154881
0.106300	1.154674
0.106400	1.154467
0.106500	1.154261
0.106600	1.154054
0.106700	1.153849
0.106800	1.153643
0.106900	1.153438
0.107000	1.153234
0.107100	1.153029
0.107200	1.152826
0.107300	1.152622
0.107400	1.152419
0.107500	1.152216
0.107600	1.152014
0.107700	1.151812
0.107800	1.151610
0.107900	1.151409
0.108000	1.151208
0.108100	1.151007
0.108200	1.150807
0.108300	1.150608
0.108400	1.150408
0.108500	1.150209
0.108600	1.150011
0.108700	1.149812
0.108800	1.149614
0.108900	1.149417
0.109000	1.149220
0.109100	1.149023
0.109200	1.148826
0.109300	1.148630
0.109400	1.148435
0.109500	1.148239
0.109600	1.148044
0.109700	1.147850
0.109800	1.147655
0.109900	1.147462
0.110000	1.147268
0.110100	1.147075
0.110200	1.146882
0.110300	1.146690
0.110400	1.146498
0.110500	1.146306
0.110600	1.146115
0.110700	1.145924
0.110800	1.145733
0.110900	1.145543
0.111000	1.145353
0.111100	1.145163
0.111200	1.144974
0.111300	1.144785
0.111400	1.144597
0.111500	1.144408
0.111600	1.144221
0.111700	1.144033
0.111800	1.143846
0.111900	1.143659
0.112000	1.143473
0.112100	1.143287
0.112200	1.143101
0.112300	1.142916
0.112400	1.142731
0.112500	1.142546
0.112600	1.142362
0.112700	1.142178
0.112800	1.141995
0.112900	1.141811
0.113000	1.141628
0.113100	1.141446
0.113200	1.141264
0.113300	1.141082
0.113400	1.140900
0.113500	1.140719
0.113600	1.140538
0.113700	1.140358
0.113800	1.140178
0.113900	1.139998
0.114000	1.139818
0.114100	1.139639
0.114200	1.139460
0.114300	1.139282
0.114400	1.139104
0.114500	1.138926
0.114600	1.138749
0.114700	1.138572
0.114800	1.138395
0.114900	1.138218
0.115000	1.138042
0.115100	1.137867
0.115200	1.137691
0.115300	1.137516
0.115400	1.137341
0.115500	1.137167
0.115600	1.136993
0.115700	1.136819
0.115800	1.136646
0.115900	1.136473
0.116000	1.136300
0.116100	1.136127
0.116200	1.135955
0.116300	1.135783
0.116400	1.135612
0.116500	1.135441
0.116600	1.135270
0.116700	1.135100
0.116800	1.134930
0.116900	1.134760
0.117000	1.134590
0.117100	1.134421
0.117200	1.134252
0.117300	1.134084
0.117400	1.133915
0.117500	1.133748
0.117600	1.133580
0.117700	1.133413
0.117800	1.133246
0.117900	1.133079
0.118000	1.132913
0.118100	1.132747
0.118200	1.132581
0.118300	1.132416
0.118400	1.132251
0.118500	1.132086
0.118600	1.131922
0.118700	1.131758
0.118800	1.131594
0.118900	1.131431
0.119000	1.131268
0.119100	1.131105
0.119200	1.130942
0.119300	1.130780
0.119400	1.130618
0.119500	1.130457
0.119600	1.130295
0.119700	1.130135
0.119800	1.129974
0.119900	1.129814
0.120000	1.129654
0.120100	1.129494
0.120200	1.129334
0.120300	1.129175
0.120400	1.129017
0.120500	1.128858
0.120600	1.128700
0.120700	1.128542
0.120800	1.128385
0.120900	1.128227
0.121000	1.128070
0.121100	1.127914
0.121200	1.127757
0.121300	1.127601
0.121400	1.127446
0.121500	1.127290
0.121600	1.127135
0.121700	1.126980
0.121800	1.126826
0.121900	1.126671
0.122000	1.126517
0.122100	1.126364
0.122200	1.126210
0.122300	1.126057
0.122400	1.125905
0.122500	1.125752
0.122600	1.125600
0.122700	1.125448
0.122800	1.125297
0.122900	1.125145
0.123000	1.124994
0.123100	1.124844
0.123200	1.124693
0.123300	1.124543
0.123400	1.124393
0.123500	1.124244
0.123600	1.124094
0.123700	1.123945
0.123800	1.123797
0.123900	1.123648
0.124000	1.123500
0.124100	1.123353
0.124200	1.123205
0.124300	1.123058
0.124400	1.122911
0.124500	1.122764
0.124600	1.122618
0.124700	1.122472
0.124800	1.122326
0.124900	1.122180
0.125000	1.122035
0.125100	1.121890
0.125200	1.121746
0.125300	1.121601
0.125400	1.121457
0.125500	1.121313
0.125600	1.121170
0.125700	1.121026
0.125800	1.120883
0.125900	1.120741
0.126000	1.120598
0.126100	1.120456
0.126200	1.120314
0.126300	1.120173
0.126400	1.120031
0.126500	1.119890
0.126600	1.119749
0.126700	1.119609
0.126800	1.119469
0.126900	1.119329
0.127000	1.119189
0.127100	1.119050
0.127200	1.118910
0.127300	1.118772
0.127400	1.118633
0.127500	1.118495
0.127600	1.118357
0.127700	1.118219
0.127800	1.118081
0.127900	1.117944
0.128000	1.117807
0.128100	1.117670
0.128200	1.117534
0.128300	1.117398
0.128400	1.117262
0.128500	1.117126
0.128600	1.116991
0.128700	1.116856
0.128800	1.116721
0.128900	1.116586
0.129000	1.116452
0.129100	1.116318
0.129200	1.116184
0.129300	1.116051
0.129400	1.115917
0.129500	1.115784
0.129600	1.115652
0.129700	1.115519
0.129800	1.115387
0.129900	1.115255
0.130000	1.115123
0.130100	1.114992
0.130200	1.114861
0.130300	1.114730
0.130400	1.114599
0.130500	1.114469
0.130600	1.114338
0.130700	1.114208
0.130800	1.114079
0.130900	1.113949
0.131000	1.113820
0.131100	1.113691
0.131200	1.113563
0.131300	1.113434
0.131400	1.113306
0.131500	1.113178
0.131600	1.113051
0.131700	1.112923
0.131800	1.112796
0.131900	1.112669
0.132000	1.112543
0.132100	1.112416
0.132200	1.112290
0.132300	1.112164
0.132400	1.112039
0.132500	1.111913
0.132600	1.111788
0.132700	1.111663
0.132800	1.111538
0.132900	1.111414
0.133000	1.111290
0.133100	1.111166
0.133200	1.111042
0.133300	1.110919
0.133400	1.110796
0.133500	1.110673
0.133600	1.110550
0.133700	1.110428
0.133800	1.110305
0.133900	1.110183
0.134000	1.110062
0.134100	1.109940
0.134200	1.109819
0.134300	1.109698
0.134400	1.109577
0.134500	1.109457
0.134600	1.109336
0.134700	1.109216
0.134800	1.109096
0.134900	1.108977
0.135000	1.108857
0.135100	1.108738
0.135200	1.108619
0.135300	1.108501
0.135400	1.108382
0.135500	1.108264
0.135600	1.108146
0.135700	1.108029
0.135800	1.107911
0.135900	1.107794
0.136000	1.107677
0.136100	1.107560
0.136200	1.107443
0.136300	1.107327
0.136400	1.107211
0.136500	1.107095
0.136600	1.106980
0.136700	1.106864
0.136800	1.106749
0.136900	1.106634
0.137000	1.106519
0.137100	1.106405
0.137200	1.106291
0.137300	1.106177
0.137400	1.106063
0.137500	1.105949
0.137600	1.105836
0.137700	1.105723
0.137800	1.105610
0.137900	1.105497
0.138000	1.105385
0.138100	1.105272
0.138200	1.105160
0.138300	1.105048
0.138400	1.104937
0.138500	1.104826
0.138600	1.104714
0.138700	1.104604
0.138800	1.104493
0.138900	1.104382
0.139000	1.104272
0.139100	1.104162
0.139200	1.104052
0.139300	1.103943
0.139400	1.103833
0.139500	1.103724
0.139600	1.103615
0.139700	1.103506
0.139800	1.103398
0.139900	1.103290
0.140000	1.103181
0.140100	1.103074
0.140200	1.102966
0.140300	1.102859
0.140400	1.102751
0.140500	1.102644
0.140600	1.102537
0.140700	1.102431
0.140800	1.102324
0.140900	1.102218
0.141000	1.102112
0.141100	1.102007
0.141200	1.101901
0.141300	1.101796
0.141400	1.101691
0.141500	1.101586
0.141600	1.101481
0.141700	1.101377
0.141800	1.101272
0.141900	1.101168
0.142000	1.101064
0.142100	1.100961
0.142200	1.100857
0.142300	1.100754
0.142400	1.100651
0.142500	1.100548
0.142600	1.100445
0.142700	1.100343
0.142800	1.100241
0.142900	1.100139
0.143000	1.100037
0.143100	1.099935
0.143200	1.099834
0.143300	1.099733
0.143400	1.099632
0.143500	1.099531
0.143600	1.099430
0.143700	1.099330
0.143800	1.099230
0.143900	1.099130
0.144000	1.099030
0.144100	1.098930
0.144200	1.098831
0.144300	1.098732
0.144400	1.098633
0.144500	1.098534
0.144600	1.098435
0.144700	1.098337
0.144800	1.098239
0.144900	1.098141
0.145000	1.098043
0.145100	1.097945
0.145200	1.097848
0.145300	1.097750
0.145400	1.097653
0.145500	1.097556
0.145600	1.097460
0.145700	1.097363
0.145800	1.097267
0.145900	1.097171
0.146000	1.097075
0.146100	1.096979
0.146200	1.096884
0.146300	1.096789
0.146400	1.096693
0.146500	1.096598
0.146600	1.096504
0.146700	1.096409
0.146800	1.096315
0.146900	1.096221
0.147000	1.096127
0.147100	1.096033
0.147200	1.095939
0.147300	1.095846
0.147400	1.095753
0.147500	1.095659
0.147600	1.095567
0.147700	1.095474
0.147800	1.095381
0.147900	1.095289
0.148000	1.095197
0.148100	1.095105
0.148200	1.095013
0.148300	1.094922
0.148400	1.094830
0.148500	1.094739
0.148600	1.094648
0.148700	1.094557
0.148800	1.094467
0.148900	1.094376
0.149000	1.094286
0.149100	1.094196
0.149200	1.094106
0.149300	1.094016
0.149400	1.093926
0.149500	1.093837
0.149600	1.093748
0.149700	1.093659
0.149800	1.093570
0.149900	1.093481
0.150000	1.093393
0.150100	1.093304
0.150200	1.093216
0.150300	1.093128
0.150400	1.093040
0.150500	1.092953
0.150600	1.092865
0.150700	1.092778
0.150800	1.092691
0.150900	1.092604
0.151000	1.092517
0.151100	1.092431
0.151200	1.092344
0.151300	1.092258
0.151400	1.092172
0.151500	1.092086
0.151600	1.092000
0.151700	1.091915
0.151800	1.091830
0.151900	1.091744
0.152000	1.091659
0.152100	1.091574
0.152200	1.091490
0.152300	1.091405
0.152400	1.091321
0.152500	1.091237
0.152600	1.091153
0.152700	1.091069
0.152800	1.090985
0.152900	1.090902
0.153000	1.090818
0.153100	1.090735
0.153200	1.090652
0.153300	1.090569
0.153400	1.090487
0.153500	1.090404
0.153600	1.090322
0.153700	1.090240
0.153800	1.090158
0.153900	1.090076
0.154000	1.089994
0.154100	1.089913
0.154200	1.089831
0.154300	1.089750
0.154400	1.089669
0.154500	1.089588
0.154600	1.089508
0.154700	1.089427
0.154800	1.089347
0.154900	1.089267
0.155000	1.089187
0.155100	1.089107
0.155200	1.089027
0.155300	1.088947
0.155400	1.088868
0.155500	1.088789
0.155600	1.088710
0.155700	1.088631
0.155800	1.088552
0.155900	1.088473
0.156000	1.088395
0.156100	1.088317
0.156200	1.088239
0.156300	1.088161
0.156400	1.088083
0.156500	1.088005
0.156600	1.087928
0.156700	1.087850
0.156800	1.087773
0.156900	1.087696
0.157000	1.087619
0.157100	1.087542
0.157200	1.087466
0.157300	1.087389
0.157400	1.087313
0.157500	1.087237
0.157600	1.087161
0.157700	1.087085
0.157800	1.087010
0.157900	1.086934
0.158000	1.086859
0.158100	1.086784
0.158200	1.086709
0.158300	1.086634
0.158400	1.086559
0.158500	1.086484
0.158600	1.086410
0.158700	1.086336
0.158800	1.086261
0.158900	1.086187
0.159000	1.086114
0.159100	1.086040
0.159200	1.085966
0.159300	1.085893
0.159400	1.085820
0.159500	1.085747
0.159600	1.085674
0.159700	1.085601
0.159800	1.085528
0.159900	1.085456
0.160000	1.085383
0.160100	1.085311
0.160200	1.085239
0.160300	1.085167
0.160400	1.085095
0.160500	1.085024
0.160600	1.084952
0.160700	1.084881
0.160800	1.084810
0.160900	1.084739
0.161000	1.084668
0.161100	1.084597
0.161200	1.084526
0.161300	1.084456
0.161400	1.084386
0.161500	1.084315
0.161600	1.084245
0.161700	1.084175
0.161800	1.084106
0.161900	1.084036
0.162000	1.083966
0.162100	1.083897
0.162200	1.083828
0.162300	1.083759
0.162400	1.083690
0.162500	1.083621
0.162600	1.083552
0.162700	1.083484
0.162800	1.083416
0.162900	1.083347
0.163000	1.083279
0.163100	1.083211
0.163200	1.083143
0.163300	1.083076
0.163400	1.083008
0.163500	1.082941
0.163600	1.082873
0.163700	1.082806
0.163800	1.082739
0.163900	1.082672
0.164000	1.082606
0.164100	1.082539
0.164200	1.082473
0.164300	1.082406
0.164400	1.082340
0.164500	1.082274
0.164600	1.082208
0.164700	1.082142
0.164800	1.082077
0.164900	1.082011
0.165000	1.081946
0.165100	1.081880
0.165200	1.081815
0.165300	1.081750
0.165400	1.081685
0.165500	1.081621
0.165600	1.081556
0.165700	1.081492
0.165800	1.081427
0.165900	1.081363
0.166000	1.081299
0.166100	1.081235
0.166200	1.081171
0.166300	1.081107
0.166400	1.081044
0.166500	1.080980
0.166600	1.080917
0.166700	1.080854
0.166800	1.080791
0.166900	1.080728
0.167000	1.080665
0.167100	1.080602
0.167200	1.080540
0.167300	1.080477
0.167400	1.080415
0.167500	1.080353
0.167600	1.080291
0.167700	1.080229
0.167800	1.080167
0.167900	1.080106
0.168000	1.080044
0.168100	1.079983
0.168200	1.079921
0.168300	1.079860
0.168400	1.079799
0.168500	1.079738
0.168600	1.079677
0.168700	1.079617
0.168800	1.079556
0.168900	1.079496
0.169000	1.079435
0.169100	1.079375
0.169200	1.079315
0.169300	1.079255
0.169400	1.079195
0.169500	1.079136
0.169600	1.079076
0.169700	1.079017
0.169800	1.078957
0.169900	1.078898
0.170000	1.078839
0.170100	1.078780
0.170200	1.078721
0.170300	1.078662
0.170400	1.078604
0.170500	1.078545
0.170600	1.078487
0.170700	1.078429
0.170800	1.078371
0.170900	1.078313
0.171000	1.078255
0.171100	1.078197
0.171200	1.078139
0.171300	1.078082
0.171400	1.078024
0.171500	1.077967
0.171600	1.077910
0.171700	1.077853
0.171800	1.077796
0.171900	1.077739
0.172000	1.077682
0.172100	1.077625
0.172200	1.077569
0.172300	1.077512
0.172400	1.077456
0.172500	1.077400
0.172600	1.077344
0.172700	1.077288
0.172800	1.077232
0.172900	1.077176
0.173000	1.077121
0.173100	1.077065
0.173200	1.077010
0.173300	1.076955
0.173400	1.076900
0.173500	1.076845
0.173600	1.076790
0.173700	1.076735
0.173800	1.076680
0.173900	1.076625
0.174000	1.076571
0.174100	1.076517
0.174200	1.076462
0.174300	1.076408
0.174400	1.076354
0.174500	1.076300
0.174600	1.076246
0.174700	1.076193
0.174800	1.076139
0.174900	1.076086
0.175000	1.076032
0.175100	1.075979
0.175200	1.075926
0.175300	1.075873
0.175400	1.075820
0.175500	1.075767
0.175600	1.075714
0.175700	1.075662
0.175800	1.075609
0.175900	1.075557
0.176000	1.075504
0.176100	1.075452
0.176200	1.075400
0.176300	1.075348
0.176400	1.075296
0.176500	1.075244
0.176600	1.075193
0.176700	1.075141
0.176800	1.075090
0.176900	1.075038
0.177000	1.074987
0.177100	1.074936
0.177200	1.074885
0.177300	1.074834
0.177400	1.074783
0.177500	1.074732
0.177600	1.074682
0.177700	1.074631
0.177800	1.074581
0.177900	1.074530
0.178000	1.074480
0.178100	1.074430
0.178200	1.074380
0.178300	1.074330
0.178400	1.074280
0.178500	1.074231
0.178600	1.074181
0.178700	1.074131
0.178800	1.074082
0.178900	1.074033
0.179000	1.073983
0.179100	1.073934
0.179200	1.073885
0.179300	1.073836
0.179400	1.073788
0.179500	1.073739
0.179600	1.073690
0.179700	1.073642
0.179800	1.073593
0.179900	1.073545
0.180000	1.073497
0.180100	1.073449
0.180200	1.073401
0.180300	1.073353
0.180400	1.073305
0.180500	1.073257
0.180600	1.073210
0.180700	1.073162
0.180800	1.073115
0.180900	1.073067
0.181000	1.073020
0.181100	1.072973
0.181200	1.072926
0.181300	1.072879
0.181400	1.072832
0.181500	1.072785
0.181600	1.072739
0.181700	1.072692
0.181800	1.072645
0.181900	1.072599
0.182000	1.072553
0.182100	1.072507
0.182200	1.072460
0.182300	1.072414
0.182400	1.072369
0.182500	1.072323
0.182600	1.072277
0.182700	1.072231
0.182800	1.072186
0.182900	1.072140
0.183000	1.072095
0.183100	1.072050
0.183200	1.072005
0.183300	1.071959
0.183400	1.071915
0.183500	1.071870
0.183600	1.071825
0.183700	1.071780
0.183800	1.071735
0.183900	1.071691
0.184000	1.071646
0.184100	1.071602
0.184200	1.071558
0.184300	1.071514
0.184400	1.071470
0.184500	1.071426
0.184600	1.071382
0.184700	1.071338
0.184800	1.071294
0.184900	1.071251
0.185000	1.071207
0.185100	1.071164
0.185200	1.071120
0.185300	1.071077
0.185400	1.071034
0.185500	1.070991
0.185600	1.070948
0.185700	1.070905
0.185800	1.070862
0.185900	1.070819
0.186000	1.070776
0.186100	1.070734
0.186200	1.070691
0.186300	1.070649
0.186400	1.070607
0.186500	1.070564
0.186600	1.070522
0.186700	1.070480
0.186800	1.070438
0.186900	1.070396
0.187000	1.070354
0.187100	1.070313
0.187200	1.070271
0.187300	1.070230
0.187400	1.070188
0.187500	1.070147
0.187600	1.070105
0.187700	1.070064
0.187800	1.070023
0.187900	1.069982
0.188000	1.069941
0.188100	1.069900
0.188200	1.069859
0.188300	1.069819
0.188400	1.069778
0.188500	1.069738
0.188600	1.069697
0.188700	1.069657
0.188800	1.069616
0.188900	1.069576
0.189000	1.069536
0.189100	1.069496
0.189200	1.069456
0.189300	1.069416
0.189400	1.069376
0.189500	1.069337
0.189600	1.069297
0.189700	1.069257
0.189800	1.069218
0.189900	1.069179
0.190000	1.069139
0.190100	1.069100
0.190200	1.069061
0.190300	1.069022
0.190400	1.068983
0.190500	1.068944
0.190600	1.068905
0.190700	1.068866
0.190800	1.068828
0.190900	1.068789
0.191000	1.068750
0.191100	1.068712
0.191200	1.068674
0.191300	1.068635
0.191400	1.068597
0.191500	1.068559
0.191600	1.068521
0.191700	1.068483
0.191800	1.068445
0.191900	1.068407
0.192000	1.068369
0.192100	1.068332
0.192200	1.068294
0.192300	1.068257
0.192400	1.068219
0.192500	1.068182
0.192600	1.068145
0.192700	1.068107
0.192800	1.068070
0.192900	1.068033
0.193000	1.067996
0.193100	1.067959
0.193200	1.067922
0.193300	1.067886
0.193400	1.067849
0.193500	1.067812
0.193600	1.067776
0.193700	1.067739
0.193800	1.067703
0.193900	1.067667
0.194000	1.067631
0.194100	1.067594
0.194200	1.067558
0.194300	1.067522
0.194400	1.067486
0.194500	1.067450
0.194600	1.067415
0.194700	1.067379
0.194800	1.067343
0.194900	1.067308
0.195000	1.067272
0.195100	1.067237
0.195200	1.067201
0.195300	1.067166
0.195400	1.067131
0.195500	1.067096
0.195600	1.067061
0.195700	1.067026
0.195800	1.066991
0.195900	1.066956
0.196000	1.066921
0.196100	1.066886
0.196200	1.066852
0.196300	1.066817
0.196400	1.066783
0.196500	1.066748
0.196600	1.066714
0.196700	1.066680
0.196800	1.066645
0.196900	1.066611
0.197000	1.066577
0.197100	1.066543
0.197200	1.066509
0.197300	1.066475
0.197400	1.066442
0.197500	1.066408
0.197600	1.066374
0.197700	1.066341
0.197800	1.066307
0.197900	1.066274
0.198000	1.066240
0.198100	1.066207
0.198200	1.066174
0.198300	1.066141
0.198400	1.066107
0.198500	1.066074
0.198600	1.066041
0.198700	1.066008
0.198800	1.065976
0.198900	1.065943
0.199000	1.065910
0.199100	1.065877
0.199200	1.065845
0.199300	1.065812
0.199400	1.065780
0.199500	1.065748
0.199600	1.065715
0.199700	1.065683
0.199800	1.065651
0.199900	1.065619
0.200000	1.065587
0.200100	1.065555
0.200200	1.065523
0.200300	1.065491
0.200400	1.065459
0.200500	1.065427
0.200600	1.065396
0.200700	1.065364
0.200800	1.065333
0.200900	1.065301
0.201000	1.065270
0.201100	1.065238
0.201200	1.065207
0.201300	1.065176
0.201400	1.065145
0.201500	1.065114
0.201600	1.065083
0.201700	1.065052
0.201800	1.065021
0.201900	1.064990
0.202000	1.064959
0.202100	1.064929
0.202200	1.064898
0.202300	1.064867
0.202400	1.064837
0.202500	1.064806
0.202600	1.064776
0.202700	1.064746
0.202800	1.064715
0.202900	1.064685
0.203000	1.064655
0.203100	1.064625
0.203200	1.064595
0.203300	1.064565
0.203400	1.064535
0.203500	1.064505
0.203600	1.064476
0.203700	1.064446
0.203800	1.064416
0.203900	1.064387
0.204000	1.064357
0.204100	1.064328
0.204200	1.064298
0.204300	1.064269
0.204400	1.064240
0.204500	1.064210
0.204600	1.064181
0.204700	1.064152
0.204800	1.064123
0.204900	1.064094
0.205000	1.064065
0.205100	1.064036
0.205200	1.064007
0.205300	1.063979
0.205400	1.063950
0.205500	1.063921
0.205600	1.063893
0.205700	1.063864
0.205800	1.063836
0.205900	1.063807
0.206000	1.063779
0.206100	1.063751
0.206200	1.063723
0.206300	1.063694
0.206400	1.063666
0.206500	1.063638
0.206600	1.063610
0.206700	1.063582
0.206800	1.063554
0.206900	1.063527
0.207000	1.063499
0.207100	1.063471
0.207200	1.063443
0.207300	1.063416
0.207400	1.063388
0.207500	1.063361
0.207600	1.063333
0.207700	1.063306
0.207800	1.063279
0.207900	1.063251
0.208000	1.063224
0.208100	1.063197
0.208200	1.063170
0.208300	1.063143
0.208400	1.063116
0.208500	1.063089
0.208600	1.063062
0.208700	1.063035
0.208800	1.063009
0.208900	1.062982
0.209000	1.062955
0.209100	1.062929
0.209200	1.062902
0.209300	1.062876
0.209400	1.062849
0.209500	1.062823
0.209600	1.062796
0.209700	1.062770
0.209800	1.062744
0.209900	1.062718
0.210000	1.062692
0.210100	1.062666
0.210200	1.062640
0.210300	1.062614
0.210400	1.062588
0.210500	1.062562
0.210600	1.062536
0.210700	1.062510
0.210800	1.062485
0.210900	1.062459
0.211000	1.062433
0.211100	1.062408
0.211200	1.062382
0.211300	1.062357
0.211400	1.062332
0.211500	1.062306
0.211600	1.062281
0.211700	1.062256
0.211800	1.062231
0.211900	1.062206
0.212000	1.062180
0.212100	1.062155
0.212200	1.062131
0.212300	1.062106
0.212400	1.062081
0.212500	1.062056
0.212600	1.062031
0.212700	1.062006
0.212800	1.061982
0.212900	1.061957
0.213000	1.061933
0.213100	1.061908
0.213200	1.061884
0.213300	1.061859
0.213400	1.061835
0.213500	1.061811
0.213600	1.061786
0.213700	1.061762
0.213800	1.061738
0.213900	1.061714
0.214000	1.061690
0.214100	1.061666
0.214200	1.061642
0.214300	1.061618
0.214400	1.061594
0.214500	1.061570
0.214600	1.061547
0.214700	1.061523
0.214800	1.061499
0.214900	1.061476
0.215000	1.061452
0.215100	1.061428
0.215200	1.061405
0.215300	1.061382
0.215400	1.061358
0.215500	1.061335
0.215600	1.061312
0.215700	1.061288
0.215800	1.061265
0.215900	1.061242
0.216000	1.061219
0.216100	1.061196
0.216200	1.061173
0.216300	1.061150
0.216400	1.061127
0.216500	1.061104
0.216600	1.061081
0.216700	1.061059
0.216800	1.061036
0.216900	1.061013
0.217000	1.060991
0.217100	1.060968
0.217200	1.060946
0.217300	1.060923
0.217400	1.060901
0.217500	1.060878
0.217600	1.060856
0.217700	1.060834
0.217800	1.060811
0.217900	1.060789
0.218000	1.060767
0.218100	1.060745
0.218200	1.060723
0.218300	1.060701
0.218400	1.060679
0.218500	1.060657
0.218600	1.060635
0.218700	1.060613
0.218800	1.060591
0.218900	1.060570
0.219000	1.060548
0.219100	1.060526
0.219200	1.060505
0.219300	1.060483
0.219400	1.060461
0.219500	1.060440
0.219600	1.060419
0.219700	1.060397
0.219800	1.060376
0.219900	1.060354
0.220000	1.060333
0.220100	1.060312
0.220200	1.060291
0.220300	1.060270
0.220400	1.060249
0.220500	1.060228
0.220600	1.060206
0.220700	1.060186
0.220800	1.060165
0.220900	1.060144
0.221000	1.060123
0.221100	1.060102
0.221200	1.060081
0.221300	1.060061
0.221400	1.060040
0.221500	1.060019
0.221600	1.059999
0.221700	1.059978
0.221800	1.059958
0.221900	1.059937
0.222000	1.059917
0.222100	1.059896
0.222200	1.059876
0.222300	1.059856
0.222400	1.059836
0.222500	1.059815
0.222600	1.059795
0.222700	1.059775
0.222800	1.059755
0.222900	1.059735
0.223000	1.059715
0.223100	1.059695
0.223200	1.059675
0.223300	1.059655
0.223400	1.059635
0.223500	1.059616
0.223600	1.059596
0.223700	1.059576
0.223800	1.059556
0.223900	1.059537
0.224000	1.059517
0.224100	1.059498
0.224200	1.059478
0.224300	1.059459
0.224400	1.059439
0.224500	1.059420
0.224600	1.059401
0.224700	1.059381
0.224800	1.059362
0.224900	1.059343
0.225000	1.059323
0.225100	1.059304
0.225200	1.059285
0.225300	1.059266
0.225400	1.059247
0.225500	1.059228
0.225600	1.059209
0.225700	1.059190
0.225800	1.059171
0.225900	1.059153
0.226000	1.059134
0.226100	1.059115
0.226200	1.059096
0.226300	1.059078
0.226400	1.059059
0.226500	1.059040
0.226600	1.059022
0.226700	1.059003
0.226800	1.058985
0.226900	1.058966
0.227000	1.058948
0.227100	1.058929
0.227200	1.058911
0.227300	1.058893
0.227400	1.058874
0.227500	1.058856
0.227600	1.058838
0.227700	1.058820
0.227800	1.058802
0.227900	1.058784
0.228000	1.058766
0.228100	1.058748
0.228200	1.058730
0.228300	1.058712
0.228400	1.058694
0.228500	1.058676
0.228600	1.058658
0.228700	1.058640
0.228800	1.058623
0.228900	1.058605
0.229000	1.058587
0.229100	1.058569
0.229200	1.058552
0.229300	1.058534
0.229400	1.058517
0.229500	1.058499
0.229600	1.058482
0.229700	1.058464
0.229800	1.058447
0.229900	1.058430
0.230000	1.058412
0.230100	1.058395
0.230200	1.058378
0.230300	1.058361
0.230400	1.058343
0.230500	1.058326
0.230600	1.058309
0.230700	1.058292
0.230800	1.058275
0.230900	1.058258
0.231000	1.058241
0.231100	1.058224
0.231200	1.058207
0.231300	1.058190
0.231400	1.058173
0.231500	1.058157
0.231600	1.058140
0.231700	1.058123
0.231800	1.058107
0.231900	1.058090
0.232000	1.058073
0.232100	1.058057
0.232200	1.058040
0.232300	1.058024
0.232400	1.058007
0.232500	1.057991
0.232600	1.057974
0.232700	1.057958
0.232800	1.057941
0.232900	1.057925
0.233000	1.057909
0.233100	1.057893
0.233200	1.057876
0.233300	1.057860
0.233400	1.057844
0.233500	1.057828
0.233600	1.057812
0.233700	1.057796
0.233800	1.057780
0.233900	1.057764
0.234000	1.057748
0.234100	1.057732
0.234200	1.057716
0.234300	1.057700
0.234400	1.057684
0.234500	1.057669
0.234600	1.057653
0.234700	1.057637
0.234800	1.057621
0.234900	1.057606
0.235000	1.057590
0.235100	1.057574
0.235200	1.057559
0.235300	1.057543
0.235400	1.057528
0.235500	1.057512
0.235600	1.057497
0.235700	1.057482
0.235800	1.057466
0.235900	1.057451
0.236000	1.057435
0.236100	1.057420
0.236200	1.057405
0.236300	1.057390
0.236400	1.057375
0.236500	1.057359
0.236600	1.057344
0.236700	1.057329
0.236800	1.057314
0.236900	1.057299
0.237000	1.057284
0.237100	1.057269
0.237200	1.057254
0.237300	1.057239
0.237400	1.057224
0.237500	1.057210
0.237600	1.057195
0.237700	1.057180
0.237800	1.057165
0.237900	1.057150
0.238000	1.057136
0.238100	1.057121
0.238200	1.057106
0.238300	1.057092
0.238400	1.057077
0.238500	1.057063
0.238600	1.057048
0.238700	1.057034
0.238800	1.057019
0.238900	1.057005
0.239000	1.056990
0.239100	1.056976
0.239200	1.056962
0.239300	1.056947
0.239400	1.056933
0.239500	1.056919
0.239600	1.056905
0.239700	1.056890
0.239800	1.056876
0.239900	1.056862
0.240000	1.056848
0.240100	1.056834
0.240200	1.056820
0.240300	1.056806
0.240400	1.056792
0.240500	1.056778
0.240600	1.056764
0.240700	1.056750
0.240800	1.056736
0.240900	1.056722
0.241000	1.056709
0.241100	1.056695
0.241200	1.056681
0.241300	1.056667
0.241400	1.056654
0.241500	1.056640
0.241600	1.056626
0.241700	1.056613
0.241800	1.056599
0.241900	1.056586
0.242000	1.056572
0.242100	1.056558
0.242200	1.056545
0.242300	1.056532
0.242400	1.056518
0.242500	1.056505
0.242600	1.056491
0.242700	1.056478
0.242800	1.056465
0.242900	1.056451
0.243000	1.056438
0.243100	1.056425
0.243200	1.056412
0.243300	1.056399
0.243400	1.056385
0.243500	1.056372
0.243600	1.056359
0.243700	1.056346
0.243800	1.056333
0.243900	1.056320
0.244000	1.056307
0.244100	1.056294
0.244200	1.056281
0.244300	1.056268
0.244400	1.056255
0.244500	1.056242
0.244600	1.056230
0.244700	1.056217
0.244800	1.056204
0.244900	1.056191
0.245000	1.056179
0.245100	1.056166
0.245200	1.056153
0.245300	1.056141
0.245400	1.056128
0.245500	1.056115
0.245600	1.056103
0.245700	1.056090
0.245800	1.056078
0.245900	1.056065
0.246000	1.056053
0.246100	1.056040
0.246200	1.056028
0.246300	1.056015
0.246400	1.056003
0.246500	1.055991
0.246600	1.055978
0.246700	1.055966
0.246800	1.055954
0.246900	1.055942
0.247000	1.055929
0.247100	1.055917
0.247200	1.055905
0.247300	1.055893
0.247400	1.055881
0.247500	1.055869
0.247600	1.055857
0.247700	1.055845
0.247800	1.055833
0.247900	1.055821
0.248000	1.055809
0.248100	1.055797
0.248200	1.055785
0.248300	1.055773
0.248400	1.055761
0.248500	1.055749
0.248600	1.055737
0.248700	1.055726
0.248800	1.055714
0.248900	1.055702
0.249000	1.055690
0.249100	1.055679
0.249200	1.055667
0.249300	1.055655
0.249400	1.055644
0.249500	1.055632
0.249600	1.055621
0.249700	1.055609
0.249800	1.055597
0.249900	1.055586
0.250000	1.055574
0.250100	1.055563
0.250200	1.055552
0.250300	1.055540
0.250400	1.055529
0.250500	1.055517
0.250600	1.055506
0.250700	1.055495
0.250800	1.055483
0.250900	1.055472
0.251000	1.055461
0.251100	1.055450
0.251200	1.055438
0.251300	1.055427
0.251400	1.055416
0.251500	1.055405
0.251600	1.055394
0.251700	1.055383
0.251800	1.055372
0.251900	1.055361
0.252000	1.055350
0.252100	1.055339
0.252200	1.055328
0.252300	1.055317
0.252400	1.055306
0.252500	1.055295
0.252600	1.055284
0.252700	1.055273
0.252800	1.055262
0.252900	1.055251
0.253000	1.055241
0.253100	1.055230
0.253200	1.055219
0.253300	1.055208
0.253400	1.055198
0.253500	1.055187
0.253600	1.055176
0.253700	1.055166
0.253800	1.055155
0.253900	1.055145
0.254000	1.055134
0.254100	1.055123
0.254200	1.055113
0.254300	1.055102
0.254400	1.055092
0.254500	1.055081
0.254600	1.055071
0.254700	1.055060
0.254800	1.055050
0.254900	1.055040
0.255000	1.055029
0.255100	1.055019
0.255200	1.055009
0.255300	1.054998
0.255400	1.054988
0.255500	1.054978
0.255600	1.054968
0.255700	1.054957
0.255800	1.054947
0.255900	1.054937
0.256000	1.054927
0.256100	1.054917
0.256200	1.054907
0.256300	1.054897
0.256400	1.054887
0.256500	1.054876
0.256600	1.054866
0.256700	1.054856
0.256800	1.054846
0.256900	1.054836
0.257000	1.054827
0.257100	1.054817
0.257200	1.054807
0.257300	1.054797
0.257400	1.054787
0.257500	1.054777
0.257600	1.054767
0.257700	1.054757
0.257800	1.054748
0.257900	1.054738
0.258000	1.054728
0.258100	1.054718
0.258200	1.054709
0.258300	1.054699
0.258400	1.054689
0.258500	1.054680
0.258600	1.054670
0.258700	1.054661
0.258800	1.054651
0.258900	1.054641
0.259000	1.054632
0.259100	1.054622
0.259200	1.054613
0.259300	1.054603
0.259400	1.054594
0.259500	1.054584
0.259600	1.054575
0.259700	1.054566
0.259800	1.054556
0.259900	1.054547
0.260000	1.054538
0.260100	1.054528
0.260200	1.054519
0.260300	1.054510
0.260400	1.054500
0.260500	1.054491
0.260600	1.054482
0.260700	1.054473
0.260800	1.054463
0.260900	1.054454
0.261000	1.054445
0.261100	1.054436
0.261200	1.054427
0.261300	1.054418
0.261400	1.054409
0.261500	1.054400
0.261600	1.054391
0.261700	1.054382
0.261800	1.054372
0.261900	1.054364
0.262000	1.054355
0.262100	1.054346
0.262200	1.054337
0.262300	1.054328
0.262400	1.054319
0.262500	1.054310
0.262600	1.054301
0.262700	1.054292
0.262800	1.054283
0.262900	1.054275
0.263000	1.054266
0.263100	1.054257
0.263200	1.054248
0.263300	1.054240
0.263400	1.054231
0.263500	1.054222
0.263600	1.054213
0.263700	1.054205
0.263800	1.054196
0.263900	1.054188
0.264000	1.054179
0.264100	1.054170
0.264200	1.054162
0.264300	1.054153
0.264400	1.054145
0.264500	1.054136
0.264600	1.054128
0.264700	1.054119
0.264800	1.054111
0.264900	1.054102
0.265000	1.054094
0.265100	1.054085
0.265200	1.054077
0.265300	1.054069
0.265400	1.054060
0.265500	1.054052
0.265600	1.054044
0.265700	1.054035
0.265800	1.054027
0.265900	1.054019
0.266000	1.054010
0.266100	1.054002
0.266200	1.053994
0.266300	1.053986
0.266400	1.053977
0.266500	1.053969
0.266600	1.053961
0.266700	1.053953
0.266800	1.053945
0.266900	1.053937
0.267000	1.053929
0.267100	1.053921
0.267200	1.053913
0.267300	1.053904
0.267400	1.053896
0.267500	1.053888
0.267600	1.053880
0.267700	1.053872
0.267800	1.053865
0.267900	1.053857
0.268000	1.053849
0.268100	1.053841
0.268200	1.053833
0.268300	1.053825
0.268400	1.053817
0.268500	1.053809
0.268600	1.053801
0.268700	1.053794
0.268800	1.053786
0.268900	1.053778
0.269000	1.053770
0.269100	1.053762
0.269200	1.053755
0.269300	1.053747
0.269400	1.053739
0.269500	1.053732
0.269600	1.053724
0.269700	1.053716
0.269800	1.053709
0.269900	1.053701
0.270000	1.053693
0.270100	1.053686
0.270200	1.053678
0.270300	1.053671
0.270400	1.053663
0.270500	1.053656
0.270600	1.053648
0.270700	1.053641
0.270800	1.053633
0.270900	1.053626
0.271000	1.053618
0.271100	1.053611
0.271200	1.053603
0.271300	1.053596
0.271400	1.053588
0.271500	1.053581
0.271600	1.053574
0.271700	1.053566
0.271800	1.053559
0.271900	1.053552
0.272000	1.053544
0.272100	1.053537
0.272200	1.053530
0.272300	1.053523
0.272400	1.053515
0.272500	1.053508
0.272600	1.053501
0.272700	1.053494
0.272800	1.053487
0.272900	1.053479
0.273000	1.053472
0.273100	1.053465
0.273200	1.053458
0.273300	1.053451
0.273400	1.053444
0.273500	1.053437
0.273600	1.053430
0.273700	1.053423
0.273800	1.053416
0.273900	1.053408
0.274000	1.053401
0.274100	1.053394
0.274200	1.053388
0.274300	1.053381
0.274400	1.053374
0.274500	1.053367
0.274600	1.053360
0.274700	1.053353
0.274800	1.053346
0.274900	1.053339
0.275000	1.053332
0.275100	1.053325
0.275200	1.053318
0.275300	1.053312
0.275400	1.053305
0.275500	1.053298
0.275600	1.053291
0.275700	1.053285
0.275800	1.053278
0.275900	1.053271
0.276000	1.053264
0.276100	1.053258
0.276200	1.053251
0.276300	1.053244
0.276400	1.053238
0.276500	1.053231
0.276600	1.053224
0.276700	1.053218
0.276800	1.053211
0.276900	1.053204
0.277000	1.053198
0.277100	1.053191
0.277200	1.053185
0.277300	1.053178
0.277400	1.053172
0.277500	1.053165
0.277600	1.053159
0.277700	1.053152
0.277800	1.053146
0.277900	1.053139
0.278000	1.053133
0.278100	1.053126
0.278200	1.053120
0.278300	1.053113
0.278400	1.053107
0.278500	1.053101
0.278600	1.053094
0.278700	1.053088
0.278800	1.053081
0.278900	1.053075
0.279000	1.053069
0.279100	1.053062
0.279200	1.053056
0.279300	1.053050
0.279400	1.053044
0.279500	1.053037
0.279600	1.053031
0.279700	1.053025
0.279800	1.053019
0.279900	1.053012
0.280000	1.053006
0.280100	1.053000
0.280200	1.052994
0.280300	1.052988
0.280400	1.052982
0.280500	1.052975
0.280600	1.052969
0.280700	1.052963
0.280800	1.052957
0.280900	1.052951
0.281000	1.052945
0.281100	1.052939
0.281200	1.052933
0.281300	1.052927
0.281400	1.052921
0.281500	1.052915
0.281600	1.052909
0.281700	1.052903
0.281800	1.052897
0.281900	1.052891
0.282000	1.052885
0.282100	1.052879
0.282200	1.052873
0.282300	1.052867
0.282400	1.052861
0.282500	1.052855
0.282600	1.052850
0.282700	1.052844
0.282800	1.052838
0.282900	1.052832
0.283000	1.052826
0.283100	1.052820
0.283200	1.052815
0.283300	1.052809
0.283400	1.052803
0.283500	1.052797
0.283600	1.052792
0.283700	1.052786
0.283800	1.052780
0.283900	1.052774
0.284000	1.052769
0.284100	1.052763
0.284200	1.052757
0.284300	1.052752
0.284400	1.052746
0.284500	1.052740
0.284600	1.052735
0.284700	1.052729
0.284800	1.052723
0.284900	1.052718
0.285000	1.052712
0.285100	1.052707
0.285200	1.052701
0.285300	1.052696
0.285400	1.052690
0.285500	1.052684
0.285600	1.052679
0.285700	1.052673
0.285800	1.052668
0.285900	1.052662
0.286000	1.052657
0.286100	1.052651
0.286200	1.052646
0.286300	1.052641
0.286400	1.052635
0.286500	1.052630
0.286600	1.052624
0.286700	1.052619
0.286800	1.052614
0.286900	1.052608
0.287000	1.052603
0.287100	1.052597
0.287200	1.052592
0.287300	1.052587
0.287400	1.052581
0.287500	1.052576
0.287600	1.052571
0.287700	1.052566
0.287800	1.052560
0.287900	1.052555
0.288000	1.052550
0.288100	1.052545
0.288200	1.052539
0.288300	1.052534
0.288400	1.052529
0.288500	1.052524
0.288600	1.052518
0.288700	1.052513
0.288800	1.052508
0.288900	1.052503
0.289000	1.052498
0.289100	1.052493
0.289200	1.052488
0.289300	1.052482
0.289400	1.052477
0.289500	1.052472
0.289600	1.052467
0.289700	1.052462
0.289800	1.052457
0.289900	1.052452
0.290000	1.052447
0.290100	1.052442
0.290200	1.052437
0.290300	1.052432
0.290400	1.052427
0.290500	1.052422
0.290600	1.052417
0.290700	1.052412
0.290800	1.052407
0.290900	1.052402
0.291000	1.052397
0.291100	1.052392
0.291200	1.052387
0.291300	1.052382
0.291400	1.052377
0.291500	1.052373
0.291600	1.052368
0.291700	1.052363
0.291800	1.052358
0.291900	1.052353
0.292000	1.052348
0.292100	1.052343
0.292200	1.052339
0.292300	1.052334
0.292400	1.052329
0.292500	1.052324
0.292600	1.052319
0.292700	1.052315
0.292800	1.052310
0.292900	1.052305
0.293000	1.052300
0.293100	1.052296
0.293200	1.052291
0.293300	1.052286
0.293400	1.052282
0.293500	1.052277
0.293600	1.052272
0.293700	1.052267
0.293800	1.052263
0.293900	1.052258
0.294000	1.052253
0.294100	1.052249
0.294200	1.052244
0.294300	1.052240
0.294400	1.052235
0.294500	1.052230
0.294600	1.052226
0.294700	1.052221
0.294800	1.052217
0.294900	1.052212
0.295000	1.052208
0.295100	1.052203
0.295200	1.052199
0.295300	1.052194
0.295400	1.052189
0.295500	1.052185
0.295600	1.052180
0.295700	1.052176
0.295800	1.052172
0.295900	1.052167
0.296000	1.052163
0.296100	1.052158
0.296200	1.052154
0.296300	1.052149
0.296400	1.052145
0.296500	1.052140
0.296600	1.052136
0.296700	1.052132
0.296800	1.052127
0.296900	1.052123
0.297000	1.052119
0.297100	1.052114
0.297200	1.052110
0.297300	1.052105
0.297400	1.052101
0.297500	1.052097
0.297600	1.052093
0.297700	1.052088
0.297800	1.052084
0.297900	1.052080
0.298000	1.052075
0.298100	1.052071
0.298200	1.052067
0.298300	1.052063
0.298400	1.052058
0.298500	1.052054
0.298600	1.052050
0.298700	1.052046
0.298800	1.052041
0.298900	1.052037
0.299000	1.052033
0.299100	1.052029
0.299200	1.052025
0.299300	1.052021
0.299400	1.052016
0.299500	1.052012
0.299600	1.052008
0.299700	1.052004
0.299800	1.052000
0.299900	1.051996
0.300000	1.051992
