# Sandbox Data | Context: 101 | Index: 1 | Label: Sim {/:Italic {/Symbol {/:Italic s}}}_{3} = sigc-50 kPa
# Column_1: X_Axis	Column_2: Y_Axis
0.000100	1.319304
0.000200	2.646401
0.000300	3.981149
0.000400	5.323409
0.000500	6.673040
0.000600	8.029903
0.000700	9.393860
0.000800	10.764772
0.000900	12.142501
0.001000	13.526911
0.001100	14.917863
0.001200	16.315222
0.001300	17.718852
0.001400	19.128619
0.001500	20.544387
0.001600	21.966023
0.001700	23.393393
0.001800	24.826364
0.001900	26.264804
0.002000	27.708580
0.002100	29.157562
0.002200	30.611617
0.002300	32.070616
0.002400	33.534428
0.002500	35.002923
0.002600	36.475973
0.002700	37.953448
0.002800	39.435221
0.002900	40.921162
0.003000	42.411145
0.003100	43.905041
0.003200	45.402726
0.003300	46.904071
0.003400	48.408950
0.003500	49.917239
0.003600	51.428812
0.003700	52.943544
0.003800	54.461311
0.003900	55.981987
0.004000	57.505451
0.004100	59.031578
0.004200	60.560245
0.004300	62.091329
0.004400	63.624710
0.004500	65.160265
0.004600	66.697872
0.004700	68.237412
0.004800	69.778763
0.004900	71.321807
0.005000	72.866422
0.005100	74.412492
0.005200	75.959896
0.005300	77.508517
0.005400	79.058239
0.005500	80.608943
0.005600	82.160514
0.005700	83.712836
0.005800	85.265794
0.005900	86.819273
0.006000	88.373158
0.006100	89.927335
0.006200	91.481694
0.006300	93.036124
0.006400	94.590512
0.006500	96.144749
0.006600	97.698725
0.006700	99.252334
0.006800	100.805465
0.006900	102.358011
0.007000	103.909864
0.007100	105.460918
0.007200	107.011068
0.007300	108.560210
0.007400	110.108240
0.007500	111.655056
0.007600	113.200555
0.007700	114.744638
0.007800	116.287204
0.007900	117.828154
0.008000	119.367390
0.008100	120.904814
0.008200	122.440331
0.008300	123.973846
0.008400	125.505263
0.008500	127.034490
0.008600	128.561435
0.008700	130.086007
0.008800	131.608114
0.008900	133.127669
0.009000	134.644582
0.009100	136.158768
0.009200	137.670139
0.009300	139.178611
0.009400	140.684100
0.009500	142.186524
0.009600	143.685800
0.009700	145.181848
0.009800	146.674590
0.009900	148.163945
0.010000	149.649838
0.010100	151.132192
0.010200	152.610932
0.010300	154.085985
0.010400	155.557277
0.010500	157.024737
0.010600	158.488296
0.010700	159.947882
0.010800	161.403429
0.010900	162.854869
0.011000	164.302137
0.011100	165.745168
0.011200	167.183898
0.011300	168.618265
0.011400	170.048207
0.011500	171.473666
0.011600	172.894581
0.011700	174.310895
0.011800	175.722551
0.011900	177.129493
0.012000	178.531668
0.012100	179.929022
0.012200	181.321503
0.012300	182.709060
0.012400	184.091642
0.012500	185.469202
0.012600	186.841691
0.012700	188.209063
0.012800	189.571272
0.012900	190.928274
0.013000	192.280026
0.013100	193.626485
0.013200	194.967610
0.013300	196.303361
0.013400	197.633699
0.013500	198.958587
0.013600	200.277986
0.013700	201.591862
0.013800	202.900179
0.013900	204.202903
0.014000	205.500002
0.014100	206.791443
0.014200	208.077196
0.014300	209.357231
0.014400	210.631519
0.014500	211.900032
0.014600	213.162743
0.014700	214.419626
0.014800	215.670656
0.014900	216.915809
0.015000	218.155061
0.015100	219.388390
0.015200	220.615775
0.015300	221.837195
0.015400	223.052631
0.015500	224.262063
0.015600	225.465474
0.015700	226.662846
0.015800	227.854163
0.015900	229.039411
0.016000	230.218573
0.016100	231.391637
0.016200	232.558590
0.016300	233.719419
0.016400	234.874112
0.016500	236.022659
0.016600	237.165051
0.016700	238.301277
0.016800	239.431330
0.016900	240.555202
0.017000	241.672885
0.017100	242.784374
0.017200	243.889663
0.017300	244.988746
0.017400	246.081620
0.017500	247.168281
0.017600	248.248726
0.017700	249.322953
0.017800	250.390960
0.017900	251.452746
0.018000	252.508310
0.018100	253.557654
0.018200	254.600776
0.018300	255.637679
0.018400	256.668365
0.018500	257.692836
0.018600	258.711096
0.018700	259.723147
0.018800	260.728993
0.018900	261.728640
0.019000	262.722092
0.019100	263.709356
0.019200	264.690437
0.019300	265.665341
0.019400	266.634076
0.019500	267.596650
0.019600	268.553070
0.019700	269.503345
0.019800	270.447484
0.019900	271.385495
0.020000	272.317390
0.020100	273.243177
0.020200	274.162868
0.020300	275.076473
0.020400	275.984004
0.020500	276.885472
0.020600	277.780890
0.020700	278.670270
0.020800	279.553625
0.020900	280.430968
0.021000	281.302312
0.021100	282.167672
0.021200	283.027061
0.021300	283.880494
0.021400	284.727985
0.021500	285.569551
0.021600	286.405206
0.021700	287.234965
0.021800	288.058846
0.021900	288.876863
0.022000	289.689034
0.022100	290.495375
0.022200	291.295904
0.022300	292.090636
0.022400	292.879591
0.022500	293.662786
0.022600	294.440238
0.022700	295.211966
0.022800	295.977989
0.022900	296.738324
0.023000	297.492991
0.023100	298.242008
0.023200	298.985396
0.023300	299.723172
0.023400	300.455357
0.023500	301.181971
0.023600	301.903033
0.023700	302.618563
0.023800	303.328582
0.023900	304.033111
0.024000	304.732168
0.024100	305.425776
0.024200	306.113955
0.024300	306.796726
0.024400	307.474110
0.024500	308.146128
0.024600	308.812801
0.024700	309.474152
0.024800	310.130200
0.024900	310.780969
0.025000	311.426480
0.025100	312.066755
0.025200	312.701815
0.025300	313.331682
0.025400	313.956380
0.025500	314.575929
0.025600	315.190352
0.025700	315.799672
0.025800	316.403910
0.025900	317.003090
0.026000	317.597234
0.026100	318.186364
0.026200	318.770503
0.026300	319.349674
0.026400	319.923900
0.026500	320.493202
0.026600	321.057605
0.026700	321.617131
0.026800	322.171802
0.026900	322.721643
0.027000	323.266674
0.027100	323.806921
0.027200	324.342405
0.027300	324.873150
0.027400	325.399179
0.027500	325.920514
0.027600	326.437180
0.027700	326.949198
0.027800	327.456592
0.027900	327.959386
0.028000	328.457601
0.028100	328.951262
0.028200	329.440391
0.028300	329.925012
0.028400	330.405147
0.028500	330.880819
0.028600	331.352052
0.028700	331.818869
0.028800	332.281293
0.028900	332.739346
0.029000	333.193051
0.029100	333.642433
0.029200	334.087512
0.029300	334.528313
0.029400	334.964859
0.029500	335.397171
0.029600	335.825274
0.029700	336.249189
0.029800	336.668940
0.029900	337.084549
0.030000	337.496038
0.030100	337.903431
0.030200	338.306751
0.030300	338.706019
0.030400	339.101258
0.030500	339.492490
0.030600	339.879739
0.030700	340.263026
0.030800	340.642374
0.030900	341.017805
0.031000	341.389341
0.031100	341.757005
0.031200	342.120817
0.031300	342.480802
0.031400	342.836980
0.031500	343.189373
0.031600	343.538004
0.031700	343.882894
0.031800	344.224065
0.031900	344.561539
0.032000	344.895336
0.032100	345.225480
0.032200	345.551991
0.032300	345.874891
0.032400	346.194202
0.032500	346.509943
0.032600	346.822138
0.032700	347.130806
0.032800	347.435970
0.032900	347.737650
0.033000	348.035867
0.033100	348.330641
0.033200	348.621995
0.033300	348.909948
0.033400	349.194522
0.033500	349.475736
0.033600	349.753612
0.033700	350.028170
0.033800	350.299430
0.033900	350.567413
0.034000	350.832138
0.034100	351.093627
0.034200	351.351898
0.034300	351.606973
0.034400	351.858871
0.034500	352.107612
0.034600	352.353215
0.034700	352.595701
0.034800	352.835089
0.034900	353.071398
0.035000	353.304648
0.035100	353.534859
0.035200	353.762049
0.035300	353.986239
0.035400	354.207446
0.035500	354.425690
0.035600	354.640991
0.035700	354.853366
0.035800	355.062836
0.035900	355.269418
0.036000	355.473130
0.036100	355.673993
0.036200	355.872024
0.036300	356.067242
0.036400	356.259664
0.036500	356.449310
0.036600	356.636197
0.036700	356.820344
0.036800	357.001767
0.036900	357.180487
0.037000	357.356519
0.037100	357.529882
0.037200	357.700594
0.037300	357.868672
0.037400	358.034134
0.037500	358.196997
0.037600	358.357278
0.037700	358.514995
0.037800	358.670164
0.037900	358.822804
0.038000	358.972930
0.038100	359.120560
0.038200	359.265710
0.038300	359.408398
0.038400	359.548640
0.038500	359.686453
0.038600	359.821853
0.038700	359.954856
0.038800	360.085479
0.038900	360.213738
0.039000	360.339649
0.039100	360.463229
0.039200	360.584493
0.039300	360.703458
0.039400	360.820138
0.039500	360.934551
0.039600	361.046711
0.039700	361.156634
0.039800	361.264336
0.039900	361.369832
0.040000	361.473138
0.040100	361.574268
0.040200	361.673238
0.040300	361.770063
0.040400	361.864759
0.040500	361.957339
0.040600	362.047820
0.040700	362.136215
0.040800	362.222539
0.040900	362.306808
0.041000	362.389035
0.041100	362.469235
0.041200	362.547423
0.041300	362.623613
0.041400	362.697818
0.041500	362.770054
0.041600	362.840334
0.041700	362.908673
0.041800	362.975084
0.041900	363.039581
0.042000	363.102178
0.042100	363.162888
0.042200	363.221726
0.042300	363.278704
0.042400	363.333837
0.042500	363.387137
0.042600	363.438618
0.042700	363.488294
0.042800	363.536177
0.042900	363.582280
0.043000	363.626617
0.043100	363.669201
0.043200	363.710044
0.043300	363.749159
0.043400	363.786559
0.043500	363.822256
0.043600	363.856264
0.043700	363.888594
0.043800	363.919259
0.043900	363.948272
0.044000	363.975644
0.044100	364.001389
0.044200	364.025518
0.044300	364.048042
0.044400	364.068976
0.044500	364.088329
0.044600	364.106114
0.044700	364.122344
0.044800	364.137028
0.044900	364.150181
0.045000	364.161812
0.045100	364.171933
0.045200	364.180556
0.045300	364.187693
0.045400	364.193354
0.045500	364.197551
0.045600	364.200295
0.045700	364.201598
0.045800	364.201469
0.045900	364.199921
0.046000	364.196964
0.046100	364.192609
0.046200	364.186866
0.046300	364.179748
0.046400	364.171263
0.046500	364.161424
0.046600	364.150239
0.046700	364.137721
0.046800	364.123879
0.046900	364.108723
0.047000	364.092264
0.047100	364.074513
0.047200	364.055478
0.047300	364.035172
0.047400	364.013602
0.047500	363.990780
0.047600	363.966715
0.047700	363.941418
0.047800	363.914897
0.047900	363.887163
0.048000	363.858226
0.048100	363.828094
0.048200	363.796778
0.048300	363.764287
0.048400	363.730631
0.048500	363.695818
0.048600	363.659859
0.048700	363.622762
0.048800	363.584537
0.048900	363.545193
0.049000	363.504738
0.049100	363.463183
0.049200	363.420535
0.049300	363.376804
0.049400	363.332000
0.049500	363.286129
0.049600	363.239202
0.049700	363.191227
0.049800	363.142212
0.049900	363.092167
0.050000	363.041100
0.050100	362.989019
0.050200	362.935932
0.050300	362.881849
0.050400	362.826777
0.050500	362.770725
0.050600	362.713700
0.050700	362.655712
0.050800	362.596768
0.050900	362.536876
0.051000	362.476045
0.051100	362.414282
0.051200	362.351595
0.051300	362.287991
0.051400	362.223480
0.051500	362.158069
0.051600	362.091764
0.051700	362.024575
0.051800	361.956508
0.051900	361.887571
0.052000	361.817772
0.052100	361.747119
0.052200	361.675617
0.052300	361.603276
0.052400	361.530102
0.052500	361.456102
0.052600	361.381284
0.052700	361.305655
0.052800	361.229222
0.052900	361.151993
0.053000	361.073973
0.053100	360.995171
0.053200	360.915593
0.053300	360.835246
0.053400	360.754137
0.053500	360.672273
0.053600	360.589661
0.053700	360.506306
0.053800	360.422217
0.053900	360.337400
0.054000	360.251860
0.054100	360.165606
0.054200	360.078642
0.054300	359.990977
0.054400	359.902616
0.054500	359.813565
0.054600	359.723831
0.054700	359.633421
0.054800	359.542340
0.054900	359.450595
0.055000	359.358192
0.055100	359.265137
0.055200	359.171435
0.055300	359.077095
0.055400	358.982120
0.055500	358.886518
0.055600	358.790293
0.055700	358.693453
0.055800	358.596003
0.055900	358.497948
0.056000	358.399295
0.056100	358.300050
0.056200	358.200217
0.056300	358.099803
0.056400	357.998813
0.056500	357.897253
0.056600	357.795128
0.056700	357.692445
0.056800	357.589208
0.056900	357.485422
0.057000	357.381094
0.057100	357.276229
0.057200	357.170831
0.057300	357.064907
0.057400	356.958462
0.057500	356.851500
0.057600	356.744027
0.057700	356.636048
0.057800	356.527569
0.057900	356.418594
0.058000	356.309128
0.058100	356.199177
0.058200	356.088745
0.058300	355.977838
0.058400	355.866460
0.058500	355.754616
0.058600	355.642311
0.058700	355.529550
0.058800	355.416337
0.058900	355.302678
0.059000	355.188578
0.059100	355.074040
0.059200	354.959069
0.059300	354.843671
0.059400	354.727849
0.059500	354.611608
0.059600	354.494954
0.059700	354.377889
0.059800	354.260420
0.059900	354.142550
0.060000	354.024283
0.060100	353.905624
0.060200	353.786578
0.060300	353.667148
0.060400	353.547340
0.060500	353.427156
0.060600	353.306603
0.060700	353.185682
0.060800	353.064400
0.060900	352.942760
0.061000	352.820766
0.061100	352.698422
0.061200	352.575732
0.061300	352.452700
0.061400	352.329331
0.061500	352.205628
0.061600	352.081596
0.061700	351.957237
0.061800	351.832557
0.061900	351.707559
0.062000	351.582246
0.062100	351.456623
0.062200	351.330693
0.062300	351.204460
0.062400	351.077929
0.062500	350.951101
0.062600	350.823982
0.062700	350.696575
0.062800	350.568884
0.062900	350.440911
0.063000	350.312662
0.063100	350.184138
0.063200	350.055345
0.063300	349.926285
0.063400	349.796961
0.063500	349.667378
0.063600	349.537539
0.063700	349.407446
0.063800	349.277104
0.063900	349.146516
0.064000	349.015685
0.064100	348.884615
0.064200	348.753309
0.064300	348.621769
0.064400	348.490000
0.064500	348.358004
0.064600	348.225785
0.064700	348.093346
0.064800	347.960690
0.064900	347.827820
0.065000	347.694739
0.065100	347.561451
0.065200	347.427958
0.065300	347.294264
0.065400	347.160371
0.065500	347.026282
0.065600	346.892001
0.065700	346.757531
0.065800	346.622874
0.065900	346.488033
0.066000	346.353011
0.066100	346.217811
0.066200	346.082436
0.066300	345.946889
0.066400	345.811173
0.066500	345.675289
0.066600	345.539242
0.066700	345.403034
0.066800	345.266667
0.066900	345.130144
0.067000	344.993468
0.067100	344.856642
0.067200	344.719669
0.067300	344.582550
0.067400	344.445288
0.067500	344.307887
0.067600	344.170349
0.067700	344.032675
0.067800	343.894870
0.067900	343.756935
0.068000	343.618872
0.068100	343.480685
0.068200	343.342376
0.068300	343.203947
0.068400	343.065400
0.068500	342.926739
0.068600	342.787965
0.068700	342.649080
0.068800	342.510088
0.068900	342.370991
0.069000	342.231790
0.069100	342.092488
0.069200	341.953088
0.069300	341.813591
0.069400	341.674001
0.069500	341.534318
0.069600	341.394546
0.069700	341.254687
0.069800	341.114742
0.069900	340.974714
0.070000	340.834606
0.070100	340.694418
0.070200	340.554154
0.070300	340.413816
0.070400	340.273405
0.070500	340.132924
0.070600	339.992375
0.070700	339.851759
0.070800	339.711079
0.070900	339.570337
0.071000	339.429535
0.071100	339.288674
0.071200	339.147757
0.071300	339.006786
0.071400	338.865763
0.071500	338.724689
0.071600	338.583567
0.071700	338.442398
0.071800	338.301185
0.071900	338.159928
0.072000	338.018631
0.072100	337.877294
0.072200	337.735920
0.072300	337.594510
0.072400	337.453067
0.072500	337.311592
0.072600	337.170087
0.072700	337.028553
0.072800	336.886992
0.072900	336.745407
0.073000	336.603798
0.073100	336.462168
0.073200	336.320518
0.073300	336.178850
0.073400	336.037165
0.073500	335.895465
0.073600	335.753753
0.073700	335.612028
0.073800	335.470294
0.073900	335.328551
0.074000	335.186801
0.074100	335.045047
0.074200	334.903288
0.074300	334.761528
0.074400	334.619766
0.074500	334.478006
0.074600	334.336248
0.074700	334.194495
0.074800	334.052746
0.074900	333.911005
0.075000	333.769272
0.075100	333.627549
0.075200	333.485837
0.075300	333.344138
0.075400	333.202453
0.075500	333.060784
0.075600	332.919131
0.075700	332.777497
0.075800	332.635883
0.075900	332.494290
0.076000	332.352719
0.076100	332.211172
0.076200	332.069650
0.076300	331.928155
0.076400	331.786687
0.076500	331.645248
0.076600	331.503840
0.076700	331.362463
0.076800	331.221120
0.076900	331.079810
0.077000	330.938536
0.077100	330.797298
0.077200	330.656098
0.077300	330.514938
0.077400	330.373817
0.077500	330.232738
0.077600	330.091702
0.077700	329.950709
0.077800	329.809762
0.077900	329.668861
0.078000	329.528007
0.078100	329.387201
0.078200	329.246446
0.078300	329.105740
0.078400	328.965087
0.078500	328.824487
0.078600	328.683940
0.078700	328.543449
0.078800	328.403014
0.078900	328.262636
0.079000	328.122317
0.079100	327.982057
0.079200	327.841857
0.079300	327.701718
0.079400	327.561642
0.079500	327.421630
0.079600	327.281682
0.079700	327.141799
0.079800	327.001983
0.079900	326.862234
0.080000	326.722554
0.080100	326.582943
0.080200	326.443402
0.080300	326.303933
0.080400	326.164536
0.080500	326.025211
0.080600	325.885961
0.080700	325.746786
0.080800	325.607687
0.080900	325.468664
0.081000	325.329719
0.081100	325.190853
0.081200	325.052066
0.081300	324.913359
0.081400	324.774733
0.081500	324.636190
0.081600	324.497729
0.081700	324.359351
0.081800	324.221059
0.081900	324.082851
0.082000	323.944730
0.082100	323.806695
0.082200	323.668749
0.082300	323.530890
0.082400	323.393121
0.082500	323.255442
0.082600	323.117854
0.082700	322.980358
0.082800	322.842954
0.082900	322.705643
0.083000	322.568426
0.083100	322.431303
0.083200	322.294276
0.083300	322.157344
0.083400	322.020510
0.083500	321.883773
0.083600	321.747134
0.083700	321.610594
0.083800	321.474154
0.083900	321.337813
0.084000	321.201574
0.084100	321.065436
0.084200	320.929401
0.084300	320.793468
0.084400	320.657639
0.084500	320.521914
0.084600	320.386294
0.084700	320.250779
0.084800	320.115371
0.084900	319.980069
0.085000	319.844874
0.085100	319.709788
0.085200	319.574810
0.085300	319.439941
0.085400	319.305181
0.085500	319.170532
0.085600	319.035994
0.085700	318.901568
0.085800	318.767253
0.085900	318.633051
0.086000	318.498963
0.086100	318.364988
0.086200	318.231127
0.086300	318.097381
0.086400	317.963750
0.086500	317.830235
0.086600	317.696836
0.086700	317.563555
0.086800	317.430390
0.086900	317.297344
0.087000	317.164416
0.087100	317.031607
0.087200	316.898918
0.087300	316.766348
0.087400	316.633898
0.087500	316.501570
0.087600	316.369363
0.087700	316.237277
0.087800	316.105314
0.087900	315.973474
0.088000	315.841756
0.088100	315.710163
0.088200	315.578693
0.088300	315.447348
0.088400	315.316128
0.088500	315.185033
0.088600	315.054064
0.088700	314.923221
0.088800	314.792504
0.088900	314.661915
0.089000	314.531453
0.089100	314.401119
0.089200	314.270913
0.089300	314.140836
0.089400	314.010888
0.089500	313.881069
0.089600	313.751380
0.089700	313.621821
0.089800	313.492393
0.089900	313.363095
0.090000	313.233929
0.090100	313.104894
0.090200	312.975991
0.090300	312.847221
0.090400	312.718583
0.090500	312.590078
0.090600	312.461706
0.090700	312.333468
0.090800	312.205364
0.090900	312.077395
0.091000	311.949560
0.091100	311.821859
0.091200	311.694295
0.091300	311.566865
0.091400	311.439572
0.091500	311.312414
0.091600	311.185394
0.091700	311.058510
0.091800	310.931763
0.091900	310.805153
0.092000	310.678681
0.092100	310.552346
0.092200	310.426150
0.092300	310.300093
0.092400	310.174174
0.092500	310.048394
0.092600	309.922753
0.092700	309.797252
0.092800	309.671891
0.092900	309.546669
0.093000	309.421588
0.093100	309.296647
0.093200	309.171847
0.093300	309.047188
0.093400	308.922670
0.093500	308.798294
0.093600	308.674059
0.093700	308.549966
0.093800	308.426015
0.093900	308.302206
0.094000	308.178540
0.094100	308.055017
0.094200	307.931637
0.094300	307.808400
0.094400	307.685306
0.094500	307.562355
0.094600	307.439549
0.094700	307.316886
0.094800	307.194368
0.094900	307.071994
0.095000	306.949764
0.095100	306.827679
0.095200	306.705739
0.095300	306.583943
0.095400	306.462293
0.095500	306.340789
0.095600	306.219430
0.095700	306.098216
0.095800	305.977149
0.095900	305.856227
0.096000	305.735452
0.096100	305.614823
0.096200	305.494340
0.096300	305.374004
0.096400	305.253815
0.096500	305.133773
0.096600	305.013877
0.096700	304.894129
0.096800	304.774528
0.096900	304.655075
0.097000	304.535769
0.097100	304.416611
0.097200	304.297600
0.097300	304.178738
0.097400	304.060023
0.097500	303.941457
0.097600	303.823039
0.097700	303.704769
0.097800	303.586648
0.097900	303.468676
0.098000	303.350852
0.098100	303.233177
0.098200	303.115650
0.098300	302.998273
0.098400	302.881045
0.098500	302.763966
0.098600	302.647037
0.098700	302.530256
0.098800	302.413625
0.098900	302.297144
0.099000	302.180812
0.099100	302.064630
0.099200	301.948598
0.099300	301.832715
0.099400	301.716982
0.099500	301.601400
0.099600	301.485967
0.099700	301.370684
0.099800	301.255552
0.099900	301.140570
0.100000	301.025738
0.100100	300.911056
0.100200	300.796525
0.100300	300.682144
0.100400	300.567914
0.100500	300.453834
0.100600	300.339905
0.100700	300.226127
0.100800	300.112499
0.100900	299.999022
0.101000	299.885695
0.101100	299.772520
0.101200	299.659495
0.101300	299.546621
0.101400	299.433898
0.101500	299.321326
0.101600	299.208904
0.101700	299.096634
0.101800	298.984515
0.101900	298.872547
0.102000	298.760729
0.102100	298.649063
0.102200	298.537548
0.102300	298.426184
0.102400	298.314971
0.102500	298.203909
0.102600	298.092999
0.102700	297.982239
0.102800	297.871631
0.102900	297.761174
0.103000	297.650867
0.103100	297.540712
0.103200	297.430709
0.103300	297.320856
0.103400	297.211154
0.103500	297.101604
0.103600	296.992205
0.103700	296.882956
0.103800	296.773859
0.103900	296.664913
0.104000	296.556118
0.104100	296.447475
0.104200	296.338982
0.104300	296.230640
0.104400	296.122450
0.104500	296.014410
0.104600	295.906521
0.104700	295.798783
0.104800	295.691197
0.104900	295.583761
0.105000	295.476476
0.105100	295.369342
0.105200	295.262358
0.105300	295.155526
0.105400	295.048844
0.105500	294.942313
0.105600	294.835932
0.105700	294.729703
0.105800	294.623624
0.105900	294.517695
0.106000	294.411917
0.106100	294.306290
0.106200	294.200813
0.106300	294.095486
0.106400	293.990310
0.106500	293.885284
0.106600	293.780408
0.106700	293.675683
0.106800	293.571107
0.106900	293.466682
0.107000	293.362407
0.107100	293.258282
0.107200	293.154307
0.107300	293.050482
0.107400	292.946806
0.107500	292.843281
0.107600	292.739905
0.107700	292.636679
0.107800	292.533602
0.107900	292.430675
0.108000	292.327897
0.108100	292.225269
0.108200	292.122790
0.108300	292.020461
0.108400	291.918281
0.108500	291.816249
0.108600	291.714367
0.108700	291.612634
0.108800	291.511050
0.108900	291.409614
0.109000	291.308328
0.109100	291.207190
0.109200	291.106201
0.109300	291.005360
0.109400	290.904668
0.109500	290.804124
0.109600	290.703728
0.109700	290.603481
0.109800	290.503382
0.109900	290.403430
0.110000	290.303627
0.110100	290.203972
0.110200	290.104465
0.110300	290.005105
0.110400	289.905893
0.110500	289.806828
0.110600	289.707911
0.110700	289.609141
0.110800	289.510519
0.110900	289.412043
0.111000	289.313715
0.111100	289.215534
0.111200	289.117500
0.111300	289.019612
0.111400	288.921871
0.111500	288.824277
0.111600	288.726829
0.111700	288.629528
0.111800	288.532373
0.111900	288.435364
0.112000	288.338501
0.112100	288.241785
0.112200	288.145214
0.112300	288.048789
0.112400	287.952510
0.112500	287.856376
0.112600	287.760388
0.112700	287.664545
0.112800	287.568848
0.112900	287.473295
0.113000	287.377888
0.113100	287.282626
0.113200	287.187508
0.113300	287.092535
0.113400	286.997707
0.113500	286.903023
0.113600	286.808484
0.113700	286.714089
0.113800	286.619838
0.113900	286.525732
0.114000	286.431769
0.114100	286.337950
0.114200	286.244274
0.114300	286.150743
0.114400	286.057354
0.114500	285.964110
0.114600	285.871008
0.114700	285.778049
0.114800	285.685234
0.114900	285.592561
0.115000	285.500031
0.115100	285.407644
0.115200	285.315399
0.115300	285.223297
0.115400	285.131337
0.115500	285.039519
0.115600	284.947843
0.115700	284.856308
0.115800	284.764916
0.115900	284.673665
0.116000	284.582556
0.116100	284.491588
0.116200	284.400762
0.116300	284.310076
0.116400	284.219532
0.116500	284.129128
0.116600	284.038866
0.116700	283.948743
0.116800	283.858762
0.116900	283.768920
0.117000	283.679219
0.117100	283.589658
0.117200	283.500237
0.117300	283.410956
0.117400	283.321814
0.117500	283.232812
0.117600	283.143949
0.117700	283.055226
0.117800	282.966642
0.117900	282.878196
0.118000	282.789890
0.118100	282.701722
0.118200	282.613693
0.118300	282.525803
0.118400	282.438050
0.118500	282.350436
0.118600	282.262960
0.118700	282.175622
0.118800	282.088422
0.118900	282.001359
0.119000	281.914434
0.119100	281.827646
0.119200	281.740996
0.119300	281.654482
0.119400	281.568106
0.119500	281.481866
0.119600	281.395762
0.119700	281.309796
0.119800	281.223965
0.119900	281.138271
0.120000	281.052713
0.120100	280.967291
0.120200	280.882005
0.120300	280.796854
0.120400	280.711839
0.120500	280.626959
0.120600	280.542214
0.120700	280.457605
0.120800	280.373130
0.120900	280.288790
0.121000	280.204585
0.121100	280.120514
0.121200	280.036577
0.121300	279.952775
0.121400	279.869107
0.121500	279.785572
0.121600	279.702171
0.121700	279.618904
0.121800	279.535771
0.121900	279.452770
0.122000	279.369903
0.122100	279.287169
0.122200	279.204567
0.122300	279.122098
0.122400	279.039762
0.122500	278.957558
0.122600	278.875487
0.122700	278.793547
0.122800	278.711739
0.122900	278.630063
0.123000	278.548519
0.123100	278.467107
0.123200	278.385825
0.123300	278.304675
0.123400	278.223656
0.123500	278.142767
0.123600	278.062009
0.123700	277.981382
0.123800	277.900886
0.123900	277.820519
0.124000	277.740283
0.124100	277.660176
0.124200	277.580200
0.124300	277.500353
0.124400	277.420635
0.124500	277.341047
0.124600	277.261588
0.124700	277.182258
0.124800	277.103057
0.124900	277.023984
0.125000	276.945040
0.125100	276.866225
0.125200	276.787537
0.125300	276.708978
0.125400	276.630547
0.125500	276.552243
0.125600	276.474067
0.125700	276.396019
0.125800	276.318098
0.125900	276.240303
0.126000	276.162636
0.126100	276.085096
0.126200	276.007683
0.126300	275.930395
0.126400	275.853235
0.126500	275.776200
0.126600	275.699292
0.126700	275.622509
0.126800	275.545852
0.126900	275.469321
0.127000	275.392915
0.127100	275.316634
0.127200	275.240478
0.127300	275.164448
0.127400	275.088542
0.127500	275.012760
0.127600	274.937103
0.127700	274.861571
0.127800	274.786162
0.127900	274.710878
0.128000	274.635717
0.128100	274.560680
0.128200	274.485766
0.128300	274.410976
0.128400	274.336309
0.128500	274.261765
0.128600	274.187344
0.128700	274.113045
0.128800	274.038869
0.128900	273.964816
0.129000	273.890884
0.129100	273.817075
0.129200	273.743388
0.129300	273.669822
0.129400	273.596378
0.129500	273.523055
0.129600	273.449854
0.129700	273.376773
0.129800	273.303814
0.129900	273.230975
0.130000	273.158257
0.130100	273.085659
0.130200	273.013182
0.130300	272.940825
0.130400	272.868588
0.130500	272.796470
0.130600	272.724472
0.130700	272.652594
0.130800	272.580835
0.130900	272.509195
0.131000	272.437674
0.131100	272.366272
0.131200	272.294989
0.131300	272.223824
0.131400	272.152778
0.131500	272.081850
0.131600	272.011039
0.131700	271.940347
0.131800	271.869772
0.131900	271.799315
0.132000	271.728976
0.132100	271.658753
0.132200	271.588648
0.132300	271.518659
0.132400	271.448788
0.132500	271.379033
0.132600	271.309394
0.132700	271.239872
0.132800	271.170465
0.132900	271.101175
0.133000	271.032000
0.133100	270.962941
0.133200	270.893998
0.133300	270.825169
0.133400	270.756456
0.133500	270.687858
0.133600	270.619375
0.133700	270.551006
0.133800	270.482752
0.133900	270.414612
0.134000	270.346587
0.134100	270.278675
0.134200	270.210877
0.134300	270.143193
0.134400	270.075623
0.134500	270.008165
0.134600	269.940821
0.134700	269.873591
0.134800	269.806472
0.134900	269.739467
0.135000	269.672574
0.135100	269.605794
0.135200	269.539126
0.135300	269.472570
0.135400	269.406126
0.135500	269.339794
0.135600	269.273573
0.135700	269.207464
0.135800	269.141466
0.135900	269.075579
0.136000	269.009803
0.136100	268.944138
0.136200	268.878583
0.136300	268.813139
0.136400	268.747806
0.136500	268.682582
0.136600	268.617469
0.136700	268.552465
0.136800	268.487571
0.136900	268.422787
0.137000	268.358112
0.137100	268.293546
0.137200	268.229089
0.137300	268.164741
0.137400	268.100502
0.137500	268.036372
0.137600	267.972350
0.137700	267.908436
0.137800	267.844630
0.137900	267.780932
0.138000	267.717342
0.138100	267.653860
0.138200	267.590485
0.138300	267.527217
0.138400	267.464056
0.138500	267.401003
0.138600	267.338056
0.138700	267.275216
0.138800	267.212483
0.138900	267.149856
0.139000	267.087335
0.139100	267.024920
0.139200	266.962611
0.139300	266.900407
0.139400	266.838310
0.139500	266.776317
0.139600	266.714430
0.139700	266.652648
0.139800	266.590971
0.139900	266.529399
0.140000	266.467931
0.140100	266.406568
0.140200	266.345310
0.140300	266.284155
0.140400	266.223104
0.140500	266.162157
0.140600	266.101314
0.140700	266.040575
0.140800	265.979938
0.140900	265.919405
0.141000	265.858976
0.141100	265.798649
0.141200	265.738424
0.141300	265.678303
0.141400	265.618283
0.141500	265.558366
0.141600	265.498552
0.141700	265.438839
0.141800	265.379228
0.141900	265.319719
0.142000	265.260311
0.142100	265.201004
0.142200	265.141799
0.142300	265.082695
0.142400	265.023692
0.142500	264.964789
0.142600	264.905987
0.142700	264.847286
0.142800	264.788684
0.142900	264.730183
0.143000	264.671782
0.143100	264.613481
0.143200	264.555279
0.143300	264.497177
0.143400	264.439174
0.143500	264.381271
0.143600	264.323466
0.143700	264.265761
0.143800	264.208154
0.143900	264.150645
0.144000	264.093236
0.144100	264.035924
0.144200	263.978711
0.144300	263.921595
0.144400	263.864578
0.144500	263.807658
0.144600	263.750836
0.144700	263.694111
0.144800	263.637483
0.144900	263.580952
0.145000	263.524519
0.145100	263.468182
0.145200	263.411942
0.145300	263.355798
0.145400	263.299750
0.145500	263.243799
0.145600	263.187944
0.145700	263.132185
0.145800	263.076521
0.145900	263.020953
0.146000	262.965480
0.146100	262.910103
0.146200	262.854821
0.146300	262.799633
0.146400	262.744541
0.146500	262.689543
0.146600	262.634640
0.146700	262.579831
0.146800	262.525117
0.146900	262.470496
0.147000	262.415970
0.147100	262.361537
0.147200	262.307198
0.147300	262.252953
0.147400	262.198800
0.147500	262.144741
0.147600	262.090776
0.147700	262.036903
0.147800	261.983122
0.147900	261.929435
0.148000	261.875839
0.148100	261.822337
0.148200	261.768926
0.148300	261.715607
0.148400	261.662381
0.148500	261.609246
0.148600	261.556202
0.148700	261.503250
0.148800	261.450389
0.148900	261.397620
0.149000	261.344941
0.149100	261.292354
0.149200	261.239857
0.149300	261.187451
0.149400	261.135135
0.149500	261.082909
0.149600	261.030774
0.149700	260.978728
0.149800	260.926773
0.149900	260.874907
0.150000	260.823130
0.150100	260.771444
0.150200	260.719846
0.150300	260.668338
0.150400	260.616918
0.150500	260.565587
0.150600	260.514346
0.150700	260.463192
0.150800	260.412127
0.150900	260.361151
0.151000	260.310262
0.151100	260.259462
0.151200	260.208749
0.151300	260.158124
0.151400	260.107587
0.151500	260.057137
0.151600	260.006775
0.151700	259.956499
0.151800	259.906311
0.151900	259.856209
0.152000	259.806194
0.152100	259.756266
0.152200	259.706424
0.152300	259.656669
0.152400	259.607000
0.152500	259.557416
0.152600	259.507919
0.152700	259.458507
0.152800	259.409181
0.152900	259.359941
0.153000	259.310786
0.153100	259.261716
0.153200	259.212731
0.153300	259.163831
0.153400	259.115016
0.153500	259.066285
0.153600	259.017639
0.153700	258.969077
0.153800	258.920600
0.153900	258.872206
0.154000	258.823897
0.154100	258.775672
0.154200	258.727530
0.154300	258.679471
0.154400	258.631496
0.154500	258.583605
0.154600	258.535796
0.154700	258.488071
0.154800	258.440428
0.154900	258.392868
0.155000	258.345391
0.155100	258.297996
0.155200	258.250683
0.155300	258.203453
0.155400	258.156305
0.155500	258.109238
0.155600	258.062254
0.155700	258.015351
0.155800	257.968529
0.155900	257.921789
0.156000	257.875131
0.156100	257.828553
0.156200	257.782056
0.156300	257.735641
0.156400	257.689305
0.156500	257.643051
0.156600	257.596877
0.156700	257.550783
0.156800	257.504770
0.156900	257.458836
0.157000	257.412982
0.157100	257.367209
0.157200	257.321515
0.157300	257.275900
0.157400	257.230365
0.157500	257.184909
0.157600	257.139532
0.157700	257.094234
0.157800	257.049015
0.157900	257.003875
0.158000	256.958813
0.158100	256.913830
0.158200	256.868926
0.158300	256.824099
0.158400	256.779351
0.158500	256.734680
0.158600	256.690088
0.158700	256.645573
0.158800	256.601135
0.158900	256.556775
0.159000	256.512493
0.159100	256.468287
0.159200	256.424159
0.159300	256.380108
0.159400	256.336133
0.159500	256.292235
0.159600	256.248414
0.159700	256.204669
0.159800	256.161000
0.159900	256.117407
0.160000	256.073891
0.160100	256.030450
0.160200	255.987086
0.160300	255.943797
0.160400	255.900583
0.160500	255.857445
0.160600	255.814382
0.160700	255.771394
0.160800	255.728481
0.160900	255.685644
0.161000	255.642881
0.161100	255.600192
0.161200	255.557578
0.161300	255.515039
0.161400	255.472574
0.161500	255.430183
0.161600	255.387866
0.161700	255.345623
0.161800	255.303453
0.161900	255.261358
0.162000	255.219336
0.162100	255.177387
0.162200	255.135512
0.162300	255.093709
0.162400	255.051980
0.162500	255.010324
0.162600	254.968741
0.162700	254.927230
0.162800	254.885792
0.162900	254.844426
0.163000	254.803132
0.163100	254.761911
0.163200	254.720762
0.163300	254.679685
0.163400	254.638679
0.163500	254.597745
0.163600	254.556883
0.163700	254.516093
0.163800	254.475373
0.163900	254.434725
0.164000	254.394148
0.164100	254.353642
0.164200	254.313207
0.164300	254.272842
0.164400	254.232548
0.164500	254.192325
0.164600	254.152172
0.164700	254.112090
0.164800	254.072077
0.164900	254.032135
0.165000	253.992262
0.165100	253.952459
0.165200	253.912726
0.165300	253.873062
0.165400	253.833468
0.165500	253.793944
0.165600	253.754488
0.165700	253.715101
0.165800	253.675784
0.165900	253.636535
0.166000	253.597355
0.166100	253.558244
0.166200	253.519201
0.166300	253.480227
0.166400	253.441320
0.166500	253.402482
0.166600	253.363712
0.166700	253.325010
0.166800	253.286376
0.166900	253.247810
0.167000	253.209311
0.167100	253.170879
0.167200	253.132515
0.167300	253.094218
0.167400	253.055988
0.167500	253.017825
0.167600	252.979729
0.167700	252.941700
0.167800	252.903738
0.167900	252.865842
0.168000	252.828012
0.168100	252.790249
0.168200	252.752552
0.168300	252.714921
0.168400	252.677357
0.168500	252.639858
0.168600	252.602424
0.168700	252.565057
0.168800	252.527755
0.168900	252.490518
0.169000	252.453347
0.169100	252.416241
0.169200	252.379200
0.169300	252.342224
0.169400	252.305312
0.169500	252.268466
0.169600	252.231684
0.169700	252.194967
0.169800	252.158314
0.169900	252.121726
0.170000	252.085202
0.170100	252.048741
0.170200	252.012345
0.170300	251.976013
0.170400	251.939744
0.170500	251.903539
0.170600	251.867398
0.170700	251.831320
0.170800	251.795306
0.170900	251.759354
0.171000	251.723466
0.171100	251.687641
0.171200	251.651879
0.171300	251.616179
0.171400	251.580542
0.171500	251.544968
0.171600	251.509456
0.171700	251.474007
0.171800	251.438620
0.171900	251.403295
0.172000	251.368032
0.172100	251.332831
0.172200	251.297691
0.172300	251.262614
0.172400	251.227598
0.172500	251.192644
0.172600	251.157751
0.172700	251.122919
0.172800	251.088149
0.172900	251.053439
0.173000	251.018791
0.173100	250.984203
0.173200	250.949677
0.173300	250.915211
0.173400	250.880805
0.173500	250.846460
0.173600	250.812175
0.173700	250.777951
0.173800	250.743787
0.173900	250.709683
0.174000	250.675638
0.174100	250.641654
0.174200	250.607729
0.174300	250.573864
0.174400	250.540059
0.174500	250.506312
0.174600	250.472626
0.174700	250.438998
0.174800	250.405430
0.174900	250.371920
0.175000	250.338470
0.175100	250.305078
0.175200	250.271745
0.175300	250.238471
0.175400	250.205255
0.175500	250.172098
0.175600	250.138999
0.175700	250.105958
0.175800	250.072975
0.175900	250.040050
0.176000	250.007183
0.176100	249.974374
0.176200	249.941623
0.176300	249.908929
0.176400	249.876293
0.176500	249.843714
0.176600	249.811192
0.176700	249.778728
0.176800	249.746321
0.176900	249.713971
0.177000	249.681678
0.177100	249.649441
0.177200	249.617261
0.177300	249.585138
0.177400	249.553072
0.177500	249.521062
0.177600	249.489108
0.177700	249.457210
0.177800	249.425369
0.177900	249.393583
0.178000	249.361854
0.178100	249.330180
0.178200	249.298562
0.178300	249.267000
0.178400	249.235493
0.178500	249.204042
0.178600	249.172646
0.178700	249.141306
0.178800	249.110020
0.178900	249.078790
0.179000	249.047614
0.179100	249.016494
0.179200	248.985428
0.179300	248.954417
0.179400	248.923461
0.179500	248.892559
0.179600	248.861711
0.179700	248.830918
0.179800	248.800179
0.179900	248.769494
0.180000	248.738863
0.180100	248.708286
0.180200	248.677763
0.180300	248.647294
0.180400	248.616878
0.180500	248.586516
0.180600	248.556207
0.180700	248.525952
0.180800	248.495750
0.180900	248.465601
0.181000	248.435505
0.181100	248.405463
0.181200	248.375473
0.181300	248.345536
0.181400	248.315652
0.181500	248.285820
0.181600	248.256041
0.181700	248.226314
0.181800	248.196640
0.181900	248.167018
0.182000	248.137448
0.182100	248.107931
0.182200	248.078465
0.182300	248.049051
0.182400	248.019689
0.182500	247.990379
0.182600	247.961120
0.182700	247.931913
0.182800	247.902758
0.182900	247.873654
0.183000	247.844601
0.183100	247.815599
0.183200	247.786648
0.183300	247.757748
0.183400	247.728900
0.183500	247.700102
0.183600	247.671355
0.183700	247.642658
0.183800	247.614012
0.183900	247.585417
0.184000	247.556872
0.184100	247.528377
0.184200	247.499932
0.184300	247.471538
0.184400	247.443194
0.184500	247.414899
0.184600	247.386655
0.184700	247.358460
0.184800	247.330315
0.184900	247.302219
0.185000	247.274173
0.185100	247.246177
0.185200	247.218230
0.185300	247.190332
0.185400	247.162483
0.185500	247.134683
0.185600	247.106933
0.185700	247.079231
0.185800	247.051578
0.185900	247.023974
0.186000	246.996419
0.186100	246.968912
0.186200	246.941453
0.186300	246.914043
0.186400	246.886681
0.186500	246.859368
0.186600	246.832103
0.186700	246.804885
0.186800	246.777716
0.186900	246.750595
0.187000	246.723521
0.187100	246.696495
0.187200	246.669517
0.187300	246.642587
0.187400	246.615704
0.187500	246.588868
0.187600	246.562079
0.187700	246.535338
0.187800	246.508644
0.187900	246.481997
0.188000	246.455397
0.188100	246.428844
0.188200	246.402338
0.188300	246.375879
0.188400	246.349466
0.188500	246.323100
0.188600	246.296780
0.188700	246.270506
0.188800	246.244279
0.188900	246.218099
0.189000	246.191964
0.189100	246.165876
0.189200	246.139833
0.189300	246.113836
0.189400	246.087886
0.189500	246.061981
0.189600	246.036122
0.189700	246.010308
0.189800	245.984540
0.189900	245.958817
0.190000	245.933140
0.190100	245.907508
0.190200	245.881921
0.190300	245.856379
0.190400	245.830882
0.190500	245.805431
0.190600	245.780024
0.190700	245.754662
0.190800	245.729345
0.190900	245.704072
0.191000	245.678844
0.191100	245.653661
0.191200	245.628521
0.191300	245.603427
0.191400	245.578376
0.191500	245.553370
0.191600	245.528408
0.191700	245.503490
0.191800	245.478615
0.191900	245.453785
0.192000	245.428998
0.192100	245.404256
0.192200	245.379556
0.192300	245.354901
0.192400	245.330289
0.192500	245.305720
0.192600	245.281195
0.192700	245.256713
0.192800	245.232274
0.192900	245.207878
0.193000	245.183525
0.193100	245.159215
0.193200	245.134949
0.193300	245.110725
0.193400	245.086543
0.193500	245.062404
0.193600	245.038308
0.193700	245.014255
0.193800	244.990244
0.193900	244.966275
0.194000	244.942348
0.194100	244.918464
0.194200	244.894622
0.194300	244.870822
0.194400	244.847064
0.194500	244.823347
0.194600	244.799673
0.194700	244.776041
0.194800	244.752450
0.194900	244.728900
0.195000	244.705393
0.195100	244.681926
0.195200	244.658502
0.195300	244.635118
0.195400	244.611776
0.195500	244.588475
0.195600	244.565215
0.195700	244.541996
0.195800	244.518818
0.195900	244.495681
0.196000	244.472585
0.196100	244.449529
0.196200	244.426514
0.196300	244.403540
0.196400	244.380607
0.196500	244.357713
0.196600	244.334861
0.196700	244.312048
0.196800	244.289276
0.196900	244.266544
0.197000	244.243852
0.197100	244.221200
0.197200	244.198588
0.197300	244.176016
0.197400	244.153484
0.197500	244.130991
0.197600	244.108539
0.197700	244.086126
0.197800	244.063752
0.197900	244.041418
0.198000	244.019123
0.198100	243.996868
0.198200	243.974652
0.198300	243.952475
0.198400	243.930337
0.198500	243.908238
0.198600	243.886179
0.198700	243.864158
0.198800	243.842176
0.198900	243.820233
0.199000	243.798329
0.199100	243.776463
0.199200	243.754636
0.199300	243.732847
0.199400	243.711097
0.199500	243.689385
0.199600	243.667711
0.199700	243.646076
0.199800	243.624479
0.199900	243.602920
0.200000	243.581399
0.200100	243.559916
