# Sandbox Data | Context: 101 | Index: 3 | Label: Sim CD-等{/:Italic p}排水三轴试验
# Column_1: X_Axis	Column_2: Y_Axis
0.000100	0.000001
0.000200	0.000005
0.000300	0.000011
0.000400	0.000019
0.000500	0.000029
0.000600	0.000042
0.000700	0.000056
0.000800	0.000072
0.000900	0.000090
0.001000	0.000110
0.001100	0.000131
0.001200	0.000153
0.001300	0.000176
0.001400	0.000201
0.001500	0.000226
0.001600	0.000253
0.001700	0.000280
0.001800	0.000307
0.001900	0.000335
0.002000	0.000364
0.002100	0.000393
0.002200	0.000422
0.002300	0.000452
0.002400	0.000482
0.002500	0.000511
0.002600	0.000541
0.002700	0.000571
0.002800	0.000601
0.002900	0.000631
0.003000	0.000661
0.003100	0.000691
0.003200	0.000721
0.003300	0.000750
0.003400	0.000780
0.003500	0.000809
0.003600	0.000838
0.003700	0.000866
0.003800	0.000895
0.003900	0.000923
0.004000	0.000951
0.004100	0.000978
0.004200	0.001006
0.004300	0.001033
0.004400	0.001059
0.004500	0.001085
0.004600	0.001111
0.004700	0.001137
0.004800	0.001162
0.004900	0.001187
0.005000	0.001211
0.005100	0.001235
0.005200	0.001259
0.005300	0.001282
0.005400	0.001305
0.005500	0.001328
0.005600	0.001350
0.005700	0.001371
0.005800	0.001393
0.005900	0.001414
0.006000	0.001434
0.006100	0.001454
0.006200	0.001474
0.006300	0.001493
0.006400	0.001512
0.006500	0.001531
0.006600	0.001549
0.006700	0.001567
0.006800	0.001584
0.006900	0.001601
0.007000	0.001618
0.007100	0.001634
0.007200	0.001649
0.007300	0.001665
0.007400	0.001680
0.007500	0.001694
0.007600	0.001708
0.007700	0.001722
0.007800	0.001736
0.007900	0.001749
0.008000	0.001761
0.008100	0.001773
0.008200	0.001785
0.008300	0.001797
0.008400	0.001808
0.008500	0.001818
0.008600	0.001829
0.008700	0.001839
0.008800	0.001848
0.008900	0.001857
0.009000	0.001866
0.009100	0.001875
0.009200	0.001883
0.009300	0.001891
0.009400	0.001898
0.009500	0.001905
0.009600	0.001912
0.009700	0.001918
0.009800	0.001924
0.009900	0.001929
0.010000	0.001935
0.010100	0.001940
0.010200	0.001944
0.010300	0.001948
0.010400	0.001952
0.010500	0.001956
0.010600	0.001959
0.010700	0.001962
0.010800	0.001964
0.010900	0.001966
0.011000	0.001968
0.011100	0.001970
0.011200	0.001971
0.011300	0.001972
0.011400	0.001972
0.011500	0.001973
0.011600	0.001973
0.011700	0.001972
0.011800	0.001972
0.011900	0.001971
0.012000	0.001969
0.012100	0.001968
0.012200	0.001966
0.012300	0.001963
0.012400	0.001961
0.012500	0.001958
0.012600	0.001955
0.012700	0.001951
0.012800	0.001948
0.012900	0.001944
0.013000	0.001939
0.013100	0.001935
0.013200	0.001930
0.013300	0.001925
0.013400	0.001919
0.013500	0.001914
0.013600	0.001908
0.013700	0.001901
0.013800	0.001895
0.013900	0.001888
0.014000	0.001881
0.014100	0.001874
0.014200	0.001866
0.014300	0.001858
0.014400	0.001850
0.014500	0.001842
0.014600	0.001833
0.014700	0.001824
0.014800	0.001815
0.014900	0.001805
0.015000	0.001796
0.015100	0.001786
0.015200	0.001776
0.015300	0.001765
0.015400	0.001755
0.015500	0.001744
0.015600	0.001733
0.015700	0.001721
0.015800	0.001710
0.015900	0.001698
0.016000	0.001686
0.016100	0.001674
0.016200	0.001661
0.016300	0.001648
0.016400	0.001635
0.016500	0.001622
0.016600	0.001609
0.016700	0.001595
0.016800	0.001582
0.016900	0.001567
0.017000	0.001553
0.017100	0.001539
0.017200	0.001524
0.017300	0.001509
0.017400	0.001494
0.017500	0.001479
0.017600	0.001463
0.017700	0.001448
0.017800	0.001432
0.017900	0.001416
0.018000	0.001399
0.018100	0.001383
0.018200	0.001366
0.018300	0.001349
0.018400	0.001332
0.018500	0.001315
0.018600	0.001298
0.018700	0.001280
0.018800	0.001262
0.018900	0.001244
0.019000	0.001226
0.019100	0.001208
0.019200	0.001189
0.019300	0.001171
0.019400	0.001152
0.019500	0.001133
0.019600	0.001114
0.019700	0.001094
0.019800	0.001075
0.019900	0.001055
0.020000	0.001035
0.020100	0.001015
0.020200	0.000995
0.020300	0.000975
0.020400	0.000955
0.020500	0.000934
0.020600	0.000913
0.020700	0.000892
0.020800	0.000871
0.020900	0.000850
0.021000	0.000828
0.021100	0.000807
0.021200	0.000785
0.021300	0.000763
0.021400	0.000742
0.021500	0.000719
0.021600	0.000697
0.021700	0.000675
0.021800	0.000652
0.021900	0.000630
0.022000	0.000607
0.022100	0.000584
0.022200	0.000561
0.022300	0.000538
0.022400	0.000515
0.022500	0.000491
0.022600	0.000468
0.022700	0.000444
0.022800	0.000420
0.022900	0.000396
0.023000	0.000372
0.023100	0.000348
0.023200	0.000324
0.023300	0.000299
0.023400	0.000275
0.023500	0.000250
0.023600	0.000226
0.023700	0.000201
0.023800	0.000176
0.023900	0.000151
0.024000	0.000126
0.024100	0.000100
0.024200	0.000075
0.024300	0.000050
0.024400	0.000024
0.024500	-0.000002
0.024600	-0.000027
0.024700	-0.000053
0.024800	-0.000079
0.024900	-0.000105
0.025000	-0.000131
0.025100	-0.000158
0.025200	-0.000184
0.025300	-0.000210
0.025400	-0.000237
0.025500	-0.000264
0.025600	-0.000290
0.025700	-0.000317
0.025800	-0.000344
0.025900	-0.000371
0.026000	-0.000398
0.026100	-0.000425
0.026200	-0.000452
0.026300	-0.000480
0.026400	-0.000507
0.026500	-0.000534
0.026600	-0.000562
0.026700	-0.000589
0.026800	-0.000617
0.026900	-0.000645
0.027000	-0.000673
0.027100	-0.000700
0.027200	-0.000728
0.027300	-0.000756
0.027400	-0.000784
0.027500	-0.000813
0.027600	-0.000841
0.027700	-0.000869
0.027800	-0.000897
0.027900	-0.000926
0.028000	-0.000954
0.028100	-0.000983
0.028200	-0.001011
0.028300	-0.001040
0.028400	-0.001069
0.028500	-0.001098
0.028600	-0.001126
0.028700	-0.001155
0.028800	-0.001184
0.028900	-0.001213
0.029000	-0.001242
0.029100	-0.001271
0.029200	-0.001301
0.029300	-0.001330
0.029400	-0.001359
0.029500	-0.001388
0.029600	-0.001418
0.029700	-0.001447
0.029800	-0.001476
0.029900	-0.001506
0.030000	-0.001535
0.030100	-0.001565
0.030200	-0.001595
0.030300	-0.001624
0.030400	-0.001654
0.030500	-0.001684
0.030600	-0.001714
0.030700	-0.001743
0.030800	-0.001773
0.030900	-0.001803
0.031000	-0.001833
0.031100	-0.001863
0.031200	-0.001893
0.031300	-0.001923
0.031400	-0.001953
0.031500	-0.001983
0.031600	-0.002013
0.031700	-0.002043
0.031800	-0.002074
0.031900	-0.002104
0.032000	-0.002134
0.032100	-0.002164
0.032200	-0.002195
0.032300	-0.002225
0.032400	-0.002255
0.032500	-0.002286
0.032600	-0.002316
0.032700	-0.002347
0.032800	-0.002377
0.032900	-0.002408
0.033000	-0.002438
0.033100	-0.002469
0.033200	-0.002499
0.033300	-0.002530
0.033400	-0.002560
0.033500	-0.002591
0.033600	-0.002622
0.033700	-0.002652
0.033800	-0.002683
0.033900	-0.002714
0.034000	-0.002744
0.034100	-0.002775
0.034200	-0.002806
0.034300	-0.002836
0.034400	-0.002867
0.034500	-0.002898
0.034600	-0.002929
0.034700	-0.002959
0.034800	-0.002990
0.034900	-0.003021
0.035000	-0.003052
0.035100	-0.003083
0.035200	-0.003113
0.035300	-0.003144
0.035400	-0.003175
0.035500	-0.003206
0.035600	-0.003237
0.035700	-0.003268
0.035800	-0.003299
0.035900	-0.003330
0.036000	-0.003360
0.036100	-0.003391
0.036200	-0.003422
0.036300	-0.003453
0.036400	-0.003484
0.036500	-0.003515
0.036600	-0.003546
0.036700	-0.003577
0.036800	-0.003608
0.036900	-0.003639
0.037000	-0.003669
0.037100	-0.003700
0.037200	-0.003731
0.037300	-0.003762
0.037400	-0.003793
0.037500	-0.003824
0.037600	-0.003855
0.037700	-0.003886
0.037800	-0.003917
0.037900	-0.003947
0.038000	-0.003978
0.038100	-0.004009
0.038200	-0.004040
0.038300	-0.004071
0.038400	-0.004102
0.038500	-0.004133
0.038600	-0.004164
0.038700	-0.004194
0.038800	-0.004225
0.038900	-0.004256
0.039000	-0.004287
0.039100	-0.004318
0.039200	-0.004348
0.039300	-0.004379
0.039400	-0.004410
0.039500	-0.004441
0.039600	-0.004471
0.039700	-0.004502
0.039800	-0.004533
0.039900	-0.004564
0.040000	-0.004594
0.040100	-0.004625
0.040200	-0.004656
0.040300	-0.004686
0.040400	-0.004717
0.040500	-0.004748
0.040600	-0.004778
0.040700	-0.004809
0.040800	-0.004840
0.040900	-0.004870
0.041000	-0.004901
0.041100	-0.004931
0.041200	-0.004962
0.041300	-0.004992
0.041400	-0.005023
0.041500	-0.005053
0.041600	-0.005084
0.041700	-0.005114
0.041800	-0.005145
0.041900	-0.005175
0.042000	-0.005205
0.042100	-0.005236
0.042200	-0.005266
0.042300	-0.005296
0.042400	-0.005327
0.042500	-0.005357
0.042600	-0.005387
0.042700	-0.005418
0.042800	-0.005448
0.042900	-0.005478
0.043000	-0.005508
0.043100	-0.005538
0.043200	-0.005569
0.043300	-0.005599
0.043400	-0.005629
0.043500	-0.005659
0.043600	-0.005689
0.043700	-0.005719
0.043800	-0.005749
0.043900	-0.005779
0.044000	-0.005809
0.044100	-0.005839
0.044200	-0.005869
0.044300	-0.005899
0.044400	-0.005929
0.044500	-0.005958
0.044600	-0.005988
0.044700	-0.006018
0.044800	-0.006048
0.044900	-0.006077
0.045000	-0.006107
0.045100	-0.006137
0.045200	-0.006167
0.045300	-0.006196
0.045400	-0.006226
0.045500	-0.006255
0.045600	-0.006285
0.045700	-0.006314
0.045800	-0.006344
0.045900	-0.006373
0.046000	-0.006403
0.046100	-0.006432
0.046200	-0.006462
0.046300	-0.006491
0.046400	-0.006520
0.046500	-0.006550
0.046600	-0.006579
0.046700	-0.006608
0.046800	-0.006637
0.046900	-0.006667
0.047000	-0.006696
0.047100	-0.006725
0.047200	-0.006754
0.047300	-0.006783
0.047400	-0.006812
0.047500	-0.006841
0.047600	-0.006870
0.047700	-0.006899
0.047800	-0.006928
0.047900	-0.006957
0.048000	-0.006986
0.048100	-0.007015
0.048200	-0.007043
0.048300	-0.007072
0.048400	-0.007101
0.048500	-0.007130
0.048600	-0.007158
0.048700	-0.007187
0.048800	-0.007215
0.048900	-0.007244
0.049000	-0.007273
0.049100	-0.007301
0.049200	-0.007330
0.049300	-0.007358
0.049400	-0.007386
0.049500	-0.007415
0.049600	-0.007443
0.049700	-0.007471
0.049800	-0.007500
0.049900	-0.007528
0.050000	-0.007556
0.050100	-0.007584
0.050200	-0.007612
0.050300	-0.007641
0.050400	-0.007669
0.050500	-0.007697
0.050600	-0.007725
0.050700	-0.007753
0.050800	-0.007781
0.050900	-0.007809
0.051000	-0.007836
0.051100	-0.007864
0.051200	-0.007892
0.051300	-0.007920
0.051400	-0.007948
0.051500	-0.007975
0.051600	-0.008003
0.051700	-0.008031
0.051800	-0.008058
0.051900	-0.008086
0.052000	-0.008113
0.052100	-0.008141
0.052200	-0.008168
0.052300	-0.008196
0.052400	-0.008223
0.052500	-0.008250
0.052600	-0.008278
0.052700	-0.008305
0.052800	-0.008332
0.052900	-0.008359
0.053000	-0.008386
0.053100	-0.008414
0.053200	-0.008441
0.053300	-0.008468
0.053400	-0.008495
0.053500	-0.008522
0.053600	-0.008549
0.053700	-0.008576
0.053800	-0.008602
0.053900	-0.008629
0.054000	-0.008656
0.054100	-0.008683
0.054200	-0.008710
0.054300	-0.008736
0.054400	-0.008763
0.054500	-0.008790
0.054600	-0.008816
0.054700	-0.008843
0.054800	-0.008869
0.054900	-0.008896
0.055000	-0.008922
0.055100	-0.008949
0.055200	-0.008975
0.055300	-0.009001
0.055400	-0.009028
0.055500	-0.009054
0.055600	-0.009080
0.055700	-0.009106
0.055800	-0.009132
0.055900	-0.009158
0.056000	-0.009184
0.056100	-0.009210
0.056200	-0.009236
0.056300	-0.009262
0.056400	-0.009288
0.056500	-0.009314
0.056600	-0.009340
0.056700	-0.009366
0.056800	-0.009392
0.056900	-0.009417
0.057000	-0.009443
0.057100	-0.009469
0.057200	-0.009494
0.057300	-0.009520
0.057400	-0.009545
0.057500	-0.009571
0.057600	-0.009596
0.057700	-0.009622
0.057800	-0.009647
0.057900	-0.009672
0.058000	-0.009698
0.058100	-0.009723
0.058200	-0.009748
0.058300	-0.009773
0.058400	-0.009799
0.058500	-0.009824
0.058600	-0.009849
0.058700	-0.009874
0.058800	-0.009899
0.058900	-0.009924
0.059000	-0.009949
0.059100	-0.009974
0.059200	-0.009998
0.059300	-0.010023
0.059400	-0.010048
0.059500	-0.010073
0.059600	-0.010097
0.059700	-0.010122
0.059800	-0.010147
0.059900	-0.010171
0.060000	-0.010196
0.060100	-0.010220
0.060200	-0.010245
0.060300	-0.010269
0.060400	-0.010294
0.060500	-0.010318
0.060600	-0.010342
0.060700	-0.010367
0.060800	-0.010391
0.060900	-0.010415
0.061000	-0.010439
0.061100	-0.010463
0.061200	-0.010487
0.061300	-0.010511
0.061400	-0.010535
0.061500	-0.010559
0.061600	-0.010583
0.061700	-0.010607
0.061800	-0.010631
0.061900	-0.010655
0.062000	-0.010679
0.062100	-0.010702
0.062200	-0.010726
0.062300	-0.010750
0.062400	-0.010773
0.062500	-0.010797
0.062600	-0.010821
0.062700	-0.010844
0.062800	-0.010868
0.062900	-0.010891
0.063000	-0.010914
0.063100	-0.010938
0.063200	-0.010961
0.063300	-0.010984
0.063400	-0.011008
0.063500	-0.011031
0.063600	-0.011054
0.063700	-0.011077
0.063800	-0.011100
0.063900	-0.011123
0.064000	-0.011146
0.064100	-0.011169
0.064200	-0.011192
0.064300	-0.011215
0.064400	-0.011238
0.064500	-0.011261
0.064600	-0.011284
0.064700	-0.011306
0.064800	-0.011329
0.064900	-0.011352
0.065000	-0.011374
0.065100	-0.011397
0.065200	-0.011420
0.065300	-0.011442
0.065400	-0.011465
0.065500	-0.011487
0.065600	-0.011509
0.065700	-0.011532
0.065800	-0.011554
0.065900	-0.011577
0.066000	-0.011599
0.066100	-0.011621
0.066200	-0.011643
0.066300	-0.011665
0.066400	-0.011687
0.066500	-0.011710
0.066600	-0.011732
0.066700	-0.011754
0.066800	-0.011776
0.066900	-0.011797
0.067000	-0.011819
0.067100	-0.011841
0.067200	-0.011863
0.067300	-0.011885
0.067400	-0.011907
0.067500	-0.011928
0.067600	-0.011950
0.067700	-0.011972
0.067800	-0.011993
0.067900	-0.012015
0.068000	-0.012036
0.068100	-0.012058
0.068200	-0.012079
0.068300	-0.012101
0.068400	-0.012122
0.068500	-0.012143
0.068600	-0.012165
0.068700	-0.012186
0.068800	-0.012207
0.068900	-0.012228
0.069000	-0.012249
0.069100	-0.012271
0.069200	-0.012292
0.069300	-0.012313
0.069400	-0.012334
0.069500	-0.012355
0.069600	-0.012376
0.069700	-0.012396
0.069800	-0.012417
0.069900	-0.012438
0.070000	-0.012459
0.070100	-0.012480
0.070200	-0.012500
0.070300	-0.012521
0.070400	-0.012542
0.070500	-0.012562
0.070600	-0.012583
0.070700	-0.012603
0.070800	-0.012624
0.070900	-0.012644
0.071000	-0.012665
0.071100	-0.012685
0.071200	-0.012706
0.071300	-0.012726
0.071400	-0.012746
0.071500	-0.012766
0.071600	-0.012787
0.071700	-0.012807
0.071800	-0.012827
0.071900	-0.012847
0.072000	-0.012867
0.072100	-0.012887
0.072200	-0.012907
0.072300	-0.012927
0.072400	-0.012947
0.072500	-0.012967
0.072600	-0.012987
0.072700	-0.013007
0.072800	-0.013026
0.072900	-0.013046
0.073000	-0.013066
0.073100	-0.013086
0.073200	-0.013105
0.073300	-0.013125
0.073400	-0.013144
0.073500	-0.013164
0.073600	-0.013183
0.073700	-0.013203
0.073800	-0.013222
0.073900	-0.013242
0.074000	-0.013261
0.074100	-0.013280
0.074200	-0.013300
0.074300	-0.013319
0.074400	-0.013338
0.074500	-0.013357
0.074600	-0.013376
0.074700	-0.013396
0.074800	-0.013415
0.074900	-0.013434
0.075000	-0.013453
0.075100	-0.013472
0.075200	-0.013491
0.075300	-0.013510
0.075400	-0.013529
0.075500	-0.013547
0.075600	-0.013566
0.075700	-0.013585
0.075800	-0.013604
0.075900	-0.013622
0.076000	-0.013641
0.076100	-0.013660
0.076200	-0.013678
0.076300	-0.013697
0.076400	-0.013715
0.076500	-0.013734
0.076600	-0.013752
0.076700	-0.013771
0.076800	-0.013789
0.076900	-0.013808
0.077000	-0.013826
0.077100	-0.013844
0.077200	-0.013863
0.077300	-0.013881
0.077400	-0.013899
0.077500	-0.013917
0.077600	-0.013935
0.077700	-0.013953
0.077800	-0.013971
0.077900	-0.013990
0.078000	-0.014008
0.078100	-0.014026
0.078200	-0.014043
0.078300	-0.014061
0.078400	-0.014079
0.078500	-0.014097
0.078600	-0.014115
0.078700	-0.014133
0.078800	-0.014150
0.078900	-0.014168
0.079000	-0.014186
0.079100	-0.014203
0.079200	-0.014221
0.079300	-0.014239
0.079400	-0.014256
0.079500	-0.014274
0.079600	-0.014291
0.079700	-0.014309
0.079800	-0.014326
0.079900	-0.014343
0.080000	-0.014361
0.080100	-0.014378
0.080200	-0.014395
0.080300	-0.014413
0.080400	-0.014430
0.080500	-0.014447
0.080600	-0.014464
0.080700	-0.014481
0.080800	-0.014498
0.080900	-0.014516
0.081000	-0.014533
0.081100	-0.014550
0.081200	-0.014567
0.081300	-0.014583
0.081400	-0.014600
0.081500	-0.014617
0.081600	-0.014634
0.081700	-0.014651
0.081800	-0.014668
0.081900	-0.014684
0.082000	-0.014701
0.082100	-0.014718
0.082200	-0.014734
0.082300	-0.014751
0.082400	-0.014768
0.082500	-0.014784
0.082600	-0.014801
0.082700	-0.014817
0.082800	-0.014834
0.082900	-0.014850
0.083000	-0.014867
0.083100	-0.014883
0.083200	-0.014899
0.083300	-0.014916
0.083400	-0.014932
0.083500	-0.014948
0.083600	-0.014964
0.083700	-0.014981
0.083800	-0.014997
0.083900	-0.015013
0.084000	-0.015029
0.084100	-0.015045
0.084200	-0.015061
0.084300	-0.015077
0.084400	-0.015093
0.084500	-0.015109
0.084600	-0.015125
0.084700	-0.015141
0.084800	-0.015157
0.084900	-0.015173
0.085000	-0.015188
0.085100	-0.015204
0.085200	-0.015220
0.085300	-0.015236
0.085400	-0.015251
0.085500	-0.015267
0.085600	-0.015283
0.085700	-0.015298
0.085800	-0.015314
0.085900	-0.015329
0.086000	-0.015345
0.086100	-0.015360
0.086200	-0.015376
0.086300	-0.015391
0.086400	-0.015407
0.086500	-0.015422
0.086600	-0.015437
0.086700	-0.015453
0.086800	-0.015468
0.086900	-0.015483
0.087000	-0.015498
0.087100	-0.015513
0.087200	-0.015529
0.087300	-0.015544
0.087400	-0.015559
0.087500	-0.015574
0.087600	-0.015589
0.087700	-0.015604
0.087800	-0.015619
0.087900	-0.015634
0.088000	-0.015649
0.088100	-0.015664
0.088200	-0.015679
0.088300	-0.015693
0.088400	-0.015708
0.088500	-0.015723
0.088600	-0.015738
0.088700	-0.015753
0.088800	-0.015767
0.088900	-0.015782
0.089000	-0.015797
0.089100	-0.015811
0.089200	-0.015826
0.089300	-0.015840
0.089400	-0.015855
0.089500	-0.015869
0.089600	-0.015884
0.089700	-0.015898
0.089800	-0.015913
0.089900	-0.015927
0.090000	-0.015941
0.090100	-0.015956
0.090200	-0.015970
0.090300	-0.015984
0.090400	-0.015999
0.090500	-0.016013
0.090600	-0.016027
0.090700	-0.016041
0.090800	-0.016055
0.090900	-0.016069
0.091000	-0.016084
0.091100	-0.016098
0.091200	-0.016112
0.091300	-0.016126
0.091400	-0.016140
0.091500	-0.016154
0.091600	-0.016168
0.091700	-0.016181
0.091800	-0.016195
0.091900	-0.016209
0.092000	-0.016223
0.092100	-0.016237
0.092200	-0.016251
0.092300	-0.016264
0.092400	-0.016278
0.092500	-0.016292
0.092600	-0.016305
0.092700	-0.016319
0.092800	-0.016333
0.092900	-0.016346
0.093000	-0.016360
0.093100	-0.016373
0.093200	-0.016387
0.093300	-0.016400
0.093400	-0.016414
0.093500	-0.016427
0.093600	-0.016441
0.093700	-0.016454
0.093800	-0.016467
0.093900	-0.016481
0.094000	-0.016494
0.094100	-0.016507
0.094200	-0.016521
0.094300	-0.016534
0.094400	-0.016547
0.094500	-0.016560
0.094600	-0.016573
0.094700	-0.016586
0.094800	-0.016599
0.094900	-0.016613
0.095000	-0.016626
0.095100	-0.016639
0.095200	-0.016652
0.095300	-0.016665
0.095400	-0.016678
0.095500	-0.016690
0.095600	-0.016703
0.095700	-0.016716
0.095800	-0.016729
0.095900	-0.016742
0.096000	-0.016755
0.096100	-0.016767
0.096200	-0.016780
0.096300	-0.016793
0.096400	-0.016806
0.096500	-0.016818
0.096600	-0.016831
0.096700	-0.016844
0.096800	-0.016856
0.096900	-0.016869
0.097000	-0.016881
0.097100	-0.016894
0.097200	-0.016906
0.097300	-0.016919
0.097400	-0.016931
0.097500	-0.016944
0.097600	-0.016956
0.097700	-0.016968
0.097800	-0.016981
0.097900	-0.016993
0.098000	-0.017005
0.098100	-0.017018
0.098200	-0.017030
0.098300	-0.017042
0.098400	-0.017054
0.098500	-0.017067
0.098600	-0.017079
0.098700	-0.017091
0.098800	-0.017103
0.098900	-0.017115
0.099000	-0.017127
0.099100	-0.017139
0.099200	-0.017151
0.099300	-0.017163
0.099400	-0.017175
0.099500	-0.017187
0.099600	-0.017199
0.099700	-0.017211
0.099800	-0.017223
0.099900	-0.017235
0.100000	-0.017247
0.100100	-0.017258
0.100200	-0.017270
0.100300	-0.017282
0.100400	-0.017294
0.100500	-0.017305
0.100600	-0.017317
0.100700	-0.017329
0.100800	-0.017340
0.100900	-0.017352
0.101000	-0.017364
0.101100	-0.017375
0.101200	-0.017387
0.101300	-0.017398
0.101400	-0.017410
0.101500	-0.017421
0.101600	-0.017433
0.101700	-0.017444
0.101800	-0.017456
0.101900	-0.017467
0.102000	-0.017478
0.102100	-0.017490
0.102200	-0.017501
0.102300	-0.017512
0.102400	-0.017524
0.102500	-0.017535
0.102600	-0.017546
0.102700	-0.017557
0.102800	-0.017569
0.102900	-0.017580
0.103000	-0.017591
0.103100	-0.017602
0.103200	-0.017613
0.103300	-0.017624
0.103400	-0.017635
0.103500	-0.017646
0.103600	-0.017657
0.103700	-0.017668
0.103800	-0.017679
0.103900	-0.017690
0.104000	-0.017701
0.104100	-0.017712
0.104200	-0.017723
0.104300	-0.017734
0.104400	-0.017745
0.104500	-0.017756
0.104600	-0.017766
0.104700	-0.017777
0.104800	-0.017788
0.104900	-0.017799
0.105000	-0.017810
0.105100	-0.017820
0.105200	-0.017831
0.105300	-0.017842
0.105400	-0.017852
0.105500	-0.017863
0.105600	-0.017873
0.105700	-0.017884
0.105800	-0.017895
0.105900	-0.017905
0.106000	-0.017916
0.106100	-0.017926
0.106200	-0.017937
0.106300	-0.017947
0.106400	-0.017957
0.106500	-0.017968
0.106600	-0.017978
0.106700	-0.017989
0.106800	-0.017999
0.106900	-0.018009
0.107000	-0.018020
0.107100	-0.018030
0.107200	-0.018040
0.107300	-0.018050
0.107400	-0.018061
0.107500	-0.018071
0.107600	-0.018081
0.107700	-0.018091
0.107800	-0.018101
0.107900	-0.018112
0.108000	-0.018122
0.108100	-0.018132
0.108200	-0.018142
0.108300	-0.018152
0.108400	-0.018162
0.108500	-0.018172
0.108600	-0.018182
0.108700	-0.018192
0.108800	-0.018202
0.108900	-0.018212
0.109000	-0.018222
0.109100	-0.018231
0.109200	-0.018241
0.109300	-0.018251
0.109400	-0.018261
0.109500	-0.018271
0.109600	-0.018281
0.109700	-0.018290
0.109800	-0.018300
0.109900	-0.018310
0.110000	-0.018320
0.110100	-0.018329
0.110200	-0.018339
0.110300	-0.018349
0.110400	-0.018358
0.110500	-0.018368
0.110600	-0.018377
0.110700	-0.018387
0.110800	-0.018397
0.110900	-0.018406
0.111000	-0.018416
0.111100	-0.018425
0.111200	-0.018435
0.111300	-0.018444
0.111400	-0.018454
0.111500	-0.018463
0.111600	-0.018472
0.111700	-0.018482
0.111800	-0.018491
0.111900	-0.018501
0.112000	-0.018510
0.112100	-0.018519
0.112200	-0.018529
0.112300	-0.018538
0.112400	-0.018547
0.112500	-0.018556
0.112600	-0.018566
0.112700	-0.018575
0.112800	-0.018584
0.112900	-0.018593
0.113000	-0.018602
0.113100	-0.018611
0.113200	-0.018620
0.113300	-0.018630
0.113400	-0.018639
0.113500	-0.018648
0.113600	-0.018657
0.113700	-0.018666
0.113800	-0.018675
0.113900	-0.018684
0.114000	-0.018693
0.114100	-0.018702
0.114200	-0.018711
0.114300	-0.018720
0.114400	-0.018728
0.114500	-0.018737
0.114600	-0.018746
0.114700	-0.018755
0.114800	-0.018764
0.114900	-0.018773
0.115000	-0.018781
0.115100	-0.018790
0.115200	-0.018799
0.115300	-0.018808
0.115400	-0.018816
0.115500	-0.018825
0.115600	-0.018834
0.115700	-0.018843
0.115800	-0.018851
0.115900	-0.018860
0.116000	-0.018868
0.116100	-0.018877
0.116200	-0.018886
0.116300	-0.018894
0.116400	-0.018903
0.116500	-0.018911
0.116600	-0.018920
0.116700	-0.018928
0.116800	-0.018937
0.116900	-0.018945
0.117000	-0.018954
0.117100	-0.018962
0.117200	-0.018971
0.117300	-0.018979
0.117400	-0.018987
0.117500	-0.018996
0.117600	-0.019004
0.117700	-0.019012
0.117800	-0.019021
0.117900	-0.019029
0.118000	-0.019037
0.118100	-0.019046
0.118200	-0.019054
0.118300	-0.019062
0.118400	-0.019070
0.118500	-0.019078
0.118600	-0.019087
0.118700	-0.019095
0.118800	-0.019103
0.118900	-0.019111
0.119000	-0.019119
0.119100	-0.019127
0.119200	-0.019135
0.119300	-0.019143
0.119400	-0.019152
0.119500	-0.019160
0.119600	-0.019168
0.119700	-0.019176
0.119800	-0.019184
0.119900	-0.019192
0.120000	-0.019200
0.120100	-0.019207
0.120200	-0.019215
0.120300	-0.019223
0.120400	-0.019231
0.120500	-0.019239
0.120600	-0.019247
0.120700	-0.019255
0.120800	-0.019263
0.120900	-0.019270
0.121000	-0.019278
0.121100	-0.019286
0.121200	-0.019294
0.121300	-0.019302
0.121400	-0.019309
0.121500	-0.019317
0.121600	-0.019325
0.121700	-0.019332
0.121800	-0.019340
0.121900	-0.019348
0.122000	-0.019355
0.122100	-0.019363
0.122200	-0.019371
0.122300	-0.019378
0.122400	-0.019386
0.122500	-0.019393
0.122600	-0.019401
0.122700	-0.019408
0.122800	-0.019416
0.122900	-0.019423
0.123000	-0.019431
0.123100	-0.019438
0.123200	-0.019446
0.123300	-0.019453
0.123400	-0.019461
0.123500	-0.019468
0.123600	-0.019476
0.123700	-0.019483
0.123800	-0.019490
0.123900	-0.019498
0.124000	-0.019505
0.124100	-0.019512
0.124200	-0.019520
0.124300	-0.019527
0.124400	-0.019534
0.124500	-0.019542
0.124600	-0.019549
0.124700	-0.019556
0.124800	-0.019563
0.124900	-0.019570
0.125000	-0.019578
0.125100	-0.019585
0.125200	-0.019592
0.125300	-0.019599
0.125400	-0.019606
0.125500	-0.019613
0.125600	-0.019621
0.125700	-0.019628
0.125800	-0.019635
0.125900	-0.019642
0.126000	-0.019649
0.126100	-0.019656
0.126200	-0.019663
0.126300	-0.019670
0.126400	-0.019677
0.126500	-0.019684
0.126600	-0.019691
0.126700	-0.019698
0.126800	-0.019705
0.126900	-0.019712
0.127000	-0.019719
0.127100	-0.019725
0.127200	-0.019732
0.127300	-0.019739
0.127400	-0.019746
0.127500	-0.019753
0.127600	-0.019760
0.127700	-0.019767
0.127800	-0.019773
0.127900	-0.019780
0.128000	-0.019787
0.128100	-0.019794
0.128200	-0.019800
0.128300	-0.019807
0.128400	-0.019814
0.128500	-0.019821
0.128600	-0.019827
0.128700	-0.019834
0.128800	-0.019841
0.128900	-0.019847
0.129000	-0.019854
0.129100	-0.019861
0.129200	-0.019867
0.129300	-0.019874
0.129400	-0.019880
0.129500	-0.019887
0.129600	-0.019894
0.129700	-0.019900
0.129800	-0.019907
0.129900	-0.019913
0.130000	-0.019920
0.130100	-0.019926
0.130200	-0.019933
0.130300	-0.019939
0.130400	-0.019946
0.130500	-0.019952
0.130600	-0.019958
0.130700	-0.019965
0.130800	-0.019971
0.130900	-0.019978
0.131000	-0.019984
0.131100	-0.019990
0.131200	-0.019997
0.131300	-0.020003
0.131400	-0.020009
0.131500	-0.020016
0.131600	-0.020022
0.131700	-0.020028
0.131800	-0.020035
0.131900	-0.020041
0.132000	-0.020047
0.132100	-0.020053
0.132200	-0.020059
0.132300	-0.020066
0.132400	-0.020072
0.132500	-0.020078
0.132600	-0.020084
0.132700	-0.020090
0.132800	-0.020097
0.132900	-0.020103
0.133000	-0.020109
0.133100	-0.020115
0.133200	-0.020121
0.133300	-0.020127
0.133400	-0.020133
0.133500	-0.020139
0.133600	-0.020145
0.133700	-0.020151
0.133800	-0.020157
0.133900	-0.020163
0.134000	-0.020169
0.134100	-0.020175
0.134200	-0.020181
0.134300	-0.020187
0.134400	-0.020193
0.134500	-0.020199
0.134600	-0.020205
0.134700	-0.020211
0.134800	-0.020217
0.134900	-0.020223
0.135000	-0.020229
0.135100	-0.020235
0.135200	-0.020240
0.135300	-0.020246
0.135400	-0.020252
0.135500	-0.020258
0.135600	-0.020264
0.135700	-0.020270
0.135800	-0.020275
0.135900	-0.020281
0.136000	-0.020287
0.136100	-0.020293
0.136200	-0.020298
0.136300	-0.020304
0.136400	-0.020310
0.136500	-0.020316
0.136600	-0.020321
0.136700	-0.020327
0.136800	-0.020333
0.136900	-0.020338
0.137000	-0.020344
0.137100	-0.020350
0.137200	-0.020355
0.137300	-0.020361
0.137400	-0.020366
0.137500	-0.020372
0.137600	-0.020378
0.137700	-0.020383
0.137800	-0.020389
0.137900	-0.020394
0.138000	-0.020400
0.138100	-0.020405
0.138200	-0.020411
0.138300	-0.020416
0.138400	-0.020422
0.138500	-0.020427
0.138600	-0.020433
0.138700	-0.020438
0.138800	-0.020444
0.138900	-0.020449
0.139000	-0.020454
0.139100	-0.020460
0.139200	-0.020465
0.139300	-0.020471
0.139400	-0.020476
0.139500	-0.020481
0.139600	-0.020487
0.139700	-0.020492
0.139800	-0.020497
0.139900	-0.020503
0.140000	-0.020508
0.140100	-0.020513
0.140200	-0.020519
0.140300	-0.020524
0.140400	-0.020529
0.140500	-0.020535
0.140600	-0.020540
0.140700	-0.020545
0.140800	-0.020550
0.140900	-0.020555
0.141000	-0.020561
0.141100	-0.020566
0.141200	-0.020571
0.141300	-0.020576
0.141400	-0.020581
0.141500	-0.020587
0.141600	-0.020592
0.141700	-0.020597
0.141800	-0.020602
0.141900	-0.020607
0.142000	-0.020612
0.142100	-0.020617
0.142200	-0.020622
0.142300	-0.020627
0.142400	-0.020633
0.142500	-0.020638
0.142600	-0.020643
0.142700	-0.020648
0.142800	-0.020653
0.142900	-0.020658
0.143000	-0.020663
0.143100	-0.020668
0.143200	-0.020673
0.143300	-0.020678
0.143400	-0.020683
0.143500	-0.020688
0.143600	-0.020692
0.143700	-0.020697
0.143800	-0.020702
0.143900	-0.020707
0.144000	-0.020712
0.144100	-0.020717
0.144200	-0.020722
0.144300	-0.020727
0.144400	-0.020732
0.144500	-0.020736
0.144600	-0.020741
0.144700	-0.020746
0.144800	-0.020751
0.144900	-0.020756
0.145000	-0.020761
0.145100	-0.020765
0.145200	-0.020770
0.145300	-0.020775
0.145400	-0.020780
0.145500	-0.020784
0.145600	-0.020789
0.145700	-0.020794
0.145800	-0.020799
0.145900	-0.020803
0.146000	-0.020808
0.146100	-0.020813
0.146200	-0.020817
0.146300	-0.020822
0.146400	-0.020827
0.146500	-0.020831
0.146600	-0.020836
0.146700	-0.020841
0.146800	-0.020845
0.146900	-0.020850
0.147000	-0.020855
0.147100	-0.020859
0.147200	-0.020864
0.147300	-0.020868
0.147400	-0.020873
0.147500	-0.020878
0.147600	-0.020882
0.147700	-0.020887
0.147800	-0.020891
0.147900	-0.020896
0.148000	-0.020900
0.148100	-0.020905
0.148200	-0.020909
0.148300	-0.020914
0.148400	-0.020918
0.148500	-0.020923
0.148600	-0.020927
0.148700	-0.020932
0.148800	-0.020936
0.148900	-0.020940
0.149000	-0.020945
0.149100	-0.020949
0.149200	-0.020954
0.149300	-0.020958
0.149400	-0.020962
0.149500	-0.020967
0.149600	-0.020971
0.149700	-0.020976
0.149800	-0.020980
0.149900	-0.020984
0.150000	-0.020989
0.150100	-0.020993
0.150200	-0.020997
0.150300	-0.021002
0.150400	-0.021006
0.150500	-0.021010
0.150600	-0.021014
0.150700	-0.021019
0.150800	-0.021023
0.150900	-0.021027
0.151000	-0.021032
0.151100	-0.021036
0.151200	-0.021040
0.151300	-0.021044
0.151400	-0.021048
0.151500	-0.021053
0.151600	-0.021057
0.151700	-0.021061
0.151800	-0.021065
0.151900	-0.021069
0.152000	-0.021074
0.152100	-0.021078
0.152200	-0.021082
0.152300	-0.021086
0.152400	-0.021090
0.152500	-0.021094
0.152600	-0.021098
0.152700	-0.021102
0.152800	-0.021107
0.152900	-0.021111
0.153000	-0.021115
0.153100	-0.021119
0.153200	-0.021123
0.153300	-0.021127
0.153400	-0.021131
0.153500	-0.021135
0.153600	-0.021139
0.153700	-0.021143
0.153800	-0.021147
0.153900	-0.021151
0.154000	-0.021155
0.154100	-0.021159
0.154200	-0.021163
0.154300	-0.021167
0.154400	-0.021171
0.154500	-0.021175
0.154600	-0.021179
0.154700	-0.021183
0.154800	-0.021187
0.154900	-0.021191
0.155000	-0.021195
0.155100	-0.021199
0.155200	-0.021202
0.155300	-0.021206
0.155400	-0.021210
0.155500	-0.021214
0.155600	-0.021218
0.155700	-0.021222
0.155800	-0.021226
0.155900	-0.021230
0.156000	-0.021233
0.156100	-0.021237
0.156200	-0.021241
0.156300	-0.021245
0.156400	-0.021249
0.156500	-0.021252
0.156600	-0.021256
0.156700	-0.021260
0.156800	-0.021264
0.156900	-0.021268
0.157000	-0.021271
0.157100	-0.021275
0.157200	-0.021279
0.157300	-0.021283
0.157400	-0.021286
0.157500	-0.021290
0.157600	-0.021294
0.157700	-0.021297
0.157800	-0.021301
0.157900	-0.021305
0.158000	-0.021309
0.158100	-0.021312
0.158200	-0.021316
0.158300	-0.021320
0.158400	-0.021323
0.158500	-0.021327
0.158600	-0.021330
0.158700	-0.021334
0.158800	-0.021338
0.158900	-0.021341
0.159000	-0.021345
0.159100	-0.021349
0.159200	-0.021352
0.159300	-0.021356
0.159400	-0.021359
0.159500	-0.021363
0.159600	-0.021366
0.159700	-0.021370
0.159800	-0.021374
0.159900	-0.021377
0.160000	-0.021381
0.160100	-0.021384
0.160200	-0.021388
0.160300	-0.021391
0.160400	-0.021395
0.160500	-0.021398
0.160600	-0.021402
0.160700	-0.021405
0.160800	-0.021409
0.160900	-0.021412
0.161000	-0.021416
0.161100	-0.021419
0.161200	-0.021423
0.161300	-0.021426
0.161400	-0.021429
0.161500	-0.021433
0.161600	-0.021436
0.161700	-0.021440
0.161800	-0.021443
0.161900	-0.021447
0.162000	-0.021450
0.162100	-0.021453
0.162200	-0.021457
0.162300	-0.021460
0.162400	-0.021463
0.162500	-0.021467
0.162600	-0.021470
0.162700	-0.021474
0.162800	-0.021477
0.162900	-0.021480
0.163000	-0.021484
0.163100	-0.021487
0.163200	-0.021490
0.163300	-0.021493
0.163400	-0.021497
0.163500	-0.021500
0.163600	-0.021503
0.163700	-0.021507
0.163800	-0.021510
0.163900	-0.021513
0.164000	-0.021516
0.164100	-0.021520
0.164200	-0.021523
0.164300	-0.021526
0.164400	-0.021529
0.164500	-0.021533
0.164600	-0.021536
0.164700	-0.021539
0.164800	-0.021542
0.164900	-0.021545
0.165000	-0.021549
0.165100	-0.021552
0.165200	-0.021555
0.165300	-0.021558
0.165400	-0.021561
0.165500	-0.021565
0.165600	-0.021568
0.165700	-0.021571
0.165800	-0.021574
0.165900	-0.021577
0.166000	-0.021580
0.166100	-0.021583
0.166200	-0.021586
0.166300	-0.021590
0.166400	-0.021593
0.166500	-0.021596
0.166600	-0.021599
0.166700	-0.021602
0.166800	-0.021605
0.166900	-0.021608
0.167000	-0.021611
0.167100	-0.021614
0.167200	-0.021617
0.167300	-0.021620
0.167400	-0.021623
0.167500	-0.021626
0.167600	-0.021629
0.167700	-0.021632
0.167800	-0.021635
0.167900	-0.021639
0.168000	-0.021642
0.168100	-0.021645
0.168200	-0.021647
0.168300	-0.021650
0.168400	-0.021653
0.168500	-0.021656
0.168600	-0.021659
0.168700	-0.021662
0.168800	-0.021665
0.168900	-0.021668
0.169000	-0.021671
0.169100	-0.021674
0.169200	-0.021677
0.169300	-0.021680
0.169400	-0.021683
0.169500	-0.021686
0.169600	-0.021689
0.169700	-0.021692
0.169800	-0.021695
0.169900	-0.021697
0.170000	-0.021700
0.170100	-0.021703
0.170200	-0.021706
0.170300	-0.021709
0.170400	-0.021712
0.170500	-0.021715
0.170600	-0.021718
0.170700	-0.021720
0.170800	-0.021723
0.170900	-0.021726
0.171000	-0.021729
0.171100	-0.021732
0.171200	-0.021734
0.171300	-0.021737
0.171400	-0.021740
0.171500	-0.021743
0.171600	-0.021746
0.171700	-0.021748
0.171800	-0.021751
0.171900	-0.021754
0.172000	-0.021757
0.172100	-0.021760
0.172200	-0.021762
0.172300	-0.021765
0.172400	-0.021768
0.172500	-0.021771
0.172600	-0.021773
0.172700	-0.021776
0.172800	-0.021779
0.172900	-0.021781
0.173000	-0.021784
0.173100	-0.021787
0.173200	-0.021790
0.173300	-0.021792
0.173400	-0.021795
0.173500	-0.021798
0.173600	-0.021800
0.173700	-0.021803
0.173800	-0.021806
0.173900	-0.021808
0.174000	-0.021811
0.174100	-0.021814
0.174200	-0.021816
0.174300	-0.021819
0.174400	-0.021822
0.174500	-0.021824
0.174600	-0.021827
0.174700	-0.021829
0.174800	-0.021832
0.174900	-0.021835
0.175000	-0.021837
0.175100	-0.021840
0.175200	-0.021842
0.175300	-0.021845
0.175400	-0.021848
0.175500	-0.021850
0.175600	-0.021853
0.175700	-0.021855
0.175800	-0.021858
0.175900	-0.021860
0.176000	-0.021863
0.176100	-0.021866
0.176200	-0.021868
0.176300	-0.021871
0.176400	-0.021873
0.176500	-0.021876
0.176600	-0.021878
0.176700	-0.021881
0.176800	-0.021883
0.176900	-0.021886
0.177000	-0.021888
0.177100	-0.021891
0.177200	-0.021893
0.177300	-0.021896
0.177400	-0.021898
0.177500	-0.021901
0.177600	-0.021903
0.177700	-0.021906
0.177800	-0.021908
0.177900	-0.021910
0.178000	-0.021913
0.178100	-0.021915
0.178200	-0.021918
0.178300	-0.021920
0.178400	-0.021923
0.178500	-0.021925
0.178600	-0.021928
0.178700	-0.021930
0.178800	-0.021932
0.178900	-0.021935
0.179000	-0.021937
0.179100	-0.021940
0.179200	-0.021942
0.179300	-0.021944
0.179400	-0.021947
0.179500	-0.021949
0.179600	-0.021951
0.179700	-0.021954
0.179800	-0.021956
0.179900	-0.021959
0.180000	-0.021961
0.180100	-0.021963
0.180200	-0.021966
0.180300	-0.021968
0.180400	-0.021970
0.180500	-0.021973
0.180600	-0.021975
0.180700	-0.021977
0.180800	-0.021979
0.180900	-0.021982
0.181000	-0.021984
0.181100	-0.021986
0.181200	-0.021989
0.181300	-0.021991
0.181400	-0.021993
0.181500	-0.021996
0.181600	-0.021998
0.181700	-0.022000
0.181800	-0.022002
0.181900	-0.022005
0.182000	-0.022007
0.182100	-0.022009
0.182200	-0.022011
0.182300	-0.022014
0.182400	-0.022016
0.182500	-0.022018
0.182600	-0.022020
0.182700	-0.022023
0.182800	-0.022025
0.182900	-0.022027
0.183000	-0.022029
0.183100	-0.022031
0.183200	-0.022034
0.183300	-0.022036
0.183400	-0.022038
0.183500	-0.022040
0.183600	-0.022042
0.183700	-0.022045
0.183800	-0.022047
0.183900	-0.022049
0.184000	-0.022051
0.184100	-0.022053
0.184200	-0.022055
0.184300	-0.022057
0.184400	-0.022060
0.184500	-0.022062
0.184600	-0.022064
0.184700	-0.022066
0.184800	-0.022068
0.184900	-0.022070
0.185000	-0.022072
0.185100	-0.022075
0.185200	-0.022077
0.185300	-0.022079
0.185400	-0.022081
0.185500	-0.022083
0.185600	-0.022085
0.185700	-0.022087
0.185800	-0.022089
0.185900	-0.022091
0.186000	-0.022093
0.186100	-0.022095
0.186200	-0.022098
0.186300	-0.022100
0.186400	-0.022102
0.186500	-0.022104
0.186600	-0.022106
0.186700	-0.022108
0.186800	-0.022110
0.186900	-0.022112
0.187000	-0.022114
0.187100	-0.022116
0.187200	-0.022118
0.187300	-0.022120
0.187400	-0.022122
0.187500	-0.022124
0.187600	-0.022126
0.187700	-0.022128
0.187800	-0.022130
0.187900	-0.022132
0.188000	-0.022134
0.188100	-0.022136
0.188200	-0.022138
0.188300	-0.022140
0.188400	-0.022142
0.188500	-0.022144
0.188600	-0.022146
0.188700	-0.022148
0.188800	-0.022150
0.188900	-0.022152
0.189000	-0.022154
0.189100	-0.022156
0.189200	-0.022158
0.189300	-0.022160
0.189400	-0.022162
0.189500	-0.022164
0.189600	-0.022165
0.189700	-0.022167
0.189800	-0.022169
0.189900	-0.022171
0.190000	-0.022173
0.190100	-0.022175
0.190200	-0.022177
0.190300	-0.022179
0.190400	-0.022181
0.190500	-0.022183
0.190600	-0.022185
0.190700	-0.022186
0.190800	-0.022188
0.190900	-0.022190
0.191000	-0.022192
0.191100	-0.022194
0.191200	-0.022196
0.191300	-0.022198
0.191400	-0.022200
0.191500	-0.022201
0.191600	-0.022203
0.191700	-0.022205
0.191800	-0.022207
0.191900	-0.022209
0.192000	-0.022211
0.192100	-0.022212
0.192200	-0.022214
0.192300	-0.022216
0.192400	-0.022218
0.192500	-0.022220
0.192600	-0.022222
0.192700	-0.022223
0.192800	-0.022225
0.192900	-0.022227
0.193000	-0.022229
0.193100	-0.022231
0.193200	-0.022232
0.193300	-0.022234
0.193400	-0.022236
0.193500	-0.022238
0.193600	-0.022239
0.193700	-0.022241
0.193800	-0.022243
0.193900	-0.022245
0.194000	-0.022247
0.194100	-0.022248
0.194200	-0.022250
0.194300	-0.022252
0.194400	-0.022254
0.194500	-0.022255
0.194600	-0.022257
0.194700	-0.022259
0.194800	-0.022261
0.194900	-0.022262
0.195000	-0.022264
0.195100	-0.022266
0.195200	-0.022267
0.195300	-0.022269
0.195400	-0.022271
0.195500	-0.022273
0.195600	-0.022274
0.195700	-0.022276
0.195800	-0.022278
0.195900	-0.022279
0.196000	-0.022281
0.196100	-0.022283
0.196200	-0.022284
0.196300	-0.022286
0.196400	-0.022288
0.196500	-0.022290
0.196600	-0.022291
0.196700	-0.022293
0.196800	-0.022295
0.196900	-0.022296
0.197000	-0.022298
0.197100	-0.022299
0.197200	-0.022301
0.197300	-0.022303
0.197400	-0.022304
0.197500	-0.022306
0.197600	-0.022308
0.197700	-0.022309
0.197800	-0.022311
0.197900	-0.022313
0.198000	-0.022314
0.198100	-0.022316
0.198200	-0.022317
0.198300	-0.022319
0.198400	-0.022321
0.198500	-0.022322
0.198600	-0.022324
0.198700	-0.022326
0.198800	-0.022327
0.198900	-0.022329
0.199000	-0.022330
0.199100	-0.022332
0.199200	-0.022333
0.199300	-0.022335
0.199400	-0.022337
0.199500	-0.022338
0.199600	-0.022340
0.199700	-0.022341
0.199800	-0.022343
0.199900	-0.022344
0.200000	-0.022346
0.200100	-0.022348
0.200200	-0.022349
0.200300	-0.022351
0.200400	-0.022352
0.200500	-0.022354
0.200600	-0.022355
0.200700	-0.022357
0.200800	-0.022358
0.200900	-0.022360
0.201000	-0.022361
0.201100	-0.022363
0.201200	-0.022365
0.201300	-0.022366
0.201400	-0.022368
0.201500	-0.022369
0.201600	-0.022371
0.201700	-0.022372
0.201800	-0.022374
0.201900	-0.022375
0.202000	-0.022377
0.202100	-0.022378
0.202200	-0.022380
0.202300	-0.022381
0.202400	-0.022383
0.202500	-0.022384
0.202600	-0.022385
0.202700	-0.022387
0.202800	-0.022388
0.202900	-0.022390
0.203000	-0.022391
0.203100	-0.022393
0.203200	-0.022394
0.203300	-0.022396
0.203400	-0.022397
0.203500	-0.022399
0.203600	-0.022400
0.203700	-0.022402
0.203800	-0.022403
0.203900	-0.022404
0.204000	-0.022406
0.204100	-0.022407
0.204200	-0.022409
0.204300	-0.022410
0.204400	-0.022412
0.204500	-0.022413
0.204600	-0.022414
0.204700	-0.022416
0.204800	-0.022417
0.204900	-0.022419
0.205000	-0.022420
0.205100	-0.022421
0.205200	-0.022423
0.205300	-0.022424
0.205400	-0.022426
0.205500	-0.022427
0.205600	-0.022428
0.205700	-0.022430
0.205800	-0.022431
0.205900	-0.022433
0.206000	-0.022434
0.206100	-0.022435
0.206200	-0.022437
0.206300	-0.022438
0.206400	-0.022439
0.206500	-0.022441
0.206600	-0.022442
0.206700	-0.022444
0.206800	-0.022445
0.206900	-0.022446
0.207000	-0.022448
0.207100	-0.022449
0.207200	-0.022450
0.207300	-0.022452
0.207400	-0.022453
0.207500	-0.022454
0.207600	-0.022456
0.207700	-0.022457
0.207800	-0.022458
0.207900	-0.022460
0.208000	-0.022461
0.208100	-0.022462
0.208200	-0.022464
0.208300	-0.022465
0.208400	-0.022466
0.208500	-0.022468
0.208600	-0.022469
0.208700	-0.022470
0.208800	-0.022471
0.208900	-0.022473
0.209000	-0.022474
0.209100	-0.022475
0.209200	-0.022477
0.209300	-0.022478
0.209400	-0.022479
0.209500	-0.022480
0.209600	-0.022482
0.209700	-0.022483
0.209800	-0.022484
0.209900	-0.022486
0.210000	-0.022487
0.210100	-0.022488
0.210200	-0.022489
0.210300	-0.022491
0.210400	-0.022492
0.210500	-0.022493
0.210600	-0.022494
0.210700	-0.022496
0.210800	-0.022497
0.210900	-0.022498
0.211000	-0.022499
0.211100	-0.022501
0.211200	-0.022502
0.211300	-0.022503
0.211400	-0.022504
0.211500	-0.022506
0.211600	-0.022507
0.211700	-0.022508
0.211800	-0.022509
0.211900	-0.022510
0.212000	-0.022512
0.212100	-0.022513
0.212200	-0.022514
0.212300	-0.022515
0.212400	-0.022517
0.212500	-0.022518
0.212600	-0.022519
0.212700	-0.022520
0.212800	-0.022521
0.212900	-0.022523
0.213000	-0.022524
0.213100	-0.022525
0.213200	-0.022526
0.213300	-0.022527
0.213400	-0.022529
0.213500	-0.022530
0.213600	-0.022531
0.213700	-0.022532
0.213800	-0.022533
0.213900	-0.022534
0.214000	-0.022536
0.214100	-0.022537
0.214200	-0.022538
0.214300	-0.022539
0.214400	-0.022540
0.214500	-0.022541
0.214600	-0.022543
0.214700	-0.022544
0.214800	-0.022545
0.214900	-0.022546
0.215000	-0.022547
0.215100	-0.022548
0.215200	-0.022549
0.215300	-0.022551
0.215400	-0.022552
0.215500	-0.022553
0.215600	-0.022554
0.215700	-0.022555
0.215800	-0.022556
0.215900	-0.022557
0.216000	-0.022558
0.216100	-0.022560
0.216200	-0.022561
0.216300	-0.022562
0.216400	-0.022563
0.216500	-0.022564
0.216600	-0.022565
0.216700	-0.022566
0.216800	-0.022567
0.216900	-0.022568
0.217000	-0.022570
0.217100	-0.022571
0.217200	-0.022572
0.217300	-0.022573
0.217400	-0.022574
0.217500	-0.022575
0.217600	-0.022576
0.217700	-0.022577
0.217800	-0.022578
0.217900	-0.022579
0.218000	-0.022580
0.218100	-0.022582
0.218200	-0.022583
0.218300	-0.022584
0.218400	-0.022585
0.218500	-0.022586
0.218600	-0.022587
0.218700	-0.022588
0.218800	-0.022589
0.218900	-0.022590
0.219000	-0.022591
0.219100	-0.022592
0.219200	-0.022593
0.219300	-0.022594
0.219400	-0.022595
0.219500	-0.022596
0.219600	-0.022597
0.219700	-0.022598
0.219800	-0.022599
0.219900	-0.022600
0.220000	-0.022602
0.220100	-0.022603
0.220200	-0.022604
0.220300	-0.022605
0.220400	-0.022606
0.220500	-0.022607
0.220600	-0.022608
0.220700	-0.022609
0.220800	-0.022610
0.220900	-0.022611
0.221000	-0.022612
0.221100	-0.022613
0.221200	-0.022614
0.221300	-0.022615
0.221400	-0.022616
0.221500	-0.022617
0.221600	-0.022618
0.221700	-0.022619
0.221800	-0.022620
0.221900	-0.022621
0.222000	-0.022622
0.222100	-0.022623
0.222200	-0.022624
0.222300	-0.022625
0.222400	-0.022626
0.222500	-0.022627
0.222600	-0.022628
0.222700	-0.022629
0.222800	-0.022630
0.222900	-0.022631
0.223000	-0.022632
0.223100	-0.022633
0.223200	-0.022634
0.223300	-0.022634
0.223400	-0.022635
0.223500	-0.022636
0.223600	-0.022637
0.223700	-0.022638
0.223800	-0.022639
0.223900	-0.022640
0.224000	-0.022641
0.224100	-0.022642
0.224200	-0.022643
0.224300	-0.022644
0.224400	-0.022645
0.224500	-0.022646
0.224600	-0.022647
0.224700	-0.022648
0.224800	-0.022649
0.224900	-0.022650
0.225000	-0.022651
0.225100	-0.022652
0.225200	-0.022652
0.225300	-0.022653
0.225400	-0.022654
0.225500	-0.022655
0.225600	-0.022656
0.225700	-0.022657
0.225800	-0.022658
0.225900	-0.022659
0.226000	-0.022660
0.226100	-0.022661
0.226200	-0.022662
0.226300	-0.022663
0.226400	-0.022663
0.226500	-0.022664
0.226600	-0.022665
0.226700	-0.022666
0.226800	-0.022667
0.226900	-0.022668
0.227000	-0.022669
0.227100	-0.022670
0.227200	-0.022671
0.227300	-0.022672
0.227400	-0.022672
0.227500	-0.022673
0.227600	-0.022674
0.227700	-0.022675
0.227800	-0.022676
0.227900	-0.022677
0.228000	-0.022678
0.228100	-0.022679
0.228200	-0.022679
0.228300	-0.022680
0.228400	-0.022681
0.228500	-0.022682
0.228600	-0.022683
0.228700	-0.022684
0.228800	-0.022685
0.228900	-0.022686
0.229000	-0.022686
0.229100	-0.022687
0.229200	-0.022688
0.229300	-0.022689
0.229400	-0.022690
0.229500	-0.022691
0.229600	-0.022692
0.229700	-0.022692
0.229800	-0.022693
0.229900	-0.022694
0.230000	-0.022695
0.230100	-0.022696
0.230200	-0.022697
0.230300	-0.022697
0.230400	-0.022698
0.230500	-0.022699
0.230600	-0.022700
0.230700	-0.022701
0.230800	-0.022702
0.230900	-0.022702
0.231000	-0.022703
0.231100	-0.022704
0.231200	-0.022705
0.231300	-0.022706
0.231400	-0.022706
0.231500	-0.022707
0.231600	-0.022708
0.231700	-0.022709
0.231800	-0.022710
0.231900	-0.022711
0.232000	-0.022711
0.232100	-0.022712
0.232200	-0.022713
0.232300	-0.022714
0.232400	-0.022715
0.232500	-0.022715
0.232600	-0.022716
0.232700	-0.022717
0.232800	-0.022718
0.232900	-0.022719
0.233000	-0.022719
0.233100	-0.022720
0.233200	-0.022721
0.233300	-0.022722
0.233400	-0.022723
0.233500	-0.022723
0.233600	-0.022724
0.233700	-0.022725
0.233800	-0.022726
0.233900	-0.022726
0.234000	-0.022727
0.234100	-0.022728
0.234200	-0.022729
0.234300	-0.022730
0.234400	-0.022730
0.234500	-0.022731
0.234600	-0.022732
0.234700	-0.022733
0.234800	-0.022733
0.234900	-0.022734
0.235000	-0.022735
0.235100	-0.022736
0.235200	-0.022736
0.235300	-0.022737
0.235400	-0.022738
0.235500	-0.022739
0.235600	-0.022739
0.235700	-0.022740
0.235800	-0.022741
0.235900	-0.022742
0.236000	-0.022742
0.236100	-0.022743
0.236200	-0.022744
0.236300	-0.022745
0.236400	-0.022745
0.236500	-0.022746
0.236600	-0.022747
0.236700	-0.022748
0.236800	-0.022748
0.236900	-0.022749
0.237000	-0.022750
0.237100	-0.022750
0.237200	-0.022751
0.237300	-0.022752
0.237400	-0.022753
0.237500	-0.022753
0.237600	-0.022754
0.237700	-0.022755
0.237800	-0.022755
0.237900	-0.022756
0.238000	-0.022757
0.238100	-0.022758
0.238200	-0.022758
0.238300	-0.022759
0.238400	-0.022760
0.238500	-0.022760
0.238600	-0.022761
0.238700	-0.022762
0.238800	-0.022763
0.238900	-0.022763
0.239000	-0.022764
0.239100	-0.022765
0.239200	-0.022765
0.239300	-0.022766
0.239400	-0.022767
0.239500	-0.022767
0.239600	-0.022768
0.239700	-0.022769
0.239800	-0.022770
0.239900	-0.022770
0.240000	-0.022771
0.240100	-0.022772
0.240200	-0.022772
0.240300	-0.022773
0.240400	-0.022774
0.240500	-0.022774
0.240600	-0.022775
0.240700	-0.022776
0.240800	-0.022776
0.240900	-0.022777
0.241000	-0.022778
0.241100	-0.022778
0.241200	-0.022779
0.241300	-0.022780
0.241400	-0.022780
0.241500	-0.022781
0.241600	-0.022782
0.241700	-0.022782
0.241800	-0.022783
0.241900	-0.022784
0.242000	-0.022784
0.242100	-0.022785
0.242200	-0.022786
0.242300	-0.022786
0.242400	-0.022787
0.242500	-0.022788
0.242600	-0.022788
0.242700	-0.022789
0.242800	-0.022790
0.242900	-0.022790
0.243000	-0.022791
0.243100	-0.022791
0.243200	-0.022792
0.243300	-0.022793
0.243400	-0.022793
0.243500	-0.022794
0.243600	-0.022795
0.243700	-0.022795
0.243800	-0.022796
0.243900	-0.022797
0.244000	-0.022797
0.244100	-0.022798
0.244200	-0.022798
0.244300	-0.022799
0.244400	-0.022800
0.244500	-0.022800
0.244600	-0.022801
0.244700	-0.022802
0.244800	-0.022802
0.244900	-0.022803
0.245000	-0.022803
0.245100	-0.022804
0.245200	-0.022805
0.245300	-0.022805
0.245400	-0.022806
0.245500	-0.022807
0.245600	-0.022807
0.245700	-0.022808
0.245800	-0.022808
0.245900	-0.022809
0.246000	-0.022810
0.246100	-0.022810
0.246200	-0.022811
0.246300	-0.022811
0.246400	-0.022812
0.246500	-0.022813
0.246600	-0.022813
0.246700	-0.022814
0.246800	-0.022814
0.246900	-0.022815
0.247000	-0.022816
0.247100	-0.022816
0.247200	-0.022817
0.247300	-0.022817
0.247400	-0.022818
0.247500	-0.022818
0.247600	-0.022819
0.247700	-0.022820
0.247800	-0.022820
0.247900	-0.022821
0.248000	-0.022821
0.248100	-0.022822
0.248200	-0.022823
0.248300	-0.022823
0.248400	-0.022824
0.248500	-0.022824
0.248600	-0.022825
0.248700	-0.022825
0.248800	-0.022826
0.248900	-0.022827
0.249000	-0.022827
0.249100	-0.022828
0.249200	-0.022828
0.249300	-0.022829
0.249400	-0.022829
0.249500	-0.022830
0.249600	-0.022831
0.249700	-0.022831
0.249800	-0.022832
0.249900	-0.022832
0.250000	-0.022833
0.250100	-0.022833
0.250200	-0.022834
0.250300	-0.022834
0.250400	-0.022835
0.250500	-0.022836
0.250600	-0.022836
0.250700	-0.022837
0.250800	-0.022837
0.250900	-0.022838
0.251000	-0.022838
0.251100	-0.022839
0.251200	-0.022839
0.251300	-0.022840
0.251400	-0.022840
0.251500	-0.022841
0.251600	-0.022842
0.251700	-0.022842
0.251800	-0.022843
0.251900	-0.022843
0.252000	-0.022844
0.252100	-0.022844
0.252200	-0.022845
0.252300	-0.022845
0.252400	-0.022846
0.252500	-0.022846
0.252600	-0.022847
0.252700	-0.022847
0.252800	-0.022848
0.252900	-0.022848
0.253000	-0.022849
0.253100	-0.022850
0.253200	-0.022850
0.253300	-0.022851
0.253400	-0.022851
0.253500	-0.022852
0.253600	-0.022852
0.253700	-0.022853
0.253800	-0.022853
0.253900	-0.022854
0.254000	-0.022854
0.254100	-0.022855
0.254200	-0.022855
0.254300	-0.022856
0.254400	-0.022856
0.254500	-0.022857
0.254600	-0.022857
0.254700	-0.022858
0.254800	-0.022858
0.254900	-0.022859
0.255000	-0.022859
0.255100	-0.022860
0.255200	-0.022860
0.255300	-0.022861
0.255400	-0.022861
0.255500	-0.022862
0.255600	-0.022862
0.255700	-0.022863
0.255800	-0.022863
0.255900	-0.022864
0.256000	-0.022864
0.256100	-0.022865
0.256200	-0.022865
0.256300	-0.022866
0.256400	-0.022866
0.256500	-0.022867
0.256600	-0.022867
0.256700	-0.022868
0.256800	-0.022868
0.256900	-0.022869
0.257000	-0.022869
0.257100	-0.022870
0.257200	-0.022870
0.257300	-0.022871
0.257400	-0.022871
0.257500	-0.022872
0.257600	-0.022872
0.257700	-0.022872
0.257800	-0.022873
0.257900	-0.022873
0.258000	-0.022874
0.258100	-0.022874
0.258200	-0.022875
0.258300	-0.022875
0.258400	-0.022876
0.258500	-0.022876
0.258600	-0.022877
0.258700	-0.022877
0.258800	-0.022878
0.258900	-0.022878
0.259000	-0.022879
0.259100	-0.022879
0.259200	-0.022879
0.259300	-0.022880
0.259400	-0.022880
0.259500	-0.022881
0.259600	-0.022881
0.259700	-0.022882
0.259800	-0.022882
0.259900	-0.022883
0.260000	-0.022883
0.260100	-0.022884
0.260200	-0.022884
0.260300	-0.022885
0.260400	-0.022885
0.260500	-0.022885
0.260600	-0.022886
0.260700	-0.022886
0.260800	-0.022887
0.260900	-0.022887
0.261000	-0.022888
0.261100	-0.022888
0.261200	-0.022889
0.261300	-0.022889
0.261400	-0.022889
0.261500	-0.022890
0.261600	-0.022890
0.261700	-0.022891
0.261800	-0.022891
0.261900	-0.022892
0.262000	-0.022892
0.262100	-0.022892
0.262200	-0.022893
0.262300	-0.022893
0.262400	-0.022894
0.262500	-0.022894
0.262600	-0.022895
0.262700	-0.022895
0.262800	-0.022896
0.262900	-0.022896
0.263000	-0.022896
0.263100	-0.022897
0.263200	-0.022897
0.263300	-0.022898
0.263400	-0.022898
0.263500	-0.022898
0.263600	-0.022899
0.263700	-0.022899
0.263800	-0.022900
0.263900	-0.022900
0.264000	-0.022901
0.264100	-0.022901
0.264200	-0.022901
0.264300	-0.022902
0.264400	-0.022902
0.264500	-0.022903
0.264600	-0.022903
0.264700	-0.022903
0.264800	-0.022904
0.264900	-0.022904
0.265000	-0.022905
0.265100	-0.022905
0.265200	-0.022906
0.265300	-0.022906
0.265400	-0.022906
0.265500	-0.022907
0.265600	-0.022907
0.265700	-0.022908
0.265800	-0.022908
0.265900	-0.022908
0.266000	-0.022909
0.266100	-0.022909
0.266200	-0.022910
0.266300	-0.022910
0.266400	-0.022910
0.266500	-0.022911
0.266600	-0.022911
0.266700	-0.022912
0.266800	-0.022912
0.266900	-0.022912
0.267000	-0.022913
0.267100	-0.022913
0.267200	-0.022914
0.267300	-0.022914
0.267400	-0.022914
0.267500	-0.022915
0.267600	-0.022915
0.267700	-0.022915
0.267800	-0.022916
0.267900	-0.022916
0.268000	-0.022917
0.268100	-0.022917
0.268200	-0.022917
0.268300	-0.022918
0.268400	-0.022918
0.268500	-0.022919
0.268600	-0.022919
0.268700	-0.022919
0.268800	-0.022920
0.268900	-0.022920
0.269000	-0.022920
0.269100	-0.022921
0.269200	-0.022921
0.269300	-0.022922
0.269400	-0.022922
0.269500	-0.022922
0.269600	-0.022923
0.269700	-0.022923
0.269800	-0.022923
0.269900	-0.022924
0.270000	-0.022924
0.270100	-0.022925
0.270200	-0.022925
0.270300	-0.022925
0.270400	-0.022926
0.270500	-0.022926
0.270600	-0.022926
0.270700	-0.022927
0.270800	-0.022927
0.270900	-0.022927
0.271000	-0.022928
0.271100	-0.022928
0.271200	-0.022929
0.271300	-0.022929
0.271400	-0.022929
0.271500	-0.022930
0.271600	-0.022930
0.271700	-0.022930
0.271800	-0.022931
0.271900	-0.022931
0.272000	-0.022931
0.272100	-0.022932
0.272200	-0.022932
0.272300	-0.022932
0.272400	-0.022933
0.272500	-0.022933
0.272600	-0.022934
0.272700	-0.022934
0.272800	-0.022934
0.272900	-0.022935
0.273000	-0.022935
0.273100	-0.022935
0.273200	-0.022936
0.273300	-0.022936
0.273400	-0.022936
0.273500	-0.022937
0.273600	-0.022937
0.273700	-0.022937
0.273800	-0.022938
0.273900	-0.022938
0.274000	-0.022938
0.274100	-0.022939
0.274200	-0.022939
0.274300	-0.022939
0.274400	-0.022940
0.274500	-0.022940
0.274600	-0.022940
0.274700	-0.022941
0.274800	-0.022941
0.274900	-0.022941
0.275000	-0.022942
0.275100	-0.022942
0.275200	-0.022942
0.275300	-0.022943
0.275400	-0.022943
0.275500	-0.022943
0.275600	-0.022944
0.275700	-0.022944
0.275800	-0.022944
0.275900	-0.022945
0.276000	-0.022945
0.276100	-0.022945
0.276200	-0.022946
0.276300	-0.022946
0.276400	-0.022946
0.276500	-0.022947
0.276600	-0.022947
0.276700	-0.022947
0.276800	-0.022948
0.276900	-0.022948
0.277000	-0.022948
0.277100	-0.022949
0.277200	-0.022949
0.277300	-0.022949
0.277400	-0.022950
0.277500	-0.022950
0.277600	-0.022950
0.277700	-0.022950
0.277800	-0.022951
0.277900	-0.022951
0.278000	-0.022951
0.278100	-0.022952
0.278200	-0.022952
0.278300	-0.022952
0.278400	-0.022953
0.278500	-0.022953
0.278600	-0.022953
0.278700	-0.022954
0.278800	-0.022954
0.278900	-0.022954
0.279000	-0.022954
0.279100	-0.022955
0.279200	-0.022955
0.279300	-0.022955
0.279400	-0.022956
0.279500	-0.022956
0.279600	-0.022956
0.279700	-0.022957
0.279800	-0.022957
0.279900	-0.022957
0.280000	-0.022958
0.280100	-0.022958
0.280200	-0.022958
0.280300	-0.022958
0.280400	-0.022959
0.280500	-0.022959
0.280600	-0.022959
0.280700	-0.022960
0.280800	-0.022960
0.280900	-0.022960
0.281000	-0.022961
0.281100	-0.022961
0.281200	-0.022961
0.281300	-0.022961
0.281400	-0.022962
0.281500	-0.022962
0.281600	-0.022962
0.281700	-0.022963
0.281800	-0.022963
0.281900	-0.022963
0.282000	-0.022963
0.282100	-0.022964
0.282200	-0.022964
0.282300	-0.022964
0.282400	-0.022965
0.282500	-0.022965
0.282600	-0.022965
0.282700	-0.022965
0.282800	-0.022966
0.282900	-0.022966
0.283000	-0.022966
0.283100	-0.022967
0.283200	-0.022967
0.283300	-0.022967
0.283400	-0.022967
0.283500	-0.022968
0.283600	-0.022968
0.283700	-0.022968
0.283800	-0.022969
0.283900	-0.022969
0.284000	-0.022969
0.284100	-0.022969
0.284200	-0.022970
0.284300	-0.022970
0.284400	-0.022970
0.284500	-0.022970
0.284600	-0.022971
0.284700	-0.022971
0.284800	-0.022971
0.284900	-0.022972
0.285000	-0.022972
0.285100	-0.022972
0.285200	-0.022972
0.285300	-0.022973
0.285400	-0.022973
0.285500	-0.022973
0.285600	-0.022973
0.285700	-0.022974
0.285800	-0.022974
0.285900	-0.022974
0.286000	-0.022975
0.286100	-0.022975
0.286200	-0.022975
0.286300	-0.022975
0.286400	-0.022976
0.286500	-0.022976
0.286600	-0.022976
0.286700	-0.022976
0.286800	-0.022977
0.286900	-0.022977
0.287000	-0.022977
0.287100	-0.022977
0.287200	-0.022978
0.287300	-0.022978
0.287400	-0.022978
0.287500	-0.022978
0.287600	-0.022979
0.287700	-0.022979
0.287800	-0.022979
0.287900	-0.022979
0.288000	-0.022980
0.288100	-0.022980
0.288200	-0.022980
0.288300	-0.022980
0.288400	-0.022981
0.288500	-0.022981
0.288600	-0.022981
0.288700	-0.022981
0.288800	-0.022982
0.288900	-0.022982
0.289000	-0.022982
0.289100	-0.022982
0.289200	-0.022983
0.289300	-0.022983
0.289400	-0.022983
0.289500	-0.022983
0.289600	-0.022984
0.289700	-0.022984
0.289800	-0.022984
0.289900	-0.022984
0.290000	-0.022985
0.290100	-0.022985
0.290200	-0.022985
0.290300	-0.022985
0.290400	-0.022986
0.290500	-0.022986
0.290600	-0.022986
0.290700	-0.022986
0.290800	-0.022987
0.290900	-0.022987
0.291000	-0.022987
0.291100	-0.022987
0.291200	-0.022988
0.291300	-0.022988
0.291400	-0.022988
0.291500	-0.022988
0.291600	-0.022989
0.291700	-0.022989
0.291800	-0.022989
0.291900	-0.022989
0.292000	-0.022989
0.292100	-0.022990
0.292200	-0.022990
0.292300	-0.022990
0.292400	-0.022990
0.292500	-0.022991
0.292600	-0.022991
0.292700	-0.022991
0.292800	-0.022991
0.292900	-0.022992
0.293000	-0.022992
0.293100	-0.022992
0.293200	-0.022992
0.293300	-0.022993
0.293400	-0.022993
0.293500	-0.022993
0.293600	-0.022993
0.293700	-0.022993
0.293800	-0.022994
0.293900	-0.022994
0.294000	-0.022994
0.294100	-0.022994
0.294200	-0.022995
0.294300	-0.022995
0.294400	-0.022995
0.294500	-0.022995
0.294600	-0.022995
0.294700	-0.022996
0.294800	-0.022996
0.294900	-0.022996
0.295000	-0.022996
0.295100	-0.022997
0.295200	-0.022997
0.295300	-0.022997
0.295400	-0.022997
0.295500	-0.022997
0.295600	-0.022998
0.295700	-0.022998
0.295800	-0.022998
0.295900	-0.022998
0.296000	-0.022999
0.296100	-0.022999
0.296200	-0.022999
0.296300	-0.022999
0.296400	-0.022999
0.296500	-0.023000
0.296600	-0.023000
0.296700	-0.023000
0.296800	-0.023000
0.296900	-0.023000
0.297000	-0.023001
0.297100	-0.023001
0.297200	-0.023001
0.297300	-0.023001
0.297400	-0.023001
0.297500	-0.023002
0.297600	-0.023002
0.297700	-0.023002
0.297800	-0.023002
0.297900	-0.023003
0.298000	-0.023003
0.298100	-0.023003
0.298200	-0.023003
0.298300	-0.023003
0.298400	-0.023004
0.298500	-0.023004
0.298600	-0.023004
0.298700	-0.023004
0.298800	-0.023004
0.298900	-0.023005
0.299000	-0.023005
0.299100	-0.023005
0.299200	-0.023005
0.299300	-0.023005
0.299400	-0.023006
0.299500	-0.023006
0.299600	-0.023006
0.299700	-0.023006
0.299800	-0.023006
0.299900	-0.023007
0.300000	-0.023007
