# Sandbox Data | Context: 101 | Index: 3 | Label: Sim CD-等{/:Italic p}排水三轴试验
# Column_1: X_Axis	Column_2: Y_Axis
100.000000	2.016691
100.000000	4.013874
100.000000	5.988177
100.000000	7.936802
100.000000	9.857408
100.000000	11.748072
100.000000	13.607270
100.000000	15.433845
100.000000	17.226972
100.000000	18.986126
100.000000	20.711046
100.000000	22.401695
100.000000	24.058231
100.000000	25.680971
100.000000	27.270364
100.000000	28.826965
100.000000	30.351412
100.000000	31.844406
100.000000	33.306695
100.000000	34.739059
100.000000	36.142296
100.000000	37.517218
100.000000	38.864637
100.000000	40.185360
100.000000	41.480187
100.000000	42.749901
100.000000	43.995271
100.000000	45.217045
100.000000	46.415952
100.000000	47.592697
100.000000	48.747963
100.000000	49.882410
100.000000	50.996674
100.000000	52.091368
100.000000	53.167082
100.000000	54.224385
100.000000	55.263821
100.000000	56.285915
100.000000	57.291171
100.000000	58.280071
100.000000	59.253081
100.000000	60.210645
100.000000	61.153191
100.000000	62.081131
100.000000	62.994857
100.000000	63.894749
100.000000	64.781170
100.000000	65.654469
100.000000	66.514982
100.000000	67.363030
100.000000	68.198924
100.000000	69.022961
100.000000	69.835428
100.000000	70.636600
100.000000	71.426743
100.000000	72.206111
100.000000	72.974950
100.000000	73.733499
100.000000	74.481983
100.000000	75.220624
100.000000	75.949634
100.000000	76.669216
100.000000	77.379570
100.000000	78.080885
100.000000	78.773345
100.000000	79.457128
100.000000	80.132407
100.000000	80.799347
100.000000	81.458109
100.000000	82.108848
100.000000	82.751715
100.000000	83.386856
100.000000	84.014411
100.000000	84.634517
100.000000	85.247307
100.000000	85.852909
100.000000	86.451447
100.000000	87.043043
100.000000	87.627813
100.000000	88.205871
100.000000	88.777328
100.000000	89.342291
100.000000	89.900864
100.000000	90.453149
100.000000	90.999245
100.000000	91.539246
100.000000	92.073247
100.000000	92.601338
100.000000	93.123607
100.000000	93.640141
100.000000	94.151023
100.000000	94.656336
100.000000	95.156158
100.000000	95.650567
100.000000	96.139639
100.000000	96.623447
100.000000	97.102065
100.000000	97.575561
100.000000	98.044005
100.000000	98.507464
100.000000	98.966003
100.000000	99.419686
100.000000	99.868576
100.000000	100.312734
100.000000	100.752219
100.000000	101.187090
100.000000	101.617404
100.000000	102.043218
100.000000	102.464585
100.000000	102.881560
100.000000	103.294195
100.000000	103.702541
100.000000	104.106650
100.000000	104.506569
100.000000	104.902349
100.000000	105.294035
100.000000	105.681675
100.000000	106.065315
100.000000	106.444998
100.000000	106.820770
100.000000	107.192673
100.000000	107.560749
100.000000	107.925040
100.000000	108.285588
100.000000	108.642431
100.000000	108.995609
100.000000	109.345162
100.000000	109.691127
100.000000	110.033541
100.000000	110.372442
100.000000	110.707865
100.000000	111.039846
100.000000	111.368421
100.000000	111.693623
100.000000	112.015486
100.000000	112.334044
100.000000	112.649329
100.000000	112.961374
100.000000	113.270212
100.000000	113.575872
100.000000	113.878386
100.000000	114.177784
100.000000	114.474097
100.000000	114.767354
100.000000	115.057584
100.000000	115.344816
100.000000	115.629078
100.000000	115.910398
100.000000	116.188804
100.000000	116.464322
100.000000	116.736981
100.000000	117.006805
100.000000	117.273821
100.000000	117.538056
100.000000	117.799533
100.000000	118.058280
100.000000	118.314319
100.000000	118.567677
100.000000	118.818376
100.000000	119.066441
100.000000	119.311896
100.000000	119.554763
100.000000	119.795066
100.000000	120.032828
100.000000	120.268071
100.000000	120.500817
100.000000	120.731088
100.000000	120.958906
100.000000	121.184293
100.000000	121.407269
100.000000	121.627856
100.000000	121.846075
100.000000	122.061945
100.000000	122.275488
100.000000	122.486723
100.000000	122.695671
100.000000	122.902350
100.000000	123.106781
100.000000	123.308983
100.000000	123.508975
100.000000	123.706775
100.000000	123.902403
100.000000	124.095877
100.000000	124.287214
100.000000	124.476435
100.000000	124.663555
100.000000	124.848594
100.000000	125.031568
100.000000	125.212495
100.000000	125.391393
100.000000	125.568278
100.000000	125.743167
100.000000	125.916078
100.000000	126.087026
100.000000	126.256029
100.000000	126.423103
100.000000	126.588263
100.000000	126.751526
100.000000	126.912907
100.000000	127.072423
100.000000	127.230089
100.000000	127.385921
100.000000	127.539933
100.000000	127.692141
100.000000	127.842560
100.000000	127.991205
100.000000	128.138090
100.000000	128.283231
100.000000	128.426642
100.000000	128.568337
100.000000	128.708330
100.000000	128.846636
100.000000	128.983269
100.000000	129.118243
100.000000	129.251571
100.000000	129.383267
100.000000	129.513345
100.000000	129.641818
100.000000	129.768700
100.000000	129.894003
100.000000	130.017742
100.000000	130.139928
100.000000	130.260576
100.000000	130.379697
100.000000	130.497304
100.000000	130.613411
100.000000	130.728029
100.000000	130.841171
100.000000	130.952849
100.000000	131.063075
100.000000	131.171862
100.000000	131.279222
100.000000	131.385167
100.000000	131.489707
100.000000	131.592856
100.000000	131.694624
100.000000	131.795024
100.000000	131.894066
100.000000	131.991763
100.000000	132.088124
100.000000	132.183163
100.000000	132.276889
100.000000	132.369313
100.000000	132.460448
100.000000	132.550302
100.000000	132.638888
100.000000	132.726216
100.000000	132.812297
100.000000	132.897140
100.000000	132.980757
100.000000	133.063158
100.000000	133.144353
100.000000	133.224352
100.000000	133.303165
100.000000	133.380803
100.000000	133.457276
100.000000	133.532593
100.000000	133.606764
100.000000	133.679799
100.000000	133.751707
100.000000	133.822499
100.000000	133.892183
100.000000	133.960769
100.000000	134.028267
100.000000	134.094685
100.000000	134.160034
100.000000	134.224322
100.000000	134.287558
100.000000	134.349751
100.000000	134.410911
100.000000	134.471046
100.000000	134.530164
100.000000	134.588276
100.000000	134.645389
100.000000	134.701512
100.000000	134.756653
100.000000	134.810822
100.000000	134.864026
100.000000	134.916274
100.000000	134.967574
100.000000	135.017934
100.000000	135.067363
100.000000	135.115869
100.000000	135.163460
100.000000	135.210143
100.000000	135.255927
100.000000	135.300819
100.000000	135.344828
100.000000	135.387961
100.000000	135.430226
100.000000	135.471630
100.000000	135.512181
100.000000	135.551886
100.000000	135.590754
100.000000	135.628791
100.000000	135.666004
100.000000	135.702402
100.000000	135.737991
100.000000	135.772778
100.000000	135.806771
100.000000	135.839976
100.000000	135.872401
100.000000	135.904053
100.000000	135.934938
100.000000	135.965064
100.000000	135.994436
100.000000	136.023063
100.000000	136.050950
100.000000	136.078104
100.000000	136.104532
100.000000	136.130241
100.000000	136.155237
100.000000	136.179526
100.000000	136.203114
100.000000	136.226009
100.000000	136.248216
100.000000	136.269742
100.000000	136.290592
100.000000	136.310774
100.000000	136.330292
100.000000	136.349154
100.000000	136.367365
100.000000	136.384931
100.000000	136.401858
100.000000	136.418152
100.000000	136.433819
100.000000	136.448864
100.000000	136.463293
100.000000	136.477113
100.000000	136.490328
100.000000	136.502944
100.000000	136.514967
100.000000	136.526402
100.000000	136.537256
100.000000	136.547532
100.000000	136.557237
100.000000	136.566375
100.000000	136.574953
100.000000	136.582976
100.000000	136.590448
100.000000	136.597375
100.000000	136.603762
100.000000	136.609614
100.000000	136.614936
100.000000	136.619733
100.000000	136.624011
100.000000	136.627774
100.000000	136.631026
100.000000	136.633774
100.000000	136.636021
100.000000	136.637773
100.000000	136.639034
100.000000	136.639808
100.000000	136.640102
100.000000	136.639918
100.000000	136.639263
100.000000	136.638140
100.000000	136.636553
100.000000	136.634509
100.000000	136.632010
100.000000	136.629061
100.000000	136.625667
100.000000	136.621832
100.000000	136.617560
100.000000	136.612856
100.000000	136.607724
100.000000	136.602167
100.000000	136.596191
100.000000	136.589800
100.000000	136.582997
100.000000	136.575786
100.000000	136.568172
100.000000	136.560158
100.000000	136.551749
100.000000	136.542949
100.000000	136.533761
100.000000	136.524189
100.000000	136.514238
100.000000	136.503910
100.000000	136.493210
100.000000	136.482142
100.000000	136.470709
100.000000	136.458915
100.000000	136.446763
100.000000	136.434258
100.000000	136.421402
100.000000	136.408200
100.000000	136.394655
100.000000	136.380770
100.000000	136.366549
100.000000	136.351996
100.000000	136.337114
100.000000	136.321906
100.000000	136.306375
100.000000	136.290525
100.000000	136.274360
100.000000	136.257883
100.000000	136.241096
100.000000	136.224003
100.000000	136.206608
100.000000	136.188913
100.000000	136.170922
100.000000	136.152637
100.000000	136.134063
100.000000	136.115201
100.000000	136.096056
100.000000	136.076629
100.000000	136.056925
100.000000	136.036946
100.000000	136.016695
100.000000	135.996174
100.000000	135.975388
100.000000	135.954338
100.000000	135.933028
100.000000	135.911460
100.000000	135.889638
100.000000	135.867564
100.000000	135.845240
100.000000	135.822670
100.000000	135.799856
100.000000	135.776802
100.000000	135.753508
100.000000	135.729980
100.000000	135.706218
100.000000	135.682225
100.000000	135.658005
100.000000	135.633559
100.000000	135.608891
100.000000	135.584002
100.000000	135.558895
100.000000	135.533574
100.000000	135.508039
100.000000	135.482294
100.000000	135.456341
100.000000	135.430182
100.000000	135.403821
100.000000	135.377258
100.000000	135.350497
100.000000	135.323539
100.000000	135.296388
100.000000	135.269045
100.000000	135.241513
100.000000	135.213793
100.000000	135.185889
100.000000	135.157802
100.000000	135.129535
100.000000	135.101089
100.000000	135.072466
100.000000	135.043670
100.000000	135.014702
100.000000	134.985564
100.000000	134.956258
100.000000	134.926786
100.000000	134.897150
100.000000	134.867353
100.000000	134.837396
100.000000	134.807281
100.000000	134.777011
100.000000	134.746587
100.000000	134.716010
100.000000	134.685284
100.000000	134.654410
100.000000	134.623390
100.000000	134.592225
100.000000	134.560918
100.000000	134.529470
100.000000	134.497884
100.000000	134.466160
100.000000	134.434301
100.000000	134.402309
100.000000	134.370185
100.000000	134.337932
100.000000	134.305550
100.000000	134.273041
100.000000	134.240408
100.000000	134.207652
100.000000	134.174774
100.000000	134.141777
100.000000	134.108661
100.000000	134.075429
100.000000	134.042082
100.000000	134.008621
100.000000	133.975049
100.000000	133.941367
100.000000	133.907576
100.000000	133.873678
100.000000	133.839675
100.000000	133.805568
100.000000	133.771358
100.000000	133.737047
100.000000	133.702636
100.000000	133.668128
100.000000	133.633523
100.000000	133.598822
100.000000	133.564028
100.000000	133.529142
100.000000	133.494165
100.000000	133.459098
100.000000	133.423943
100.000000	133.388701
100.000000	133.353374
100.000000	133.317962
100.000000	133.282468
100.000000	133.246892
100.000000	133.211236
100.000000	133.175501
100.000000	133.139689
100.000000	133.103800
100.000000	133.067837
100.000000	133.031799
100.000000	132.995689
100.000000	132.959507
100.000000	132.923256
100.000000	132.886935
100.000000	132.850547
100.000000	132.814092
100.000000	132.777571
100.000000	132.740987
100.000000	132.704339
100.000000	132.667630
100.000000	132.630859
100.000000	132.594029
100.000000	132.557141
100.000000	132.520194
100.000000	132.483192
100.000000	132.446134
100.000000	132.409022
100.000000	132.371857
100.000000	132.334640
100.000000	132.297371
100.000000	132.260053
100.000000	132.222685
100.000000	132.185270
100.000000	132.147807
100.000000	132.110299
100.000000	132.072746
100.000000	132.035148
100.000000	131.997507
100.000000	131.959825
100.000000	131.922101
100.000000	131.884337
100.000000	131.846534
100.000000	131.808692
100.000000	131.770813
100.000000	131.732897
100.000000	131.694946
100.000000	131.656960
100.000000	131.618940
100.000000	131.580888
100.000000	131.542803
100.000000	131.504687
100.000000	131.466540
100.000000	131.428364
100.000000	131.390159
100.000000	131.351927
100.000000	131.313667
100.000000	131.275381
100.000000	131.237070
100.000000	131.198734
100.000000	131.160374
100.000000	131.121991
100.000000	131.083586
100.000000	131.045160
100.000000	131.006712
100.000000	130.968245
100.000000	130.929758
100.000000	130.891253
100.000000	130.852730
100.000000	130.814190
100.000000	130.775634
100.000000	130.737062
100.000000	130.698476
100.000000	130.659875
100.000000	130.621261
100.000000	130.582633
100.000000	130.543994
100.000000	130.505343
100.000000	130.466682
100.000000	130.428010
100.000000	130.389329
100.000000	130.350639
100.000000	130.311941
100.000000	130.273235
100.000000	130.234523
100.000000	130.195804
100.000000	130.157080
100.000000	130.118350
100.000000	130.079616
100.000000	130.040879
100.000000	130.002138
100.000000	129.963394
100.000000	129.924648
100.000000	129.885901
100.000000	129.847153
100.000000	129.808405
100.000000	129.769657
100.000000	129.730909
100.000000	129.692163
100.000000	129.653419
100.000000	129.614677
100.000000	129.575939
100.000000	129.537204
100.000000	129.498472
100.000000	129.459746
100.000000	129.421024
100.000000	129.382308
100.000000	129.343598
100.000000	129.304895
100.000000	129.266198
100.000000	129.227510
100.000000	129.188829
100.000000	129.150157
100.000000	129.111493
100.000000	129.072840
100.000000	129.034196
100.000000	128.995563
100.000000	128.956940
100.000000	128.918329
100.000000	128.879730
100.000000	128.841143
100.000000	128.802568
100.000000	128.764007
100.000000	128.725459
100.000000	128.686925
100.000000	128.648405
100.000000	128.609900
100.000000	128.571411
100.000000	128.532937
100.000000	128.494479
100.000000	128.456038
100.000000	128.417613
100.000000	128.379205
100.000000	128.340816
100.000000	128.302444
100.000000	128.264090
100.000000	128.225755
100.000000	128.187440
100.000000	128.149144
100.000000	128.110867
100.000000	128.072611
100.000000	128.034376
100.000000	127.996161
100.000000	127.957968
100.000000	127.919797
100.000000	127.881647
100.000000	127.843520
100.000000	127.805415
100.000000	127.767333
100.000000	127.729275
100.000000	127.691240
100.000000	127.653230
100.000000	127.615243
100.000000	127.577282
100.000000	127.539345
100.000000	127.501433
100.000000	127.463547
100.000000	127.425687
100.000000	127.387853
100.000000	127.350045
100.000000	127.312264
100.000000	127.274510
100.000000	127.236783
100.000000	127.199084
100.000000	127.161413
100.000000	127.123770
100.000000	127.086156
100.000000	127.048570
100.000000	127.011013
100.000000	126.973485
100.000000	126.935987
100.000000	126.898519
100.000000	126.861080
100.000000	126.823672
100.000000	126.786295
100.000000	126.748948
100.000000	126.711632
100.000000	126.674347
100.000000	126.637094
100.000000	126.599873
100.000000	126.562683
100.000000	126.525526
100.000000	126.488401
100.000000	126.451309
100.000000	126.414250
100.000000	126.377224
100.000000	126.340231
100.000000	126.303272
100.000000	126.266347
100.000000	126.229455
100.000000	126.192598
100.000000	126.155775
100.000000	126.118986
100.000000	126.082233
100.000000	126.045514
100.000000	126.008831
100.000000	125.972183
100.000000	125.935570
100.000000	125.898994
100.000000	125.862453
100.000000	125.825948
100.000000	125.789480
100.000000	125.753048
100.000000	125.716653
100.000000	125.680295
100.000000	125.643974
100.000000	125.607690
100.000000	125.571443
100.000000	125.535234
100.000000	125.499062
100.000000	125.462929
100.000000	125.426833
100.000000	125.390776
100.000000	125.354757
100.000000	125.318777
100.000000	125.282835
100.000000	125.246932
100.000000	125.211068
100.000000	125.175243
100.000000	125.139458
100.000000	125.103711
100.000000	125.068005
100.000000	125.032338
100.000000	124.996711
100.000000	124.961123
100.000000	124.925576
100.000000	124.890069
100.000000	124.854603
100.000000	124.819177
100.000000	124.783791
100.000000	124.748447
100.000000	124.713143
100.000000	124.677880
100.000000	124.642658
100.000000	124.607478
100.000000	124.572338
100.000000	124.537241
100.000000	124.502185
100.000000	124.467170
100.000000	124.432198
100.000000	124.397267
100.000000	124.362378
100.000000	124.327531
100.000000	124.292727
100.000000	124.257965
100.000000	124.223245
100.000000	124.188568
100.000000	124.153934
100.000000	124.119342
100.000000	124.084793
100.000000	124.050287
100.000000	124.015824
100.000000	123.981404
100.000000	123.947027
100.000000	123.912693
100.000000	123.878403
100.000000	123.844157
100.000000	123.809953
100.000000	123.775794
100.000000	123.741678
100.000000	123.707606
100.000000	123.673577
100.000000	123.639593
100.000000	123.605653
100.000000	123.571756
100.000000	123.537904
100.000000	123.504096
100.000000	123.470333
100.000000	123.436613
100.000000	123.402938
100.000000	123.369308
100.000000	123.335722
100.000000	123.302181
100.000000	123.268685
100.000000	123.235233
100.000000	123.201826
100.000000	123.168464
100.000000	123.135146
100.000000	123.101874
100.000000	123.068647
100.000000	123.035465
100.000000	123.002328
100.000000	122.969236
100.000000	122.936190
100.000000	122.903189
100.000000	122.870233
100.000000	122.837322
100.000000	122.804457
100.000000	122.771638
100.000000	122.738864
100.000000	122.706135
100.000000	122.673453
100.000000	122.640816
100.000000	122.608224
100.000000	122.575679
100.000000	122.543179
100.000000	122.510725
100.000000	122.478316
100.000000	122.445954
100.000000	122.413638
100.000000	122.381367
100.000000	122.349143
100.000000	122.316964
100.000000	122.284832
100.000000	122.252746
100.000000	122.220706
100.000000	122.188712
100.000000	122.156764
100.000000	122.124862
100.000000	122.093007
100.000000	122.061198
100.000000	122.029435
100.000000	121.997718
100.000000	121.966048
100.000000	121.934424
100.000000	121.902847
100.000000	121.871316
100.000000	121.839831
100.000000	121.808393
100.000000	121.777001
100.000000	121.745655
100.000000	121.714357
100.000000	121.683104
100.000000	121.651898
100.000000	121.620739
100.000000	121.589626
100.000000	121.558559
100.000000	121.527540
100.000000	121.496566
100.000000	121.465640
100.000000	121.434760
100.000000	121.403926
100.000000	121.373139
100.000000	121.342399
100.000000	121.311705
100.000000	121.281058
100.000000	121.250458
100.000000	121.219904
100.000000	121.189397
100.000000	121.158936
100.000000	121.128522
100.000000	121.098155
100.000000	121.067834
100.000000	121.037560
100.000000	121.007333
100.000000	120.977152
100.000000	120.947018
100.000000	120.916931
100.000000	120.886890
100.000000	120.856895
100.000000	120.826948
100.000000	120.797047
100.000000	120.767192
100.000000	120.737385
100.000000	120.707623
100.000000	120.677909
100.000000	120.648241
100.000000	120.618619
100.000000	120.589045
100.000000	120.559516
100.000000	120.530035
100.000000	120.500599
100.000000	120.471211
100.000000	120.441868
100.000000	120.412573
100.000000	120.383324
100.000000	120.354121
100.000000	120.324965
100.000000	120.295855
100.000000	120.266792
100.000000	120.237775
100.000000	120.208804
100.000000	120.179880
100.000000	120.151002
100.000000	120.122171
100.000000	120.093386
100.000000	120.064647
100.000000	120.035955
100.000000	120.007308
100.000000	119.978708
100.000000	119.950155
100.000000	119.921647
100.000000	119.893186
100.000000	119.864771
100.000000	119.836402
100.000000	119.808080
100.000000	119.779803
100.000000	119.751572
100.000000	119.723388
100.000000	119.695249
100.000000	119.667157
100.000000	119.639111
100.000000	119.611110
100.000000	119.583156
100.000000	119.555247
100.000000	119.527385
100.000000	119.499568
100.000000	119.471797
100.000000	119.444072
100.000000	119.416392
100.000000	119.388759
100.000000	119.361171
100.000000	119.333629
100.000000	119.306133
100.000000	119.278682
100.000000	119.251277
100.000000	119.223917
100.000000	119.196603
100.000000	119.169334
100.000000	119.142111
100.000000	119.114934
100.000000	119.087802
100.000000	119.060715
100.000000	119.033673
100.000000	119.006677
100.000000	118.979727
100.000000	118.952821
100.000000	118.925961
100.000000	118.899146
100.000000	118.872376
100.000000	118.845651
100.000000	118.818972
100.000000	118.792337
100.000000	118.765747
100.000000	118.739203
100.000000	118.712703
100.000000	118.686249
100.000000	118.659839
100.000000	118.633474
100.000000	118.607154
100.000000	118.580878
100.000000	118.554647
100.000000	118.528461
100.000000	118.502320
100.000000	118.476223
100.000000	118.450171
100.000000	118.424164
100.000000	118.398201
100.000000	118.372282
100.000000	118.346408
100.000000	118.320578
100.000000	118.294792
100.000000	118.269051
100.000000	118.243354
100.000000	118.217702
100.000000	118.192093
100.000000	118.166529
100.000000	118.141008
100.000000	118.115532
100.000000	118.090100
100.000000	118.064711
100.000000	118.039367
100.000000	118.014067
100.000000	117.988810
100.000000	117.963597
100.000000	117.938428
100.000000	117.913303
100.000000	117.888221
100.000000	117.863183
100.000000	117.838188
100.000000	117.813237
100.000000	117.788330
100.000000	117.763466
100.000000	117.738645
100.000000	117.713868
100.000000	117.689134
100.000000	117.664443
100.000000	117.639795
100.000000	117.615191
100.000000	117.590630
100.000000	117.566112
100.000000	117.541637
100.000000	117.517205
100.000000	117.492815
100.000000	117.468469
100.000000	117.444166
100.000000	117.419905
100.000000	117.395687
100.000000	117.371512
100.000000	117.347380
100.000000	117.323290
100.000000	117.299242
100.000000	117.275237
100.000000	117.251275
100.000000	117.227355
100.000000	117.203478
100.000000	117.179642
100.000000	117.155849
100.000000	117.132099
100.000000	117.108390
100.000000	117.084724
100.000000	117.061099
100.000000	117.037517
100.000000	117.013977
100.000000	116.990478
100.000000	116.967022
100.000000	116.943607
100.000000	116.920234
100.000000	116.896903
100.000000	116.873613
100.000000	116.850365
100.000000	116.827159
100.000000	116.803994
100.000000	116.780871
100.000000	116.757789
100.000000	116.734748
100.000000	116.711749
100.000000	116.688791
100.000000	116.665875
100.000000	116.642999
100.000000	116.620165
100.000000	116.597371
100.000000	116.574619
100.000000	116.551908
100.000000	116.529237
100.000000	116.506608
100.000000	116.484019
100.000000	116.461471
100.000000	116.438964
100.000000	116.416497
100.000000	116.394071
100.000000	116.371686
100.000000	116.349341
100.000000	116.327036
100.000000	116.304772
100.000000	116.282548
100.000000	116.260365
100.000000	116.238221
100.000000	116.216118
100.000000	116.194055
100.000000	116.172032
100.000000	116.150049
100.000000	116.128107
100.000000	116.106204
100.000000	116.084340
100.000000	116.062517
100.000000	116.040734
100.000000	116.018990
100.000000	115.997286
100.000000	115.975621
100.000000	115.953996
100.000000	115.932410
100.000000	115.910864
100.000000	115.889357
100.000000	115.867890
100.000000	115.846462
100.000000	115.825073
100.000000	115.803723
100.000000	115.782413
100.000000	115.761141
100.000000	115.739908
100.000000	115.718715
100.000000	115.697560
100.000000	115.676444
100.000000	115.655367
100.000000	115.634329
100.000000	115.613329
100.000000	115.592368
100.000000	115.571446
100.000000	115.550562
100.000000	115.529716
100.000000	115.508909
100.000000	115.488140
100.000000	115.467410
100.000000	115.446718
100.000000	115.426064
100.000000	115.405448
100.000000	115.384870
100.000000	115.364330
100.000000	115.343828
100.000000	115.323364
100.000000	115.302938
100.000000	115.282550
100.000000	115.262200
100.000000	115.241887
100.000000	115.221612
100.000000	115.201374
100.000000	115.181174
100.000000	115.161012
100.000000	115.140887
100.000000	115.120799
100.000000	115.100749
100.000000	115.080735
100.000000	115.060759
100.000000	115.040821
100.000000	115.020919
100.000000	115.001054
100.000000	114.981227
100.000000	114.961436
100.000000	114.941682
100.000000	114.921965
100.000000	114.902285
100.000000	114.882641
100.000000	114.863034
100.000000	114.843464
100.000000	114.823930
100.000000	114.804432
100.000000	114.784972
100.000000	114.765547
100.000000	114.746159
100.000000	114.726807
100.000000	114.707491
100.000000	114.688212
100.000000	114.668968
100.000000	114.649761
100.000000	114.630589
100.000000	114.611454
100.000000	114.592354
100.000000	114.573290
100.000000	114.554262
100.000000	114.535270
100.000000	114.516314
100.000000	114.497393
100.000000	114.478507
100.000000	114.459657
100.000000	114.440843
100.000000	114.422063
100.000000	114.403320
100.000000	114.384611
100.000000	114.365938
100.000000	114.347300
100.000000	114.328697
100.000000	114.310129
100.000000	114.291596
100.000000	114.273098
100.000000	114.254634
100.000000	114.236206
100.000000	114.217813
100.000000	114.199454
100.000000	114.181130
100.000000	114.162840
100.000000	114.144585
100.000000	114.126365
100.000000	114.108179
100.000000	114.090027
100.000000	114.071910
100.000000	114.053827
100.000000	114.035778
100.000000	114.017764
100.000000	113.999783
100.000000	113.981837
100.000000	113.963925
100.000000	113.946046
100.000000	113.928202
100.000000	113.910391
100.000000	113.892614
100.000000	113.874871
100.000000	113.857162
100.000000	113.839486
100.000000	113.821844
100.000000	113.804235
100.000000	113.786660
100.000000	113.769118
100.000000	113.751610
100.000000	113.734135
100.000000	113.716693
100.000000	113.699285
100.000000	113.681909
100.000000	113.664567
100.000000	113.647257
100.000000	113.629981
100.000000	113.612738
100.000000	113.595527
100.000000	113.578349
100.000000	113.561204
100.000000	113.544092
100.000000	113.527013
100.000000	113.509966
100.000000	113.492951
100.000000	113.475969
100.000000	113.459020
100.000000	113.442103
100.000000	113.425218
100.000000	113.408366
100.000000	113.391545
100.000000	113.374757
100.000000	113.358001
100.000000	113.341278
100.000000	113.324586
100.000000	113.307926
100.000000	113.291298
100.000000	113.274702
100.000000	113.258138
100.000000	113.241605
100.000000	113.225104
100.000000	113.208635
100.000000	113.192197
100.000000	113.175791
100.000000	113.159417
100.000000	113.143074
100.000000	113.126762
100.000000	113.110482
100.000000	113.094232
100.000000	113.078014
100.000000	113.061828
100.000000	113.045672
100.000000	113.029547
100.000000	113.013454
100.000000	112.997391
100.000000	112.981360
100.000000	112.965359
100.000000	112.949389
100.000000	112.933450
100.000000	112.917541
100.000000	112.901663
100.000000	112.885816
100.000000	112.869999
100.000000	112.854213
100.000000	112.838457
100.000000	112.822731
100.000000	112.807036
100.000000	112.791371
100.000000	112.775737
100.000000	112.760132
100.000000	112.744558
100.000000	112.729014
100.000000	112.713499
100.000000	112.698015
100.000000	112.682561
100.000000	112.667136
100.000000	112.651742
100.000000	112.636377
100.000000	112.621041
100.000000	112.605736
100.000000	112.590460
100.000000	112.575214
100.000000	112.559997
100.000000	112.544809
100.000000	112.529652
100.000000	112.514523
100.000000	112.499424
100.000000	112.484354
100.000000	112.469313
100.000000	112.454301
100.000000	112.439318
100.000000	112.424365
100.000000	112.409440
100.000000	112.394545
100.000000	112.379678
100.000000	112.364840
100.000000	112.350031
100.000000	112.335251
100.000000	112.320499
100.000000	112.305776
100.000000	112.291082
100.000000	112.276416
100.000000	112.261779
100.000000	112.247170
100.000000	112.232590
100.000000	112.218037
100.000000	112.203514
100.000000	112.189018
100.000000	112.174551
100.000000	112.160112
100.000000	112.145700
100.000000	112.131317
100.000000	112.116962
100.000000	112.102635
100.000000	112.088336
100.000000	112.074065
100.000000	112.059821
100.000000	112.045605
100.000000	112.031417
100.000000	112.017257
100.000000	112.003124
100.000000	111.989019
100.000000	111.974941
100.000000	111.960891
100.000000	111.946868
100.000000	111.932872
100.000000	111.918904
100.000000	111.904963
100.000000	111.891049
100.000000	111.877163
100.000000	111.863303
100.000000	111.849471
100.000000	111.835666
100.000000	111.821887
100.000000	111.808136
100.000000	111.794411
100.000000	111.780714
100.000000	111.767043
100.000000	111.753398
100.000000	111.739781
100.000000	111.726190
100.000000	111.712626
100.000000	111.699088
100.000000	111.685577
100.000000	111.672092
100.000000	111.658633
100.000000	111.645201
100.000000	111.631796
100.000000	111.618416
100.000000	111.605063
100.000000	111.591736
100.000000	111.578435
100.000000	111.565160
100.000000	111.551911
100.000000	111.538688
100.000000	111.525491
100.000000	111.512320
100.000000	111.499175
100.000000	111.486055
100.000000	111.472961
100.000000	111.459893
100.000000	111.446851
100.000000	111.433834
100.000000	111.420843
100.000000	111.407877
100.000000	111.394937
100.000000	111.382022
100.000000	111.369132
100.000000	111.356268
100.000000	111.343429
100.000000	111.330616
100.000000	111.317827
100.000000	111.305064
100.000000	111.292326
100.000000	111.279613
100.000000	111.266924
100.000000	111.254261
100.000000	111.241623
100.000000	111.229009
100.000000	111.216421
100.000000	111.203857
100.000000	111.191318
100.000000	111.178804
100.000000	111.166314
100.000000	111.153849
100.000000	111.141408
100.000000	111.128992
100.000000	111.116600
100.000000	111.104233
100.000000	111.091890
100.000000	111.079571
100.000000	111.067277
100.000000	111.055007
100.000000	111.042761
100.000000	111.030540
100.000000	111.018342
100.000000	111.006169
100.000000	110.994019
100.000000	110.981893
100.000000	110.969792
100.000000	110.957714
100.000000	110.945660
100.000000	110.933630
100.000000	110.921624
100.000000	110.909641
100.000000	110.897682
100.000000	110.885747
100.000000	110.873835
100.000000	110.861947
100.000000	110.850082
100.000000	110.838241
100.000000	110.826423
100.000000	110.814628
100.000000	110.802857
100.000000	110.791109
100.000000	110.779384
100.000000	110.767683
100.000000	110.756005
100.000000	110.744349
100.000000	110.732717
100.000000	110.721108
100.000000	110.709522
100.000000	110.697958
100.000000	110.686418
100.000000	110.674900
100.000000	110.663405
100.000000	110.651933
100.000000	110.640484
100.000000	110.629057
100.000000	110.617653
100.000000	110.606272
100.000000	110.594913
100.000000	110.583577
100.000000	110.572263
100.000000	110.560971
100.000000	110.549702
100.000000	110.538456
100.000000	110.527231
100.000000	110.516029
100.000000	110.504849
100.000000	110.493691
100.000000	110.482555
100.000000	110.471442
100.000000	110.460350
100.000000	110.449281
100.000000	110.438233
100.000000	110.427207
100.000000	110.416204
100.000000	110.405222
100.000000	110.394262
100.000000	110.383323
100.000000	110.372407
100.000000	110.361512
100.000000	110.350638
100.000000	110.339787
100.000000	110.328957
100.000000	110.318148
100.000000	110.307361
100.000000	110.296595
100.000000	110.285851
100.000000	110.275128
100.000000	110.264426
100.000000	110.253746
100.000000	110.243086
100.000000	110.232448
100.000000	110.221832
100.000000	110.211236
100.000000	110.200661
100.000000	110.190108
100.000000	110.179575
100.000000	110.169063
100.000000	110.158573
100.000000	110.148103
100.000000	110.137654
100.000000	110.127226
100.000000	110.116818
100.000000	110.106432
100.000000	110.096065
100.000000	110.085720
100.000000	110.075395
100.000000	110.065091
100.000000	110.054807
100.000000	110.044544
100.000000	110.034301
100.000000	110.024079
100.000000	110.013877
100.000000	110.003695
100.000000	109.993534
100.000000	109.983393
100.000000	109.973272
100.000000	109.963171
100.000000	109.953091
100.000000	109.943030
100.000000	109.932990
100.000000	109.922969
100.000000	109.912969
100.000000	109.902988
100.000000	109.893028
100.000000	109.883087
100.000000	109.873166
100.000000	109.863265
100.000000	109.853384
100.000000	109.843522
100.000000	109.833680
100.000000	109.823858
100.000000	109.814055
100.000000	109.804272
100.000000	109.794509
100.000000	109.784765
100.000000	109.775040
100.000000	109.765335
100.000000	109.755649
100.000000	109.745983
100.000000	109.736336
100.000000	109.726708
100.000000	109.717099
100.000000	109.707510
100.000000	109.697940
100.000000	109.688389
100.000000	109.678857
100.000000	109.669344
100.000000	109.659850
100.000000	109.650375
100.000000	109.640919
100.000000	109.631482
100.000000	109.622064
100.000000	109.612664
100.000000	109.603284
100.000000	109.593922
100.000000	109.584579
100.000000	109.575254
100.000000	109.565949
100.000000	109.556661
100.000000	109.547393
100.000000	109.538143
100.000000	109.528912
100.000000	109.519699
100.000000	109.510504
100.000000	109.501328
100.000000	109.492170
100.000000	109.483031
100.000000	109.473910
100.000000	109.464807
100.000000	109.455722
100.000000	109.446656
100.000000	109.437607
100.000000	109.428577
100.000000	109.419565
100.000000	109.410571
100.000000	109.401595
100.000000	109.392637
100.000000	109.383697
100.000000	109.374775
100.000000	109.365871
100.000000	109.356985
100.000000	109.348116
100.000000	109.339265
100.000000	109.330432
100.000000	109.321617
100.000000	109.312819
100.000000	109.304039
100.000000	109.295277
100.000000	109.286532
100.000000	109.277805
100.000000	109.269095
100.000000	109.260403
100.000000	109.251728
100.000000	109.243071
100.000000	109.234431
100.000000	109.225808
100.000000	109.217202
100.000000	109.208614
100.000000	109.200043
100.000000	109.191490
100.000000	109.182953
100.000000	109.174434
100.000000	109.165932
100.000000	109.157446
100.000000	109.148978
100.000000	109.140527
100.000000	109.132093
100.000000	109.123676
100.000000	109.115275
100.000000	109.106892
100.000000	109.098525
100.000000	109.090176
100.000000	109.081842
100.000000	109.073526
100.000000	109.065227
100.000000	109.056944
100.000000	109.048678
100.000000	109.040428
100.000000	109.032195
100.000000	109.023978
100.000000	109.015778
100.000000	109.007595
100.000000	108.999428
100.000000	108.991277
100.000000	108.983143
100.000000	108.975025
100.000000	108.966924
100.000000	108.958839
100.000000	108.950770
100.000000	108.942717
100.000000	108.934680
100.000000	108.926660
100.000000	108.918656
100.000000	108.910668
100.000000	108.902696
100.000000	108.894740
100.000000	108.886800
100.000000	108.878876
100.000000	108.870968
100.000000	108.863075
100.000000	108.855199
100.000000	108.847339
100.000000	108.839494
100.000000	108.831666
100.000000	108.823853
100.000000	108.816055
100.000000	108.808274
100.000000	108.800508
100.000000	108.792758
100.000000	108.785023
100.000000	108.777304
100.000000	108.769600
100.000000	108.761912
100.000000	108.754240
100.000000	108.746583
100.000000	108.738941
100.000000	108.731315
100.000000	108.723704
100.000000	108.716109
100.000000	108.708528
100.000000	108.700964
100.000000	108.693414
100.000000	108.685879
100.000000	108.678360
100.000000	108.670856
100.000000	108.663367
100.000000	108.655893
100.000000	108.648434
100.000000	108.640991
100.000000	108.633562
100.000000	108.626148
100.000000	108.618749
100.000000	108.611365
100.000000	108.603996
100.000000	108.596642
100.000000	108.589303
100.000000	108.581979
100.000000	108.574669
100.000000	108.567374
100.000000	108.560094
100.000000	108.552828
100.000000	108.545577
100.000000	108.538341
100.000000	108.531119
100.000000	108.523912
100.000000	108.516720
100.000000	108.509542
100.000000	108.502378
100.000000	108.495229
100.000000	108.488095
100.000000	108.480974
100.000000	108.473869
100.000000	108.466777
100.000000	108.459700
100.000000	108.452637
100.000000	108.445588
100.000000	108.438554
100.000000	108.431534
100.000000	108.424528
100.000000	108.417536
100.000000	108.410558
100.000000	108.403595
100.000000	108.396645
100.000000	108.389710
100.000000	108.382788
100.000000	108.375881
100.000000	108.368987
100.000000	108.362108
100.000000	108.355242
100.000000	108.348390
100.000000	108.341552
100.000000	108.334728
100.000000	108.327918
100.000000	108.321121
100.000000	108.314338
100.000000	108.307569
100.000000	108.300814
100.000000	108.294072
100.000000	108.287344
100.000000	108.280629
100.000000	108.273928
100.000000	108.267241
100.000000	108.260567
100.000000	108.253906
100.000000	108.247259
100.000000	108.240626
100.000000	108.234006
100.000000	108.227399
100.000000	108.220806
100.000000	108.214226
100.000000	108.207659
100.000000	108.201106
100.000000	108.194566
100.000000	108.188039
100.000000	108.181525
100.000000	108.175025
100.000000	108.168537
100.000000	108.162063
100.000000	108.155602
100.000000	108.149154
100.000000	108.142719
100.000000	108.136297
100.000000	108.129888
100.000000	108.123492
100.000000	108.117109
100.000000	108.110739
100.000000	108.104382
100.000000	108.098038
100.000000	108.091706
100.000000	108.085388
100.000000	108.079082
100.000000	108.072789
100.000000	108.066508
100.000000	108.060241
100.000000	108.053986
100.000000	108.047744
100.000000	108.041514
100.000000	108.035297
100.000000	108.029093
100.000000	108.022901
100.000000	108.016722
100.000000	108.010555
100.000000	108.004400
100.000000	107.998259
100.000000	107.992129
100.000000	107.986012
100.000000	107.979908
100.000000	107.973816
100.000000	107.967736
100.000000	107.961668
100.000000	107.955613
100.000000	107.949570
100.000000	107.943540
100.000000	107.937521
100.000000	107.931515
100.000000	107.925521
100.000000	107.919539
100.000000	107.913569
100.000000	107.907612
100.000000	107.901666
100.000000	107.895732
100.000000	107.889811
100.000000	107.883901
100.000000	107.878004
100.000000	107.872118
100.000000	107.866245
100.000000	107.860383
100.000000	107.854533
100.000000	107.848695
100.000000	107.842869
100.000000	107.837055
100.000000	107.831252
100.000000	107.825462
100.000000	107.819683
100.000000	107.813916
100.000000	107.808160
100.000000	107.802416
100.000000	107.796684
100.000000	107.790963
100.000000	107.785254
100.000000	107.779557
100.000000	107.773871
100.000000	107.768197
100.000000	107.762534
100.000000	107.756883
100.000000	107.751243
100.000000	107.745615
100.000000	107.739998
100.000000	107.734392
100.000000	107.728798
100.000000	107.723215
100.000000	107.717644
100.000000	107.712084
100.000000	107.706535
100.000000	107.700997
100.000000	107.695471
100.000000	107.689956
100.000000	107.684452
100.000000	107.678959
100.000000	107.673478
100.000000	107.668007
100.000000	107.662548
100.000000	107.657100
100.000000	107.651663
100.000000	107.646236
100.000000	107.640821
100.000000	107.635417
100.000000	107.630024
100.000000	107.624642
100.000000	107.619271
100.000000	107.613910
100.000000	107.608561
100.000000	107.603222
100.000000	107.597895
100.000000	107.592578
100.000000	107.587272
100.000000	107.581976
100.000000	107.576692
100.000000	107.571418
100.000000	107.566155
100.000000	107.560902
100.000000	107.555661
100.000000	107.550430
100.000000	107.545209
100.000000	107.539999
100.000000	107.534800
100.000000	107.529612
100.000000	107.524433
100.000000	107.519266
100.000000	107.514109
100.000000	107.508962
100.000000	107.503826
100.000000	107.498700
100.000000	107.493585
100.000000	107.488480
100.000000	107.483386
100.000000	107.478302
100.000000	107.473228
100.000000	107.468164
100.000000	107.463111
100.000000	107.458068
100.000000	107.453036
100.000000	107.448013
100.000000	107.443001
100.000000	107.437999
100.000000	107.433007
100.000000	107.428026
100.000000	107.423054
100.000000	107.418093
100.000000	107.413141
100.000000	107.408200
100.000000	107.403269
100.000000	107.398348
100.000000	107.393437
100.000000	107.388535
100.000000	107.383644
100.000000	107.378763
100.000000	107.373892
100.000000	107.369030
100.000000	107.364179
100.000000	107.359337
100.000000	107.354506
100.000000	107.349684
100.000000	107.344871
100.000000	107.340069
100.000000	107.335277
100.000000	107.330494
100.000000	107.325721
100.000000	107.320957
100.000000	107.316204
100.000000	107.311460
100.000000	107.306726
100.000000	107.302001
100.000000	107.297286
100.000000	107.292580
100.000000	107.287885
100.000000	107.283198
100.000000	107.278521
100.000000	107.273854
100.000000	107.269196
100.000000	107.264548
100.000000	107.259909
100.000000	107.255280
100.000000	107.250660
100.000000	107.246050
100.000000	107.241449
100.000000	107.236857
100.000000	107.232274
100.000000	107.227701
100.000000	107.223138
100.000000	107.218583
100.000000	107.214038
100.000000	107.209502
100.000000	107.204975
100.000000	107.200458
100.000000	107.195950
100.000000	107.191451
100.000000	107.186961
100.000000	107.182480
100.000000	107.178008
100.000000	107.173546
100.000000	107.169092
100.000000	107.164648
100.000000	107.160213
100.000000	107.155787
100.000000	107.151369
100.000000	107.146961
100.000000	107.142562
100.000000	107.138172
100.000000	107.133790
100.000000	107.129418
100.000000	107.125054
100.000000	107.120700
100.000000	107.116354
100.000000	107.112017
100.000000	107.107689
100.000000	107.103370
100.000000	107.099059
100.000000	107.094758
100.000000	107.090465
100.000000	107.086181
100.000000	107.081906
100.000000	107.077639
100.000000	107.073381
100.000000	107.069132
100.000000	107.064891
100.000000	107.060659
100.000000	107.056436
100.000000	107.052221
100.000000	107.048015
100.000000	107.043817
100.000000	107.039628
100.000000	107.035448
100.000000	107.031276
100.000000	107.027113
100.000000	107.022958
100.000000	107.018811
100.000000	107.014673
100.000000	107.010544
100.000000	107.006423
100.000000	107.002310
100.000000	106.998206
100.000000	106.994110
100.000000	106.990022
100.000000	106.985943
100.000000	106.981872
100.000000	106.977809
100.000000	106.973755
100.000000	106.969709
100.000000	106.965671
100.000000	106.961641
100.000000	106.957620
100.000000	106.953607
100.000000	106.949602
100.000000	106.945605
100.000000	106.941616
100.000000	106.937636
100.000000	106.933663
100.000000	106.929699
100.000000	106.925743
100.000000	106.921795
100.000000	106.917855
100.000000	106.913923
100.000000	106.909999
100.000000	106.906083
100.000000	106.902175
100.000000	106.898275
100.000000	106.894382
100.000000	106.890498
100.000000	106.886622
100.000000	106.882754
100.000000	106.878893
100.000000	106.875041
100.000000	106.871196
100.000000	106.867359
100.000000	106.863531
100.000000	106.859709
100.000000	106.855896
100.000000	106.852090
100.000000	106.848293
100.000000	106.844503
100.000000	106.840720
100.000000	106.836946
100.000000	106.833179
100.000000	106.829420
100.000000	106.825668
100.000000	106.821924
100.000000	106.818188
100.000000	106.814459
100.000000	106.810738
100.000000	106.807025
100.000000	106.803319
100.000000	106.799621
100.000000	106.795930
100.000000	106.792247
100.000000	106.788572
100.000000	106.784904
100.000000	106.781243
100.000000	106.777590
100.000000	106.773944
100.000000	106.770306
100.000000	106.766675
100.000000	106.763052
100.000000	106.759436
100.000000	106.755827
100.000000	106.752226
100.000000	106.748632
100.000000	106.745045
100.000000	106.741466
100.000000	106.737894
100.000000	106.734330
100.000000	106.730772
100.000000	106.727222
100.000000	106.723680
100.000000	106.720144
100.000000	106.716616
100.000000	106.713094
100.000000	106.709581
100.000000	106.706074
100.000000	106.702574
100.000000	106.699082
100.000000	106.695596
100.000000	106.692118
100.000000	106.688647
100.000000	106.685183
100.000000	106.681726
100.000000	106.678276
100.000000	106.674834
100.000000	106.671398
100.000000	106.667969
100.000000	106.664547
100.000000	106.661133
100.000000	106.657725
100.000000	106.654324
100.000000	106.650930
100.000000	106.647543
100.000000	106.644163
100.000000	106.640790
100.000000	106.637424
100.000000	106.634065
100.000000	106.630712
100.000000	106.627367
100.000000	106.624028
100.000000	106.620696
100.000000	106.617371
100.000000	106.614053
100.000000	106.610741
100.000000	106.607436
100.000000	106.604138
100.000000	106.600847
100.000000	106.597563
100.000000	106.594285
100.000000	106.591014
100.000000	106.587749
100.000000	106.584491
100.000000	106.581240
100.000000	106.577996
100.000000	106.574758
100.000000	106.571527
100.000000	106.568302
100.000000	106.565084
100.000000	106.561873
100.000000	106.558668
100.000000	106.555470
100.000000	106.552278
100.000000	106.549093
100.000000	106.545914
100.000000	106.542742
100.000000	106.539576
100.000000	106.536417
100.000000	106.533264
100.000000	106.530118
100.000000	106.526978
100.000000	106.523844
100.000000	106.520717
100.000000	106.517596
100.000000	106.514482
100.000000	106.511374
100.000000	106.508273
100.000000	106.505177
100.000000	106.502088
100.000000	106.499006
100.000000	106.495930
100.000000	106.492860
100.000000	106.489796
100.000000	106.486738
100.000000	106.483687
100.000000	106.480642
100.000000	106.477604
100.000000	106.474571
100.000000	106.471545
100.000000	106.468525
100.000000	106.465511
100.000000	106.462503
100.000000	106.459501
100.000000	106.456506
100.000000	106.453517
100.000000	106.450533
100.000000	106.447556
100.000000	106.444585
100.000000	106.441620
100.000000	106.438661
100.000000	106.435708
100.000000	106.432762
100.000000	106.429821
100.000000	106.426886
100.000000	106.423957
100.000000	106.421035
100.000000	106.418118
100.000000	106.415207
100.000000	106.412302
100.000000	106.409403
100.000000	106.406510
100.000000	106.403623
100.000000	106.400742
100.000000	106.397867
100.000000	106.394998
100.000000	106.392134
100.000000	106.389277
100.000000	106.386425
100.000000	106.383579
100.000000	106.380739
100.000000	106.377904
100.000000	106.375076
100.000000	106.372253
100.000000	106.369436
100.000000	106.366625
100.000000	106.363820
100.000000	106.361020
100.000000	106.358226
100.000000	106.355438
100.000000	106.352655
100.000000	106.349879
100.000000	106.347107
100.000000	106.344342
100.000000	106.341582
100.000000	106.338828
100.000000	106.336079
100.000000	106.333337
100.000000	106.330599
100.000000	106.327868
100.000000	106.325142
100.000000	106.322421
100.000000	106.319706
100.000000	106.316997
100.000000	106.314293
100.000000	106.311595
100.000000	106.308902
100.000000	106.306215
100.000000	106.303533
100.000000	106.300857
100.000000	106.298186
100.000000	106.295521
100.000000	106.292861
100.000000	106.290206
100.000000	106.287557
100.000000	106.284914
100.000000	106.282276
100.000000	106.279643
100.000000	106.277016
100.000000	106.274394
100.000000	106.271777
100.000000	106.269166
100.000000	106.266560
100.000000	106.263959
100.000000	106.261364
100.000000	106.258774
100.000000	106.256190
100.000000	106.253610
100.000000	106.251036
100.000000	106.248468
100.000000	106.245904
100.000000	106.243346
100.000000	106.240793
100.000000	106.238245
100.000000	106.235703
100.000000	106.233165
100.000000	106.230633
100.000000	106.228106
100.000000	106.225584
100.000000	106.223068
100.000000	106.220556
100.000000	106.218050
100.000000	106.215549
100.000000	106.213053
100.000000	106.210562
100.000000	106.208076
100.000000	106.205595
100.000000	106.203119
100.000000	106.200649
100.000000	106.198183
100.000000	106.195723
100.000000	106.193267
100.000000	106.190817
100.000000	106.188372
100.000000	106.185931
100.000000	106.183496
100.000000	106.181065
100.000000	106.178640
100.000000	106.176220
100.000000	106.173804
100.000000	106.171393
100.000000	106.168988
100.000000	106.166587
100.000000	106.164191
100.000000	106.161801
100.000000	106.159415
100.000000	106.157034
100.000000	106.154657
100.000000	106.152286
100.000000	106.149920
100.000000	106.147558
100.000000	106.145201
100.000000	106.142849
100.000000	106.140502
100.000000	106.138160
100.000000	106.135822
100.000000	106.133490
100.000000	106.131162
100.000000	106.128838
100.000000	106.126520
100.000000	106.124206
100.000000	106.121897
100.000000	106.119593
100.000000	106.117294
100.000000	106.114999
100.000000	106.112709
100.000000	106.110424
100.000000	106.108143
100.000000	106.105867
100.000000	106.103596
100.000000	106.101329
100.000000	106.099067
100.000000	106.096810
100.000000	106.094557
100.000000	106.092309
100.000000	106.090065
100.000000	106.087826
100.000000	106.085592
100.000000	106.083362
100.000000	106.081137
100.000000	106.078916
100.000000	106.076700
100.000000	106.074489
100.000000	106.072281
100.000000	106.070079
100.000000	106.067881
100.000000	106.065688
100.000000	106.063499
100.000000	106.061314
100.000000	106.059134
100.000000	106.056959
100.000000	106.054787
100.000000	106.052621
100.000000	106.050459
100.000000	106.048301
100.000000	106.046147
100.000000	106.043999
100.000000	106.041854
100.000000	106.039714
100.000000	106.037578
100.000000	106.035447
100.000000	106.033320
100.000000	106.031197
100.000000	106.029079
100.000000	106.026965
100.000000	106.024855
100.000000	106.022750
100.000000	106.020649
100.000000	106.018553
100.000000	106.016460
100.000000	106.014372
100.000000	106.012288
100.000000	106.010209
100.000000	106.008134
100.000000	106.006063
100.000000	106.003996
100.000000	106.001933
100.000000	105.999875
100.000000	105.997821
100.000000	105.995771
100.000000	105.993726
100.000000	105.991684
100.000000	105.989647
100.000000	105.987614
100.000000	105.985585
100.000000	105.983560
100.000000	105.981540
100.000000	105.979523
100.000000	105.977511
100.000000	105.975503
100.000000	105.973498
100.000000	105.971499
100.000000	105.969503
100.000000	105.967511
100.000000	105.965523
100.000000	105.963540
100.000000	105.961560
100.000000	105.959585
100.000000	105.957613
100.000000	105.955646
100.000000	105.953682
100.000000	105.951723
100.000000	105.949768
100.000000	105.947816
100.000000	105.945869
100.000000	105.943926
100.000000	105.941987
100.000000	105.940051
100.000000	105.938120
100.000000	105.936192
100.000000	105.934269
100.000000	105.932349
100.000000	105.930434
100.000000	105.928522
100.000000	105.926615
100.000000	105.924711
100.000000	105.922811
100.000000	105.920915
100.000000	105.919023
100.000000	105.917134
100.000000	105.915250
100.000000	105.913370
100.000000	105.911493
100.000000	105.909620
100.000000	105.907751
100.000000	105.905886
100.000000	105.904025
100.000000	105.902167
100.000000	105.900314
100.000000	105.898464
100.000000	105.896618
100.000000	105.894775
100.000000	105.892937
100.000000	105.891102
100.000000	105.889271
100.000000	105.887444
100.000000	105.885621
100.000000	105.883801
100.000000	105.881985
100.000000	105.880173
100.000000	105.878364
100.000000	105.876559
100.000000	105.874758
100.000000	105.872961
100.000000	105.871167
100.000000	105.869377
100.000000	105.867591
100.000000	105.865808
100.000000	105.864029
100.000000	105.862253
100.000000	105.860482
100.000000	105.858713
100.000000	105.856949
100.000000	105.855188
100.000000	105.853431
100.000000	105.851677
100.000000	105.849927
100.000000	105.848180
100.000000	105.846438
100.000000	105.844698
100.000000	105.842962
100.000000	105.841230
100.000000	105.839502
100.000000	105.837777
100.000000	105.836055
100.000000	105.834337
100.000000	105.832622
100.000000	105.830912
100.000000	105.829204
100.000000	105.827500
100.000000	105.825800
100.000000	105.824103
100.000000	105.822409
100.000000	105.820719
100.000000	105.819033
100.000000	105.817349
100.000000	105.815670
100.000000	105.813994
100.000000	105.812321
100.000000	105.810652
100.000000	105.808986
100.000000	105.807323
100.000000	105.805664
100.000000	105.804008
100.000000	105.802356
100.000000	105.800707
100.000000	105.799062
100.000000	105.797420
100.000000	105.795781
100.000000	105.794146
100.000000	105.792514
100.000000	105.790885
100.000000	105.789260
100.000000	105.787638
100.000000	105.786019
100.000000	105.784404
100.000000	105.782792
100.000000	105.781183
100.000000	105.779577
100.000000	105.777975
100.000000	105.776377
100.000000	105.774781
100.000000	105.773189
100.000000	105.771600
100.000000	105.770014
100.000000	105.768431
100.000000	105.766852
100.000000	105.765276
100.000000	105.763703
100.000000	105.762134
100.000000	105.760568
100.000000	105.759004
100.000000	105.757445
100.000000	105.755888
100.000000	105.754334
100.000000	105.752784
100.000000	105.751237
100.000000	105.749693
100.000000	105.748152
100.000000	105.746615
100.000000	105.745080
100.000000	105.743549
100.000000	105.742021
100.000000	105.740496
100.000000	105.738974
100.000000	105.737455
100.000000	105.735939
100.000000	105.734427
100.000000	105.732917
100.000000	105.731411
100.000000	105.729908
100.000000	105.728408
100.000000	105.726910
100.000000	105.725416
100.000000	105.723926
100.000000	105.722438
100.000000	105.720953
100.000000	105.719471
100.000000	105.717992
100.000000	105.716517
100.000000	105.715044
100.000000	105.713574
100.000000	105.712108
100.000000	105.710644
100.000000	105.709183
100.000000	105.707726
100.000000	105.706271
100.000000	105.704820
100.000000	105.703371
100.000000	105.701925
100.000000	105.700482
100.000000	105.699043
100.000000	105.697606
100.000000	105.696172
100.000000	105.694741
100.000000	105.693313
100.000000	105.691888
100.000000	105.690466
100.000000	105.689047
100.000000	105.687631
100.000000	105.686217
100.000000	105.684807
100.000000	105.683399
100.000000	105.681994
100.000000	105.680593
100.000000	105.679194
100.000000	105.677798
100.000000	105.676405
100.000000	105.675014
100.000000	105.673627
100.000000	105.672242
100.000000	105.670860
100.000000	105.669481
100.000000	105.668105
100.000000	105.666732
100.000000	105.665362
100.000000	105.663994
100.000000	105.662629
100.000000	105.661267
100.000000	105.659908
100.000000	105.658551
100.000000	105.657198
100.000000	105.655847
100.000000	105.654499
100.000000	105.653153
100.000000	105.651811
100.000000	105.650471
100.000000	105.649134
100.000000	105.647800
100.000000	105.646468
100.000000	105.645139
100.000000	105.643813
100.000000	105.642490
100.000000	105.641169
100.000000	105.639851
100.000000	105.638536
100.000000	105.637223
100.000000	105.635913
100.000000	105.634606
100.000000	105.633302
100.000000	105.632000
100.000000	105.630701
100.000000	105.629404
100.000000	105.628110
100.000000	105.626819
100.000000	105.625531
100.000000	105.624245
100.000000	105.622962
100.000000	105.621681
100.000000	105.620403
100.000000	105.619128
100.000000	105.617855
100.000000	105.616585
100.000000	105.615318
100.000000	105.614053
100.000000	105.612790
100.000000	105.611531
100.000000	105.610274
100.000000	105.609019
100.000000	105.607767
100.000000	105.606518
100.000000	105.605271
100.000000	105.604027
100.000000	105.602785
100.000000	105.601546
100.000000	105.600309
100.000000	105.599075
100.000000	105.597844
100.000000	105.596615
100.000000	105.595388
100.000000	105.594164
100.000000	105.592943
100.000000	105.591724
100.000000	105.590508
100.000000	105.589294
100.000000	105.588082
100.000000	105.586873
100.000000	105.585667
100.000000	105.584463
100.000000	105.583261
100.000000	105.582062
100.000000	105.580866
100.000000	105.579672
100.000000	105.578480
100.000000	105.577291
100.000000	105.576104
100.000000	105.574920
100.000000	105.573738
100.000000	105.572558
100.000000	105.571381
100.000000	105.570207
100.000000	105.569034
100.000000	105.567865
100.000000	105.566697
100.000000	105.565532
100.000000	105.564369
100.000000	105.563209
100.000000	105.562051
100.000000	105.560896
100.000000	105.559743
100.000000	105.558592
100.000000	105.557444
100.000000	105.556298
100.000000	105.555154
100.000000	105.554013
100.000000	105.552874
100.000000	105.551737
100.000000	105.550603
100.000000	105.549471
100.000000	105.548341
100.000000	105.547214
100.000000	105.546089
100.000000	105.544966
100.000000	105.543846
100.000000	105.542728
100.000000	105.541612
100.000000	105.540499
100.000000	105.539387
100.000000	105.538279
100.000000	105.537172
100.000000	105.536068
100.000000	105.534965
100.000000	105.533866
100.000000	105.532768
100.000000	105.531673
100.000000	105.530580
100.000000	105.529489
100.000000	105.528400
100.000000	105.527314
100.000000	105.526230
100.000000	105.525148
100.000000	105.524068
100.000000	105.522991
100.000000	105.521916
100.000000	105.520843
100.000000	105.519772
100.000000	105.518703
100.000000	105.517637
100.000000	105.516573
100.000000	105.515510
100.000000	105.514451
100.000000	105.513393
100.000000	105.512337
100.000000	105.511284
100.000000	105.510233
100.000000	105.509184
100.000000	105.508137
100.000000	105.507092
100.000000	105.506050
100.000000	105.505009
100.000000	105.503971
100.000000	105.502935
100.000000	105.501901
100.000000	105.500869
100.000000	105.499839
100.000000	105.498812
100.000000	105.497786
100.000000	105.496763
100.000000	105.495741
100.000000	105.494722
100.000000	105.493705
100.000000	105.492690
100.000000	105.491677
100.000000	105.490666
100.000000	105.489657
100.000000	105.488650
100.000000	105.487646
100.000000	105.486643
100.000000	105.485642
100.000000	105.484644
100.000000	105.483648
100.000000	105.482653
100.000000	105.481661
100.000000	105.480670
100.000000	105.479682
100.000000	105.478696
100.000000	105.477712
100.000000	105.476730
100.000000	105.475749
100.000000	105.474771
100.000000	105.473795
100.000000	105.472821
100.000000	105.471849
100.000000	105.470879
100.000000	105.469910
100.000000	105.468944
100.000000	105.467980
100.000000	105.467018
100.000000	105.466058
100.000000	105.465099
100.000000	105.464143
100.000000	105.463189
100.000000	105.462236
100.000000	105.461286
100.000000	105.460338
100.000000	105.459391
100.000000	105.458447
100.000000	105.457504
100.000000	105.456563
100.000000	105.455625
100.000000	105.454688
100.000000	105.453753
100.000000	105.452820
100.000000	105.451889
100.000000	105.450960
100.000000	105.450032
100.000000	105.449107
100.000000	105.448184
100.000000	105.447262
100.000000	105.446343
100.000000	105.445425
100.000000	105.444509
100.000000	105.443595
100.000000	105.442683
100.000000	105.441773
100.000000	105.440864
100.000000	105.439958
100.000000	105.439053
100.000000	105.438150
100.000000	105.437250
100.000000	105.436351
100.000000	105.435453
100.000000	105.434558
100.000000	105.433664
100.000000	105.432773
100.000000	105.431883
100.000000	105.430995
100.000000	105.430109
100.000000	105.429224
100.000000	105.428342
100.000000	105.427461
100.000000	105.426582
100.000000	105.425705
100.000000	105.424830
100.000000	105.423956
100.000000	105.423084
100.000000	105.422214
100.000000	105.421346
100.000000	105.420480
100.000000	105.419615
100.000000	105.418752
100.000000	105.417891
100.000000	105.417032
100.000000	105.416175
100.000000	105.415319
100.000000	105.414465
100.000000	105.413613
100.000000	105.412762
100.000000	105.411913
100.000000	105.411066
100.000000	105.410221
100.000000	105.409378
100.000000	105.408536
100.000000	105.407696
100.000000	105.406858
100.000000	105.406021
100.000000	105.405186
100.000000	105.404353
100.000000	105.403522
100.000000	105.402692
100.000000	105.401864
100.000000	105.401037
100.000000	105.400213
100.000000	105.399390
100.000000	105.398569
100.000000	105.397749
100.000000	105.396931
100.000000	105.396115
100.000000	105.395300
100.000000	105.394488
100.000000	105.393676
100.000000	105.392867
100.000000	105.392059
100.000000	105.391253
100.000000	105.390448
100.000000	105.389646
100.000000	105.388844
100.000000	105.388045
100.000000	105.387247
100.000000	105.386451
100.000000	105.385656
100.000000	105.384863
100.000000	105.384071
100.000000	105.383282
100.000000	105.382494
100.000000	105.381707
100.000000	105.380922
100.000000	105.380139
100.000000	105.379357
100.000000	105.378577
100.000000	105.377799
100.000000	105.377022
100.000000	105.376247
100.000000	105.375473
100.000000	105.374701
100.000000	105.373930
100.000000	105.373161
100.000000	105.372394
100.000000	105.371628
100.000000	105.370864
100.000000	105.370101
100.000000	105.369340
100.000000	105.368581
100.000000	105.367823
100.000000	105.367067
100.000000	105.366312
100.000000	105.365559
100.000000	105.364807
100.000000	105.364057
100.000000	105.363308
100.000000	105.362561
100.000000	105.361815
100.000000	105.361071
100.000000	105.360329
100.000000	105.359588
100.000000	105.358849
100.000000	105.358111
100.000000	105.357374
100.000000	105.356639
100.000000	105.355906
100.000000	105.355174
100.000000	105.354444
100.000000	105.353715
100.000000	105.352988
100.000000	105.352262
100.000000	105.351537
100.000000	105.350814
100.000000	105.350093
100.000000	105.349373
100.000000	105.348655
100.000000	105.347938
100.000000	105.347222
100.000000	105.346508
100.000000	105.345796
100.000000	105.345085
100.000000	105.344375
100.000000	105.343667
100.000000	105.342960
100.000000	105.342255
100.000000	105.341551
100.000000	105.340849
100.000000	105.340148
100.000000	105.339448
100.000000	105.338750
100.000000	105.338054
100.000000	105.337358
100.000000	105.336665
100.000000	105.335972
100.000000	105.335281
100.000000	105.334592
100.000000	105.333904
100.000000	105.333217
100.000000	105.332532
100.000000	105.331848
100.000000	105.331166
100.000000	105.330485
100.000000	105.329805
100.000000	105.329127
100.000000	105.328450
100.000000	105.327775
100.000000	105.327101
100.000000	105.326428
100.000000	105.325757
100.000000	105.325087
100.000000	105.324418
100.000000	105.323751
100.000000	105.323085
100.000000	105.322421
100.000000	105.321758
100.000000	105.321096
100.000000	105.320436
100.000000	105.319777
100.000000	105.319119
100.000000	105.318463
100.000000	105.317808
100.000000	105.317155
100.000000	105.316503
100.000000	105.315852
100.000000	105.315202
100.000000	105.314554
100.000000	105.313907
100.000000	105.313262
100.000000	105.312617
100.000000	105.311974
100.000000	105.311333
100.000000	105.310693
100.000000	105.310054
100.000000	105.309416
100.000000	105.308780
100.000000	105.308145
100.000000	105.307511
100.000000	105.306879
100.000000	105.306248
100.000000	105.305618
100.000000	105.304989
100.000000	105.304362
100.000000	105.303736
100.000000	105.303112
100.000000	105.302488
100.000000	105.301866
100.000000	105.301245
100.000000	105.300626
100.000000	105.300008
100.000000	105.299391
100.000000	105.298775
100.000000	105.298161
100.000000	105.297548
100.000000	105.296936
100.000000	105.296325
100.000000	105.295716
100.000000	105.295107
100.000000	105.294501
100.000000	105.293895
100.000000	105.293291
100.000000	105.292687
100.000000	105.292085
100.000000	105.291485
100.000000	105.290885
100.000000	105.290287
100.000000	105.289690
100.000000	105.289094
100.000000	105.288500
100.000000	105.287907
100.000000	105.287315
100.000000	105.286724
100.000000	105.286134
100.000000	105.285546
100.000000	105.284958
100.000000	105.284372
100.000000	105.283788
100.000000	105.283204
100.000000	105.282622
100.000000	105.282040
100.000000	105.281460
100.000000	105.280881
100.000000	105.280304
100.000000	105.279727
100.000000	105.279152
100.000000	105.278578
100.000000	105.278005
100.000000	105.277433
100.000000	105.276863
100.000000	105.276294
100.000000	105.275725
100.000000	105.275158
100.000000	105.274592
100.000000	105.274028
100.000000	105.273464
100.000000	105.272902
100.000000	105.272341
100.000000	105.271780
100.000000	105.271222
100.000000	105.270664
100.000000	105.270107
100.000000	105.269552
100.000000	105.268997
100.000000	105.268444
100.000000	105.267892
100.000000	105.267341
100.000000	105.266791
100.000000	105.266243
100.000000	105.265695
100.000000	105.265149
100.000000	105.264603
100.000000	105.264059
100.000000	105.263516
100.000000	105.262974
100.000000	105.262433
100.000000	105.261894
100.000000	105.261355
100.000000	105.260818
100.000000	105.260281
100.000000	105.259746
100.000000	105.259212
100.000000	105.258679
100.000000	105.258147
100.000000	105.257616
100.000000	105.257086
100.000000	105.256557
100.000000	105.256030
100.000000	105.255503
100.000000	105.254978
100.000000	105.254453
100.000000	105.253930
100.000000	105.253408
100.000000	105.252887
100.000000	105.252367
100.000000	105.251848
100.000000	105.251330
100.000000	105.250813
100.000000	105.250297
100.000000	105.249782
100.000000	105.249268
100.000000	105.248756
100.000000	105.248244
100.000000	105.247734
100.000000	105.247224
100.000000	105.246716
100.000000	105.246208
100.000000	105.245702
100.000000	105.245197
100.000000	105.244692
100.000000	105.244189
100.000000	105.243687
100.000000	105.243186
100.000000	105.242686
100.000000	105.242187
100.000000	105.241689
100.000000	105.241192
100.000000	105.240696
100.000000	105.240200
100.000000	105.239707
100.000000	105.239214
100.000000	105.238722
100.000000	105.238231
100.000000	105.237741
100.000000	105.237252
100.000000	105.236764
100.000000	105.236277
100.000000	105.235791
100.000000	105.235306
100.000000	105.234822
100.000000	105.234339
100.000000	105.233857
100.000000	105.233376
100.000000	105.232896
100.000000	105.232417
100.000000	105.231939
100.000000	105.231462
100.000000	105.230986
100.000000	105.230511
100.000000	105.230037
100.000000	105.229564
100.000000	105.229092
100.000000	105.228621
100.000000	105.228151
100.000000	105.227681
100.000000	105.227213
100.000000	105.226746
100.000000	105.226280
100.000000	105.225814
100.000000	105.225350
100.000000	105.224886
100.000000	105.224424
100.000000	105.223962
100.000000	105.223502
100.000000	105.223042
100.000000	105.222583
100.000000	105.222126
100.000000	105.221669
100.000000	105.221213
100.000000	105.220758
100.000000	105.220304
100.000000	105.219851
100.000000	105.219399
100.000000	105.218947
100.000000	105.218497
100.000000	105.218048
100.000000	105.217599
100.000000	105.217152
100.000000	105.216705
100.000000	105.216259
100.000000	105.215815
100.000000	105.215371
100.000000	105.214928
100.000000	105.214486
100.000000	105.214045
100.000000	105.213605
100.000000	105.213165
100.000000	105.212727
100.000000	105.212289
100.000000	105.211853
100.000000	105.211417
100.000000	105.210982
100.000000	105.210548
100.000000	105.210115
100.000000	105.209683
100.000000	105.209252
100.000000	105.208822
100.000000	105.208392
100.000000	105.207964
100.000000	105.207536
100.000000	105.207109
100.000000	105.206683
100.000000	105.206258
100.000000	105.205834
100.000000	105.205410
100.000000	105.204988
100.000000	105.204566
100.000000	105.204146
100.000000	105.203726
100.000000	105.203307
100.000000	105.202889
100.000000	105.202471
100.000000	105.202055
100.000000	105.201639
100.000000	105.201225
100.000000	105.200811
100.000000	105.200398
100.000000	105.199986
100.000000	105.199574
100.000000	105.199164
