# Sandbox Data | Context: 101 | Index: 1 | Label: Sim CU-等围压排水三轴试验
# Column_1: X_Axis	Column_2: Y_Axis
100.504979	1.514938
101.007108	3.021324
101.506036	4.518107
102.001473	6.004420
102.493172	7.479516
102.980917	8.942751
103.464526	10.393577
103.943843	11.831529
104.418741	13.256224
104.889118	14.667353
105.354890	16.064671
105.815998	17.447995
106.272398	18.817195
106.724064	20.172192
107.170983	21.512949
107.613156	22.839467
108.050594	24.151781
108.483319	25.449958
108.911362	26.734087
109.334760	28.004280
109.753557	29.260670
110.167801	30.503404
110.577547	31.732642
110.982852	32.948556
111.383776	34.151327
111.780381	35.341142
112.172732	36.518196
112.560895	37.682684
112.944936	38.834809
113.324924	39.974771
113.700925	41.102774
114.073007	42.219021
114.441238	43.323714
114.805685	44.417055
115.166414	45.499243
115.523492	46.570475
115.876982	47.630946
116.226949	48.680848
116.573457	49.720370
116.916566	50.749698
117.256338	51.769014
117.592832	52.778496
117.926106	53.778319
118.256219	54.768656
118.583225	55.749674
118.907179	56.721536
119.228135	57.684404
119.546144	58.638433
119.861259	59.583776
120.173527	60.520582
120.482999	61.448998
120.789721	62.369164
121.093740	63.281220
121.395100	64.185301
121.693846	65.081537
121.990019	65.970058
122.283663	66.850988
122.574817	67.724450
122.863521	68.590562
123.149814	69.449441
123.433733	70.301198
123.715315	71.145944
123.994596	71.983787
124.271610	72.814831
124.546393	73.639178
124.818976	74.456927
125.089392	75.268176
125.357673	76.073018
125.623849	76.871546
125.887950	77.663850
126.150006	78.450017
126.410044	79.230132
126.668094	80.004281
126.924181	80.772542
127.178332	81.534997
127.430574	82.291722
127.680931	83.042794
127.929429	83.788286
128.176090	84.528270
128.420939	85.262816
128.663998	85.991994
128.905290	86.715871
129.144837	87.434512
129.382660	88.147981
129.618781	88.856342
129.853218	89.559655
130.085993	90.257980
130.317125	90.951376
130.546634	91.639901
130.774537	92.323610
131.000853	93.002558
131.225600	93.676799
131.448795	94.346385
131.670456	95.011367
131.890599	95.671797
132.109241	96.327723
132.326398	96.979194
132.542085	97.626256
132.756319	98.268956
132.969113	98.907339
133.180483	99.541450
133.390444	100.171333
133.599010	100.797029
133.806194	101.418582
134.012010	102.036031
134.216472	102.649417
134.419593	103.258780
134.621386	103.864159
134.821863	104.465590
135.021037	105.063112
135.218921	105.656762
135.415525	106.246574
135.610862	106.832585
135.804943	107.414830
135.997780	107.993341
136.189384	108.568153
136.379766	109.139298
136.568936	109.706809
136.756906	110.270717
136.943685	110.831054
137.129283	111.387850
137.313712	111.941135
137.496980	112.490939
137.679097	113.037291
137.860073	113.580220
138.039918	114.119754
138.218640	114.655920
138.396249	115.188747
138.572753	115.718260
138.748162	116.244487
138.922484	116.767453
139.095728	117.287184
139.267902	117.803705
139.439014	118.317041
139.609072	118.827217
139.778086	119.334257
139.946061	119.838184
140.113007	120.339022
140.278931	120.836794
140.443841	121.331523
140.607744	121.823231
140.770647	122.311941
140.932558	122.797673
141.093484	123.280451
141.253431	123.760294
141.412408	124.237224
141.570421	124.711262
141.727476	125.182428
141.883581	125.650742
142.038741	126.116223
142.192964	126.578893
142.346256	127.038769
142.498624	127.495871
142.650073	127.950218
142.800609	128.401828
142.950240	128.850720
143.098971	129.296912
143.246807	129.740422
143.393756	130.181268
143.539822	130.619467
143.685012	131.055037
143.829331	131.487994
143.972785	131.918356
144.115380	132.346140
144.257120	132.771361
144.398012	133.194036
144.538061	133.614182
144.677271	134.031813
144.815649	134.446948
144.953200	134.859600
145.089928	135.269785
145.225840	135.677519
145.360939	136.082816
145.495231	136.485692
145.628721	136.886162
145.761413	137.284240
145.893314	137.679941
146.024426	138.073279
146.154756	138.464268
146.284308	138.852923
146.413086	139.239257
146.541095	139.623284
146.668339	140.005018
146.794824	140.384473
146.920554	140.761662
147.045533	141.136598
147.169765	141.509294
147.293254	141.879763
147.416006	142.248019
147.538025	142.614074
147.659314	142.977941
147.779878	143.339633
147.899720	143.699161
148.018846	144.056539
148.137259	144.411778
148.254964	144.764891
148.371963	145.115890
148.488262	145.464786
148.603864	145.811592
148.718773	146.156319
148.832993	146.498979
148.946528	146.839584
149.059381	147.178144
149.171557	147.514671
149.283059	147.849178
149.393891	148.181673
149.504057	148.512170
149.613560	148.840679
149.722403	149.167210
149.830591	149.491774
149.938128	149.814383
150.045016	150.135047
150.151259	150.453777
150.256861	150.770582
150.361825	151.085474
150.466154	151.398463
150.569853	151.709559
150.672924	152.018772
150.775371	152.326113
150.877197	152.631591
150.978406	152.935217
151.079000	153.237000
151.178983	153.536950
151.278359	153.835077
151.377130	154.131390
151.475300	154.425900
151.572872	154.718616
151.669849	155.009548
151.766235	155.298704
151.862031	155.586094
151.957243	155.871728
152.051871	156.155614
152.145921	156.437762
152.239394	156.718182
152.332294	156.996881
152.424623	157.273870
152.516386	157.549157
152.607584	157.822751
152.698220	158.094660
152.788298	158.364894
152.877821	158.633462
152.966790	158.900371
153.055211	159.165632
153.143084	159.429251
153.230413	159.691238
153.317200	159.951601
153.403450	160.210349
153.489163	160.467489
153.574344	160.723031
153.658994	160.976982
153.743117	161.229351
153.826715	161.480146
153.909792	161.729375
153.992349	161.977046
154.074389	162.223166
154.155915	162.467745
154.236930	162.710790
154.317436	162.952308
154.397436	163.192309
154.476933	163.430798
154.555928	163.667785
154.634425	163.903276
154.712427	164.137281
154.789935	164.369805
154.866952	164.600857
154.943481	164.830444
155.019525	165.058574
155.095085	165.285254
155.170164	165.510491
155.244765	165.734294
155.318890	165.956669
155.392541	166.177623
155.465721	166.397164
155.538433	166.615299
155.610678	166.832035
155.682460	167.047380
155.753780	167.261340
155.824641	167.473922
155.895045	167.685134
155.964994	167.894982
156.034491	168.103473
156.103538	168.310615
156.172138	168.516414
156.240292	168.720877
156.308003	168.924010
156.375274	169.125821
156.442106	169.326317
156.508501	169.525503
156.574462	169.723387
156.639992	169.919975
156.705091	170.115274
156.769764	170.309291
156.834010	170.502031
156.897834	170.693502
156.961236	170.883709
157.024220	171.072660
157.086787	171.260360
157.148939	171.446817
157.210679	171.632036
157.272008	171.816023
157.332928	171.998785
157.393443	172.180329
157.453553	172.360660
157.513261	172.539784
157.572569	172.717708
157.631479	172.894438
157.689993	173.069980
157.748113	173.244340
157.805841	173.417523
157.863179	173.589537
157.920129	173.760386
157.976693	173.930078
158.032872	174.098617
158.088670	174.266010
158.144087	174.432262
158.199126	174.597379
158.253789	174.761368
158.308078	174.924233
158.361994	175.085981
158.415539	175.246617
158.468716	175.406148
158.521526	175.564578
158.573971	175.721913
158.626053	175.878159
158.677774	176.033321
158.729135	176.187406
158.780139	176.340417
158.830787	176.492362
158.881082	176.643246
158.931024	176.793073
158.980617	176.941850
159.029860	177.089581
159.078757	177.236272
159.127310	177.381929
159.175519	177.526557
159.223387	177.670160
159.270915	177.812745
159.318106	177.954317
159.364960	178.094880
159.411480	178.234440
159.457667	178.373002
159.503524	178.510572
159.549051	178.647153
159.594251	178.782753
159.639125	178.917374
159.683675	179.051024
159.727902	179.183706
159.771808	179.315425
159.815396	179.446187
159.858666	179.575997
159.901620	179.704859
159.944259	179.832778
159.986587	179.959760
160.028603	180.085808
160.070310	180.210929
160.111709	180.335126
160.152802	180.458405
160.193590	180.580770
160.234075	180.702226
160.274259	180.822778
160.314144	180.942431
160.353729	181.061188
160.393019	181.179056
160.432013	181.296038
160.470713	181.412139
160.509121	181.527363
160.547239	181.641716
160.585067	181.755202
160.622608	181.867825
160.659863	181.979590
160.696834	182.090501
160.733521	182.200563
160.769927	182.309780
160.806052	182.418157
160.841899	182.525697
160.877469	182.632407
160.912763	182.738289
160.947783	182.843348
160.982530	182.947589
161.017005	183.051016
161.051211	183.153632
161.085148	183.255443
161.118818	183.356453
161.152222	183.456665
161.185362	183.556085
161.218238	183.654715
161.250854	183.752561
161.283209	183.849627
161.315305	183.945916
161.347144	184.041433
161.378727	184.136182
161.410055	184.230166
161.441130	184.323391
161.471953	184.415859
161.502525	184.507576
161.532848	184.598544
161.562923	184.688769
161.592751	184.778253
161.622334	184.867002
161.651673	184.955018
161.680769	185.042306
161.709623	185.128869
161.738237	185.214712
161.766613	185.299838
161.794750	185.384251
161.822652	185.467955
161.850318	185.550954
161.877750	185.633251
161.904950	185.714851
161.931919	185.795756
161.958657	185.875972
161.985167	185.955500
162.011449	186.034346
162.037504	186.112513
162.063335	186.190004
162.088941	186.266823
162.114325	186.342974
162.139487	186.418460
162.164428	186.493285
162.189151	186.567453
162.213655	186.640966
162.237943	186.713829
162.262015	186.786045
162.285873	186.857618
162.309517	186.928550
162.332949	186.998846
162.356170	187.068510
162.379181	187.137543
162.401983	187.205950
162.424578	187.273735
162.446967	187.340900
162.469150	187.407449
162.491128	187.473385
162.512904	187.538713
162.534478	187.603434
162.555851	187.667552
162.577024	187.731071
162.597998	187.793994
162.618775	187.856325
162.639355	187.918065
162.659740	187.979219
162.679930	188.039790
162.699927	188.099781
162.719732	188.159196
162.739346	188.218037
162.758769	188.276307
162.778003	188.334010
162.797050	188.391149
162.815909	188.447726
162.834582	188.503746
162.853070	188.559211
162.871375	188.614124
162.889496	188.668489
162.907436	188.722307
162.925194	188.775583
162.942773	188.828319
162.960173	188.880519
162.977395	188.932184
162.994440	188.983319
163.011309	189.033926
163.028003	189.084009
163.044523	189.133569
163.060870	189.182610
163.077045	189.231135
163.093049	189.279147
163.108883	189.326648
163.124547	189.373642
163.140044	189.420131
163.155373	189.466119
163.170536	189.511607
163.185533	189.556599
163.200366	189.601097
163.215035	189.645105
163.229541	189.688624
163.243886	189.731659
163.258070	189.774211
163.272094	189.816283
163.285959	189.857878
163.299666	189.898998
163.313216	189.939647
163.326609	189.979827
163.339847	190.019541
163.352930	190.058791
163.365860	190.097579
163.378637	190.135910
163.391261	190.173784
163.403735	190.211205
163.416058	190.248175
163.428232	190.284697
163.440258	190.320774
163.452136	190.356407
163.463867	190.391600
163.475452	190.426355
163.486891	190.460674
163.498187	190.494560
163.509339	190.528016
163.520348	190.561043
163.531215	190.593645
163.541941	190.625823
163.552527	190.657581
163.562974	190.688921
163.573281	190.719844
163.583451	190.750354
163.593484	190.780453
163.603381	190.810143
163.613142	190.839426
163.622769	190.868306
163.632261	190.896783
163.641620	190.924861
163.650847	190.952542
163.659943	190.979828
163.668907	191.006722
163.677742	191.033225
163.686447	191.059341
163.695023	191.085070
163.703472	191.110416
163.711794	191.135381
163.719989	191.159967
163.728059	191.184176
163.736003	191.208010
163.743824	191.231472
163.751521	191.254563
163.759096	191.277287
163.766548	191.299644
163.773879	191.321638
163.781090	191.343270
163.788181	191.364543
163.795153	191.385458
163.802006	191.406018
163.808741	191.426224
163.815360	191.446080
163.821862	191.465586
163.828249	191.484746
163.834520	191.503560
163.840677	191.522032
163.846721	191.540162
163.852651	191.557954
163.858470	191.575409
163.864176	191.592529
163.869772	191.609316
163.875258	191.625773
163.880633	191.641900
163.885900	191.657701
163.891059	191.673177
163.896110	191.688329
163.901054	191.703161
163.905891	191.717673
163.910623	191.731868
163.915249	191.745748
163.919771	191.759314
163.924189	191.772568
163.928504	191.785513
163.932717	191.798150
163.936827	191.810481
163.940836	191.822508
163.944744	191.834233
163.948552	191.845657
163.952261	191.856782
163.955870	191.867611
163.959381	191.878144
163.962795	191.888385
163.966111	191.898333
163.969331	191.907993
163.972455	191.917364
163.975483	191.926449
163.978416	191.935249
163.981256	191.943767
163.984001	191.952004
163.986654	191.959961
163.989214	191.967641
163.991682	191.975046
163.994059	191.982176
163.996344	191.989033
163.998540	191.995620
164.000646	192.001938
164.002663	192.007988
164.004591	192.013772
164.006431	192.019293
164.008183	192.024550
164.009849	192.029547
164.011428	192.034285
164.012922	192.038765
164.014329	192.042988
164.015653	192.046958
164.016891	192.050674
164.018046	192.054139
164.019118	192.057355
164.020107	192.060322
164.021014	192.063042
164.021839	192.065518
164.022583	192.067750
164.023246	192.069739
164.023830	192.071489
164.024333	192.072999
164.024757	192.074272
164.025103	192.075309
164.025370	192.076111
164.025560	192.076680
164.025673	192.077018
164.025709	192.077126
164.025668	192.077005
164.025552	192.076657
164.025361	192.076083
164.025095	192.075285
164.024755	192.074264
164.024341	192.073022
164.023853	192.071559
164.023293	192.069878
164.022660	192.067980
164.021955	192.065866
164.021179	192.063538
164.020332	192.060996
164.019414	192.058243
164.018427	192.055280
164.017369	192.052107
164.016242	192.048727
164.015047	192.045141
164.013783	192.041349
164.012451	192.037354
164.011052	192.033157
164.009586	192.028759
164.008054	192.024161
164.006455	192.019365
164.004791	192.014372
164.003061	192.009183
164.001267	192.003800
163.999408	191.998223
163.997485	191.992454
163.995498	191.986495
163.993449	191.980346
163.991336	191.974009
163.989162	191.967485
163.986925	191.960776
163.984627	191.953882
163.982268	191.946804
163.979848	191.939545
163.977368	191.932105
163.974828	191.924485
163.972229	191.916687
163.969570	191.908711
163.966853	191.900560
163.964078	191.892234
163.961244	191.883733
163.958354	191.875061
163.955406	191.866217
163.952401	191.857203
163.949340	191.848019
163.946223	191.838668
163.943050	191.829150
163.939822	191.819466
163.936539	191.809618
163.933202	191.799606
163.929811	191.789432
163.926366	191.779097
163.922867	191.768602
163.919316	191.757948
163.915712	191.747135
163.912055	191.736166
163.908347	191.725041
163.904587	191.713762
163.900776	191.702329
163.896914	191.690743
163.893002	191.679006
163.889039	191.667118
163.885027	191.655081
163.880965	191.642895
163.876854	191.630562
163.872694	191.618083
163.868486	191.605459
163.864230	191.592690
163.859926	191.579778
163.855574	191.566723
163.851176	191.553528
163.846731	191.540192
163.842239	191.526716
163.837701	191.513103
163.833117	191.499352
163.828488	191.485465
163.823814	191.471442
163.819095	191.457285
163.814332	191.442995
163.809524	191.428572
163.804672	191.414017
163.799777	191.399332
163.794839	191.384517
163.789858	191.369573
163.784834	191.354502
163.779768	191.339304
163.774660	191.323979
163.769510	191.308530
163.764319	191.292956
163.759086	191.277259
163.753813	191.261440
163.748500	191.245499
163.743146	191.229438
163.737752	191.213257
163.732319	191.196957
163.726847	191.180540
163.721335	191.164005
163.715785	191.147354
163.710196	191.130587
163.704569	191.113707
163.698904	191.096712
163.693202	191.079605
163.687462	191.062385
163.681685	191.045055
163.675871	191.027614
163.670021	191.010064
163.664135	190.992405
163.658213	190.974639
163.652255	190.956765
163.646262	190.938785
163.640233	190.920700
163.634170	190.902510
163.628072	190.884217
163.621940	190.865820
163.615774	190.847321
163.609574	190.828721
163.603340	190.810020
163.597073	190.791220
163.590773	190.772320
163.584441	190.753322
163.578075	190.734226
163.571678	190.715034
163.565248	190.695745
163.558787	190.676361
163.552294	190.656883
163.545770	190.637311
163.539215	190.617646
163.532629	190.597888
163.526013	190.578039
163.519366	190.558099
163.512690	190.538069
163.505983	190.517949
163.499247	190.497741
163.492481	190.477444
163.485687	190.457061
163.478863	190.436590
163.472011	190.416034
163.465131	190.395393
163.458222	190.374667
163.451286	190.353857
163.444322	190.332965
163.437330	190.311989
163.430311	190.290932
163.423265	190.269794
163.416192	190.248575
163.409092	190.227277
163.401966	190.205899
163.394814	190.184443
163.387637	190.162910
163.380433	190.141299
163.373204	190.119611
163.365949	190.097848
163.358670	190.076009
163.351365	190.054096
163.344036	190.032109
163.336683	190.010049
163.329305	189.987916
163.321904	189.965711
163.314478	189.943434
163.307029	189.921087
163.299556	189.898669
163.292061	189.876182
163.284542	189.853626
163.277000	189.831001
163.269436	189.808308
163.261850	189.785549
163.254241	189.762722
163.246610	189.739830
163.238957	189.716872
163.231283	189.693850
163.223588	189.670763
163.215871	189.647612
163.208133	189.624399
163.200374	189.601122
163.192595	189.577784
163.184795	189.554384
163.176975	189.530924
163.169134	189.507403
163.161274	189.483822
163.153394	189.460182
163.145495	189.436484
163.137576	189.412727
163.129638	189.388913
163.121680	189.365041
163.113705	189.341114
163.105710	189.317130
163.097697	189.293091
163.089666	189.268997
163.081616	189.244848
163.073549	189.220646
163.065463	189.196390
163.057361	189.172082
163.049240	189.147721
163.041103	189.123308
163.032948	189.098844
163.024776	189.074329
163.016588	189.049764
163.008383	189.025149
163.000162	189.000485
162.991924	188.975772
162.983670	188.951011
162.975401	188.926202
162.967115	188.901345
162.958814	188.876442
162.950497	188.851492
162.942165	188.826496
162.933818	188.801455
162.925456	188.776369
162.917079	188.751238
162.908688	188.726063
162.900282	188.700845
162.891861	188.675584
162.883427	188.650280
162.874978	188.624933
162.866515	188.599545
162.858039	188.574116
162.849548	188.548645
162.841045	188.523135
162.832528	188.497584
162.823998	188.471994
162.815455	188.446365
162.806899	188.420697
162.798330	188.394991
162.789749	188.369247
162.781155	188.343465
162.772549	188.317647
162.763931	188.291792
162.755300	188.265901
162.746658	188.239974
162.738004	188.214012
162.729338	188.188015
162.720661	188.161984
162.711973	188.135919
162.703273	188.109820
162.694563	188.083688
162.685841	188.057522
162.677108	188.031325
162.668365	188.005095
162.659611	187.978834
162.650847	187.952542
162.642073	187.926218
162.633288	187.899864
162.624493	187.873480
162.615689	187.847067
162.606875	187.820624
162.598051	187.794152
162.589217	187.767651
162.580374	187.741122
162.571522	187.714565
162.562660	187.687981
162.553790	187.661370
162.544911	187.634732
162.536023	187.608068
162.527126	187.581377
162.518220	187.554661
162.509307	187.527920
162.500385	187.501154
162.491454	187.474363
162.482516	187.447548
162.473570	187.420709
162.464615	187.393846
162.455653	187.366960
162.446684	187.340052
162.437707	187.313121
162.428722	187.286167
162.419731	187.259192
162.410732	187.232195
162.401726	187.205177
162.392713	187.178139
162.383693	187.151079
162.374667	187.124000
162.365634	187.096901
162.356594	187.069782
162.347548	187.042644
162.338496	187.015487
162.329437	186.988311
162.320372	186.961117
162.311302	186.933905
162.302225	186.906676
162.293143	186.879429
162.284055	186.852165
162.274961	186.824884
162.265862	186.797587
162.256758	186.770274
162.247648	186.742945
162.238533	186.715600
162.229414	186.688241
162.220289	186.660866
162.211159	186.633477
162.202024	186.606073
162.192885	186.578655
162.183741	186.551224
162.174593	186.523779
162.165440	186.496320
162.156283	186.468849
162.147122	186.441365
162.137956	186.413869
162.128787	186.386361
162.119614	186.358841
162.110437	186.331310
162.101256	186.303767
162.092071	186.276213
162.082883	186.248649
162.073691	186.221074
162.064496	186.193488
162.055298	186.165893
162.046096	186.138289
162.036892	186.110675
162.027684	186.083051
162.018473	186.055419
162.009260	186.027779
162.000043	186.000130
161.990824	185.972472
161.981602	185.944807
161.972378	185.917135
161.963152	185.889455
161.953923	185.861768
161.944691	185.834074
161.935458	185.806373
161.926222	185.778666
161.916984	185.750953
161.907745	185.723234
161.898503	185.695510
161.889260	185.667779
161.880015	185.640044
161.870768	185.612304
161.861520	185.584559
161.852270	185.556810
161.843019	185.529056
161.833766	185.501298
161.824512	185.473537
161.815257	185.445772
161.806001	185.418004
161.796744	185.390232
161.787486	185.362458
161.778227	185.334681
161.768967	185.306901
161.759706	185.279119
161.750445	185.251335
161.741183	185.223550
161.731921	185.195762
161.722658	185.167974
161.713395	185.140184
161.704131	185.112393
161.694867	185.084601
161.685603	185.056809
161.676339	185.029017
161.667075	185.001224
161.657811	184.973432
161.648546	184.945639
161.639282	184.917847
161.630019	184.890056
161.620755	184.862266
161.611492	184.834476
161.602229	184.806688
161.592967	184.778902
161.583706	184.751117
161.574444	184.723333
161.565184	184.695552
161.555924	184.667773
161.546665	184.639996
161.537407	184.612222
161.528150	184.584451
161.518894	184.556683
161.509639	184.528918
161.500385	184.501156
161.491132	184.473397
161.481881	184.445643
161.472631	184.417892
161.463382	184.390145
161.454134	184.362402
161.444888	184.334664
161.435643	184.306930
161.426400	184.279201
161.417159	184.251477
161.407919	184.223758
161.398681	184.196044
161.389445	184.168336
161.380211	184.140633
161.370979	184.112936
161.361748	184.085245
161.352520	184.057560
161.343294	184.029881
161.334069	184.002208
161.324847	183.974542
161.315628	183.946883
161.306410	183.919231
161.297195	183.891585
161.287982	183.863947
161.278772	183.836316
161.269564	183.808693
161.260359	183.781077
161.251156	183.753469
161.241956	183.725869
161.232759	183.698278
161.223565	183.670694
161.214373	183.643119
161.205184	183.615552
161.195998	183.587994
161.186815	183.560445
161.177635	183.532905
161.168458	183.505374
161.159284	183.477852
161.150113	183.450340
161.140946	183.422837
161.131781	183.395344
161.122620	183.367861
161.113462	183.340387
161.104308	183.312924
161.095157	183.285471
161.086010	183.258029
161.076866	183.230597
161.067725	183.203175
161.058588	183.175764
161.049455	183.148365
161.040325	183.120976
161.031199	183.093598
161.022077	183.066232
161.012959	183.038877
161.003845	183.011534
160.994734	182.984202
160.985628	182.956883
160.976525	182.929575
160.967426	182.902279
160.958332	182.874995
160.949241	182.847724
160.940155	182.820465
160.931073	182.793218
160.921995	182.765985
160.912921	182.738763
160.903852	182.711555
160.894787	182.684360
160.885726	182.657178
160.876670	182.630009
160.867618	182.602854
160.858571	182.575712
160.849528	182.548584
160.840490	182.521469
160.831456	182.494368
160.822427	182.467281
160.813403	182.440208
160.804383	182.413149
160.795368	182.386104
160.786358	182.359074
160.777353	182.332058
160.768352	182.305057
160.759357	182.278070
160.750366	182.251098
160.741380	182.224141
160.732400	182.197199
160.723424	182.170272
160.714453	182.143360
160.705488	182.116464
160.696528	182.089583
160.687572	182.062717
160.678622	182.035867
160.669677	182.009032
160.660738	181.982214
160.651804	181.955411
160.642875	181.928624
160.633951	181.901853
160.625033	181.875098
160.616120	181.848360
160.607212	181.821637
160.598311	181.794932
160.589414	181.768242
160.580523	181.741570
160.571638	181.714914
160.562758	181.688275
160.553884	181.661652
160.545016	181.635047
160.536153	181.608458
160.527296	181.581887
160.518444	181.555333
160.509599	181.528796
160.500759	181.502277
160.491925	181.475775
160.483097	181.449291
160.474275	181.422824
160.465458	181.396375
160.456648	181.369944
160.447844	181.343531
160.439045	181.317135
160.430253	181.290758
160.421466	181.264399
160.412686	181.238058
160.403912	181.211735
160.395143	181.185430
160.386381	181.159144
160.377626	181.132877
160.368876	181.106628
160.360132	181.080397
160.351395	181.054186
160.342664	181.027993
160.333940	181.001819
160.325221	180.975664
160.316509	180.949528
160.307804	180.923411
160.299104	180.897313
160.290412	180.871235
160.281725	180.845175
160.273045	180.819135
160.264372	180.793115
160.255705	180.767114
160.247044	180.741132
160.238390	180.715170
160.229743	180.689228
160.221102	180.663306
160.212468	180.637403
160.203840	180.611520
160.195219	180.585658
160.186605	180.559815
160.177997	180.533992
160.169397	180.508190
160.160802	180.482407
160.152215	180.456645
160.143634	180.430903
160.135061	180.405182
160.126494	180.379481
160.117933	180.353800
160.109380	180.328140
160.100834	180.302501
160.092294	180.276882
160.083761	180.251284
160.075236	180.225707
160.066717	180.200151
160.058205	180.174615
160.049700	180.149101
160.041202	180.123607
160.032712	180.098135
160.024228	180.072684
160.015751	180.047253
160.007281	180.021844
159.998819	179.996457
159.990363	179.971090
159.981915	179.945745
159.973474	179.920422
159.965040	179.895120
159.956613	179.869839
159.948193	179.844580
159.939781	179.819343
159.931376	179.794127
159.922978	179.768933
159.914587	179.743760
159.906203	179.718610
159.897827	179.693481
159.889458	179.668375
159.881097	179.643290
159.872742	179.618227
159.864395	179.593186
159.856056	179.568168
159.847724	179.543171
159.839399	179.518197
159.831081	179.493244
159.822771	179.468314
159.814469	179.443407
159.806174	179.418521
159.797886	179.393659
159.789606	179.368818
159.781333	179.344000
159.773068	179.319204
159.764810	179.294431
159.756560	179.269681
159.748318	179.244953
159.740083	179.220248
159.731855	179.195565
159.723635	179.170906
159.715423	179.146269
159.707218	179.121654
159.699021	179.097063
159.690832	179.072495
159.682650	179.047949
159.674475	179.023426
159.666309	178.998927
159.658150	178.974450
159.649999	178.949997
159.641855	178.925566
159.633720	178.901159
159.625591	178.876774
159.617471	178.852413
159.609359	178.828076
159.601254	178.803761
159.593157	178.779470
159.585067	178.755202
159.576986	178.730957
159.568912	178.706736
159.560846	178.682538
159.552788	178.658364
159.544738	178.634213
159.536695	178.610085
159.528660	178.585981
159.520634	178.561901
159.512615	178.537844
159.504604	178.513811
159.496600	178.489801
159.488605	178.465815
159.480618	178.441853
159.472638	178.417915
159.464667	178.394000
159.456703	178.370109
159.448747	178.346242
159.440799	178.322398
159.432860	178.298579
159.424928	178.274783
159.417004	178.251011
159.409088	178.227263
159.401180	178.203539
159.393280	178.179839
159.385388	178.156163
159.377504	178.132511
159.369628	178.108883
159.361760	178.085279
159.353900	178.061699
159.346048	178.038143
159.338204	178.014612
159.330368	177.991104
159.322540	177.967621
159.314721	177.944162
159.306909	177.920727
159.299105	177.897316
159.291310	177.873929
159.283522	177.850567
159.275743	177.827229
159.267972	177.803915
159.260209	177.780626
159.252454	177.757361
159.244707	177.734120
159.236968	177.710904
159.229237	177.687712
159.221515	177.664544
159.213800	177.641401
159.206094	177.618282
159.198396	177.595188
159.190706	177.572118
159.183024	177.549072
159.175350	177.526051
159.167685	177.503055
159.160028	177.480083
159.152379	177.457136
159.144738	177.434213
159.137105	177.411315
159.129480	177.388441
159.121864	177.365592
159.114256	177.342767
159.106656	177.319967
159.099064	177.297192
159.091481	177.274442
159.083905	177.251716
159.076338	177.229014
159.068779	177.206338
159.061229	177.183686
159.053686	177.161059
159.046152	177.138456
159.038626	177.115878
159.031108	177.093325
159.023599	177.070797
159.016098	177.048293
159.008605	177.025815
159.001120	177.003361
158.993644	176.980931
158.986176	176.958527
158.978716	176.936147
158.971264	176.913792
158.963821	176.891462
158.956386	176.869157
158.948959	176.846877
158.941540	176.824621
158.934130	176.802390
158.926728	176.780184
158.919334	176.758003
158.911949	176.735847
158.904572	176.713716
158.897203	176.691609
158.889843	176.669528
158.882490	176.647471
158.875147	176.625440
158.867811	176.603433
158.860484	176.581451
158.853165	176.559494
158.845854	176.537562
158.838551	176.515654
158.831257	176.493772
158.823972	176.471915
158.816694	176.450083
158.809425	176.428275
158.802164	176.406493
158.794912	176.384735
158.787667	176.363002
158.780432	176.341295
158.773204	176.319612
158.765985	176.297954
158.758774	176.276321
158.751571	176.254714
158.744377	176.233131
158.737191	176.211573
158.730013	176.190040
158.722844	176.168532
158.715683	176.147049
158.708530	176.125591
158.701386	176.104158
158.694250	176.082750
158.687122	176.061366
158.680003	176.040008
158.672892	176.018675
158.665789	175.997367
158.658695	175.976084
158.651609	175.954826
158.644531	175.933592
158.637461	175.912384
158.630400	175.891201
158.623347	175.870042
158.616303	175.848909
158.609267	175.827800
158.602239	175.806717
158.595220	175.785659
158.588208	175.764625
158.581205	175.743616
158.574211	175.722633
158.567225	175.701674
158.560247	175.680741
158.553277	175.659832
158.546316	175.638948
158.539363	175.618089
158.532418	175.597255
158.525482	175.576446
158.518554	175.555662
158.511634	175.534903
158.504723	175.514169
158.497820	175.493460
158.490925	175.472776
158.484039	175.452116
158.477161	175.431482
158.470291	175.410872
158.463429	175.390288
158.456576	175.369728
158.449731	175.349193
158.442894	175.328683
158.436066	175.308198
158.429246	175.287738
158.422434	175.267303
158.415631	175.246892
158.408836	175.226507
158.402049	175.206146
158.395270	175.185810
158.388500	175.165499
158.381738	175.145213
158.374984	175.124952
158.368238	175.104715
158.361501	175.084503
158.354772	175.064316
158.348051	175.044154
158.341339	175.024017
158.334635	175.003905
158.327939	174.983817
158.321251	174.963754
158.314572	174.943716
158.307901	174.923703
158.301238	174.903714
158.294583	174.883750
158.287937	174.863811
158.281299	174.843897
158.274669	174.824007
158.268047	174.804142
158.261434	174.784302
158.254829	174.764486
158.248232	174.744695
158.241643	174.724929
158.235062	174.705187
158.228490	174.685471
158.221926	174.665778
158.215370	174.646111
158.208823	174.626468
158.202283	174.606850
158.195752	174.587256
158.189229	174.567687
158.182714	174.548142
158.176207	174.528622
158.169709	174.509127
158.163219	174.489656
158.156737	174.470210
158.150263	174.450788
158.143797	174.431391
158.137339	174.412018
158.130890	174.392670
158.124449	174.373347
158.118016	174.354048
158.111591	174.334773
158.105174	174.315523
158.098766	174.296297
158.092365	174.277096
158.085973	174.257919
158.079589	174.238766
158.073213	174.219638
158.066845	174.200535
158.060485	174.181455
158.054134	174.162401
158.047790	174.143370
158.041455	174.124364
158.035127	174.105382
158.028808	174.086425
158.022497	174.067491
158.016194	174.048582
158.009899	174.029698
158.003613	174.010838
157.997334	173.992001
157.991063	173.973190
157.984801	173.954402
157.978546	173.935639
157.972300	173.916899
157.966061	173.898184
157.959831	173.879494
157.953609	173.860827
157.947395	173.842185
157.941189	173.823566
157.934991	173.804972
157.928801	173.786402
157.922619	173.767856
157.916445	173.749334
157.910279	173.730836
157.904121	173.712362
157.897971	173.693913
157.891829	173.675487
157.885695	173.657085
157.879569	173.638708
157.873451	173.620354
157.867341	173.602024
157.861239	173.583718
157.855146	173.565437
157.849060	173.547179
157.842982	173.528945
157.836912	173.510735
157.830849	173.492548
157.824795	173.474386
157.818749	173.456247
157.812711	173.438133
157.806681	173.420042
157.800658	173.401975
157.794644	173.383932
157.788637	173.365912
157.782639	173.347916
157.776648	173.329944
157.770665	173.311996
157.764690	173.294071
157.758724	173.276171
157.752764	173.258293
157.746813	173.240440
157.740870	173.222610
157.734935	173.204804
157.729007	173.187021
157.723087	173.169262
157.717176	173.151527
157.711272	173.133815
157.705375	173.116126
157.699487	173.098461
157.693607	173.080820
157.687734	173.063202
157.681869	173.045608
157.676012	173.028037
157.670163	173.010490
157.664322	172.992966
157.658488	172.975465
157.652663	172.957988
157.646845	172.940534
157.641035	172.923104
157.635232	172.905697
157.629438	172.888313
157.623651	172.870952
157.617872	172.853615
157.612100	172.836301
157.606337	172.819011
157.600581	172.801743
157.594833	172.784499
157.589093	172.767278
157.583360	172.750080
157.577635	172.732906
157.571918	172.715754
157.566209	172.698626
157.560507	172.681520
157.554813	172.664438
157.549126	172.647379
157.543448	172.630343
157.537777	172.613330
157.532113	172.596340
157.526458	172.579373
157.520810	172.562429
157.515169	172.545508
157.509537	172.528610
157.503912	172.511735
157.498294	172.494883
157.492685	172.478054
157.487082	172.461247
157.481488	172.444464
157.475901	172.427703
157.470322	172.410965
157.464750	172.394250
157.459186	172.377558
157.453629	172.360888
157.448080	172.344241
157.442539	172.327617
157.437005	172.311016
157.431479	172.294437
157.425960	172.277881
157.420449	172.261347
157.414946	172.244837
157.409450	172.228349
157.403961	172.211883
157.398480	172.195440
157.393007	172.179020
157.387541	172.162622
157.382082	172.146246
157.376631	172.129893
157.371188	172.113563
157.365752	172.097255
157.360323	172.080969
157.354902	172.064706
157.349488	172.048465
157.344082	172.032247
157.338684	172.016051
157.333292	171.999877
157.327909	171.983726
157.322532	171.967597
157.317163	171.951490
157.311802	171.935405
157.306448	171.919343
157.301101	171.903303
157.295762	171.887285
157.290430	171.871289
157.285105	171.855316
157.279788	171.839364
157.274478	171.823435
157.269176	171.807528
157.263881	171.791643
157.258593	171.775780
157.253313	171.759939
157.248040	171.744120
157.242774	171.728323
157.237516	171.712547
157.232265	171.696794
157.227021	171.681063
157.221785	171.665354
157.216555	171.649666
157.211334	171.634001
157.206119	171.618357
157.200912	171.602735
157.195712	171.587135
157.190519	171.571557
157.185334	171.556001
157.180155	171.540466
157.174984	171.524953
157.169821	171.509462
157.164664	171.493992
157.159515	171.478544
157.154373	171.463118
157.149238	171.447713
157.144110	171.432330
157.138990	171.416969
157.133876	171.401629
157.128770	171.386310
157.123671	171.371013
157.118579	171.355738
157.113495	171.340484
157.108417	171.325251
157.103347	171.310040
157.098284	171.294851
157.093228	171.279683
157.088179	171.264536
157.083137	171.249410
157.078102	171.234306
157.073074	171.219223
157.068054	171.204162
157.063040	171.189121
157.058034	171.174102
157.053035	171.159104
157.048043	171.144128
157.043057	171.129172
157.038079	171.114238
157.033108	171.099325
157.028144	171.084433
157.023187	171.069562
157.018237	171.054712
157.013294	171.039883
157.008358	171.025075
157.003429	171.010288
156.998507	170.995522
156.993592	170.980777
156.988684	170.966053
156.983783	170.951350
156.978889	170.936668
156.974002	170.922007
156.969122	170.907367
156.964249	170.892747
156.959383	170.878148
156.954524	170.863571
156.949671	170.849013
156.944826	170.834477
156.939987	170.819961
156.935155	170.805466
156.930331	170.790992
156.925513	170.776538
156.920702	170.762105
156.915898	170.747693
156.911100	170.733301
156.906310	170.718930
156.901526	170.704579
156.896750	170.690249
156.891980	170.675940
156.887217	170.661650
156.882461	170.647382
156.877711	170.633134
156.872969	170.618906
156.868233	170.604698
156.863504	170.590511
156.858782	170.576345
156.854066	170.562198
156.849357	170.548072
156.844656	170.533967
156.839960	170.519881
156.835272	170.505816
156.830590	170.491771
156.825915	170.477746
156.821247	170.463742
156.816586	170.449757
156.811931	170.435793
156.807283	170.421849
156.802642	170.407925
156.798007	170.394021
156.793379	170.380137
156.788758	170.366273
156.784143	170.352429
156.779535	170.338605
156.774934	170.324801
156.770339	170.311017
156.765751	170.297253
156.761169	170.283508
156.756595	170.269784
156.752026	170.256079
156.747465	170.242395
156.742910	170.228730
156.738362	170.215085
156.733820	170.201459
156.729285	170.187854
156.724756	170.174268
156.720234	170.160702
156.715718	170.147155
156.711210	170.133629
156.706707	170.120121
156.702211	170.106634
156.697722	170.093166
156.693239	170.079717
156.688763	170.066288
156.684293	170.052879
156.679830	170.039489
156.675373	170.026119
156.670923	170.012768
156.666479	169.999436
156.662041	169.986124
156.657610	169.972831
156.653186	169.959558
156.648768	169.946304
156.644356	169.933069
156.639951	169.919854
156.635553	169.906658
156.631160	169.893481
156.626774	169.880323
156.622395	169.867185
156.618022	169.854065
156.613655	169.840965
156.609295	169.827884
156.604941	169.814823
156.600593	169.801780
156.596252	169.788756
156.591917	169.775752
156.587589	169.762766
156.583266	169.749799
156.578951	169.736852
156.574641	169.723923
156.570338	169.711014
156.566041	169.698123
156.561750	169.685251
156.557466	169.672398
156.553188	169.659564
156.548916	169.646749
156.544651	169.633952
156.540392	169.621175
156.536139	169.608416
156.531892	169.595676
156.527651	169.582954
156.523417	169.570252
156.519189	169.557568
156.514967	169.544902
156.510752	169.532255
156.506542	169.519627
156.502339	169.507018
156.498142	169.494427
156.493951	169.481854
156.489767	169.469300
156.485588	169.456765
156.481416	169.444248
156.477250	169.431750
156.473090	169.419270
156.468936	169.406808
156.464788	169.394365
156.460647	169.381940
156.456511	169.369533
156.452382	169.357145
156.448258	169.344775
156.444141	169.332424
156.440030	169.320090
156.435925	169.307775
156.431826	169.295478
156.427733	169.283200
156.423646	169.270939
156.419566	169.258697
156.415491	169.246473
156.411422	169.234267
156.407359	169.222078
156.403303	169.209908
156.399252	169.197756
156.395208	169.185623
156.391169	169.173507
156.387136	169.161409
156.383110	169.149329
156.379089	169.137267
156.375074	169.125222
156.371065	169.113196
156.367063	169.101188
156.363066	169.089197
156.359075	169.077224
156.355090	169.065269
156.351111	169.053332
156.347138	169.041413
156.343170	169.029511
156.339209	169.017627
156.335254	169.005761
156.331304	168.993912
156.327360	168.982081
156.323423	168.970268
156.319491	168.958472
156.315565	168.946694
156.311644	168.934933
156.307730	168.923190
156.303821	168.911464
156.299919	168.899756
156.296022	168.888065
156.292131	168.876392
156.288245	168.864736
156.284366	168.853098
156.280492	168.841477
156.276624	168.829873
156.272762	168.818287
156.268906	168.806718
156.265056	168.795167
156.261211	168.783632
156.257372	168.772115
156.253538	168.760615
156.249711	168.749132
156.245889	168.737667
156.242073	168.726219
156.238262	168.714787
156.234458	168.703373
156.230659	168.691976
156.226865	168.680596
156.223078	168.669234
156.219296	168.657888
156.215520	168.646559
156.211749	168.635247
156.207984	168.623952
156.204225	168.612674
156.200471	168.601414
156.196723	168.590169
156.192981	168.578942
156.189244	168.567732
156.185513	168.556539
156.181787	168.545362
156.178067	168.534202
156.174353	168.523059
156.170644	168.511933
156.166941	168.500823
156.163243	168.489730
156.159551	168.478654
156.155865	168.467595
156.152184	168.456552
156.148509	168.445526
156.144839	168.434516
156.141174	168.423523
156.137515	168.412546
156.133862	168.401587
156.130214	168.390643
156.126572	168.379716
156.122935	168.368806
156.119304	168.357912
156.115678	168.347034
156.112058	168.336173
156.108443	168.325328
156.104833	168.314500
156.101229	168.303688
156.097631	168.292892
156.094038	168.282113
156.090450	168.271350
156.086868	168.260603
156.083291	168.249873
156.079719	168.239158
156.076153	168.228460
156.072593	168.217778
156.069037	168.207112
156.065488	168.196463
156.061943	168.185829
156.058404	168.175212
156.054870	168.164610
156.051342	168.154025
156.047819	168.143456
156.044301	168.132902
156.040788	168.122365
156.037281	168.111844
156.033780	168.101339
156.030283	168.090849
156.026792	168.080376
156.023306	168.069918
156.019825	168.059476
156.016350	168.049050
156.012880	168.038640
156.009415	168.028246
156.005956	168.017867
156.002502	168.007505
155.999053	167.997158
155.995609	167.986826
155.992170	167.976511
155.988737	167.966211
155.985309	167.955927
155.981886	167.945658
155.978468	167.935405
155.975056	167.925168
155.971649	167.914946
155.968246	167.904739
155.964850	167.894549
155.961458	167.884374
155.958071	167.874214
155.954690	167.864070
155.951314	167.853941
155.947942	167.843827
155.944576	167.833729
155.941216	167.823647
155.937860	167.813580
155.934509	167.803528
155.931164	167.793491
155.927823	167.783470
155.924488	167.773464
155.921158	167.763473
155.917833	167.753498
155.914513	167.743538
155.911198	167.733593
155.907888	167.723663
155.904583	167.713748
155.901283	167.703849
155.897988	167.693964
155.894698	167.684095
155.891414	167.674241
155.888134	167.664402
155.884859	167.654578
155.881590	167.644769
155.878325	167.634975
155.875065	167.625195
155.871810	167.615431
155.868561	167.605682
155.865316	167.595948
155.862076	167.586228
155.858841	167.576524
155.855611	167.566834
155.852387	167.557160
155.849167	167.547500
155.845951	167.537854
155.842741	167.528224
155.839536	167.518608
155.836336	167.509008
155.833140	167.499421
155.829950	167.489850
155.826764	167.480293
155.823584	167.470751
155.820408	167.461224
155.817237	167.451711
155.814071	167.442212
155.810910	167.432729
155.807753	167.423260
155.804602	167.413805
155.801455	167.404365
155.798313	167.394939
155.795176	167.385528
155.792044	167.376132
155.788916	167.366749
155.785794	167.357382
155.782676	167.348028
155.779563	167.338689
155.776455	167.329365
155.773351	167.320054
155.770253	167.310759
155.767159	167.301477
155.764070	167.292210
155.760985	167.282956
155.757906	167.273718
155.754831	167.264493
155.751761	167.255282
155.748695	167.246086
155.745635	167.236904
155.742579	167.227736
155.739527	167.218582
155.736481	167.209443
155.733439	167.200317
155.730402	167.191206
155.727369	167.182108
155.724342	167.173025
155.721318	167.163955
155.718300	167.154900
155.715286	167.145858
155.712277	167.136831
155.709272	167.127817
155.706272	167.118817
155.703277	167.109832
155.700287	167.100860
155.697301	167.091902
155.694319	167.082957
155.691342	167.074027
155.688370	167.065110
155.685403	167.056208
155.682439	167.047318
155.679481	167.038443
155.676527	167.029581
155.673578	167.020734
155.670633	167.011899
155.667693	167.003079
155.664757	166.994272
155.661826	166.985479
155.658900	166.976699
155.655978	166.967933
155.653060	166.959180
155.650147	166.950441
155.647239	166.941716
155.644335	166.933004
155.641435	166.924305
155.638540	166.915620
155.635650	166.906949
155.632764	166.898291
155.629882	166.889646
155.627005	166.881015
155.624132	166.872397
155.621264	166.863793
155.618400	166.855201
155.615541	166.846624
155.612686	166.838059
155.609836	166.829508
155.606990	166.820970
155.604148	166.812445
155.601311	166.803933
155.598478	166.795435
155.595650	166.786950
155.592826	166.778478
155.590006	166.770019
155.587191	166.761574
155.584380	166.753141
155.581574	166.744722
155.578772	166.736315
155.575974	166.727922
155.573181	166.719542
155.570392	166.711175
155.567607	166.702820
155.564826	166.694479
155.562050	166.686151
155.559279	166.677836
155.556511	166.669533
155.553748	166.661244
155.550989	166.652967
155.548235	166.644704
155.545484	166.636453
155.542738	166.628215
155.539997	166.619990
155.537259	166.611778
155.534526	166.603578
155.531797	166.595391
155.529072	166.587217
155.526352	166.579056
155.523636	166.570907
155.520924	166.562772
155.518216	166.554648
155.515513	166.546538
155.512813	166.538440
155.510118	166.530355
155.507427	166.522282
155.504741	166.514222
155.502058	166.506175
155.499380	166.498140
155.496706	166.490117
155.494036	166.482107
155.491370	166.474110
155.488708	166.466125
155.486051	166.458153
155.483398	166.450193
155.480748	166.442245
155.478103	166.434310
155.475462	166.426387
155.472826	166.418477
155.470193	166.410579
155.467564	166.402693
155.464940	166.394820
155.462320	166.386959
155.459703	166.379110
155.457091	166.371273
155.454483	166.363449
155.451879	166.355637
155.449279	166.347837
155.446683	166.340050
155.444091	166.332274
155.441504	166.324511
155.438920	166.316760
155.436340	166.309021
155.433765	166.301294
155.431193	166.293579
155.428626	166.285877
155.426062	166.278186
155.423503	166.270508
155.420947	166.262841
155.418395	166.255186
155.415848	166.247544
155.413304	166.239913
155.410765	166.232295
155.408229	166.224688
155.405698	166.217093
155.403170	166.209510
155.400646	166.201939
155.398127	166.194380
155.395611	166.186833
155.393099	166.179297
155.390591	166.171774
155.388087	166.164262
155.385587	166.156762
155.383091	166.149274
155.380599	166.141797
155.378111	166.134332
155.375626	166.126879
155.373146	166.119438
155.370669	166.112008
155.368197	166.104590
155.365728	166.097184
155.363263	166.089789
155.360802	166.082406
155.358345	166.075034
155.355891	166.067674
155.353442	166.060326
155.350996	166.052989
155.348555	166.045664
155.346117	166.038350
155.343683	166.031048
155.341252	166.023757
155.338826	166.016477
155.336403	166.009210
155.333984	166.001953
155.331569	165.994708
155.329158	165.987474
155.326751	165.980252
155.324347	165.973041
155.321947	165.965841
155.319551	165.958653
155.317159	165.951476
155.314770	165.944310
155.312385	165.937156
155.310004	165.930013
155.307627	165.922881
155.305253	165.915760
155.302884	165.908651
155.300518	165.901553
155.298155	165.894466
155.295797	165.887390
155.293442	165.880325
155.291090	165.873271
155.288743	165.866229
155.286399	165.859197
155.284059	165.852177
155.281723	165.845168
155.279390	165.838170
155.277061	165.831182
155.274735	165.824206
155.272414	165.817241
155.270096	165.810287
155.267781	165.803344
155.265470	165.796411
155.263163	165.789490
155.260860	165.782580
155.258560	165.775680
155.256264	165.768792
155.253971	165.761914
155.251682	165.755047
155.249397	165.748191
155.247115	165.741346
155.244837	165.734511
155.242563	165.727688
155.240292	165.720875
155.238024	165.714073
155.235761	165.707282
155.233500	165.700501
155.231244	165.693731
155.228991	165.686972
155.226741	165.680224
155.224495	165.673486
155.222253	165.666758
155.220014	165.660042
155.217779	165.653336
155.215547	165.646641
155.213319	165.639956
155.211094	165.633282
155.208873	165.626618
155.206655	165.619965
155.204441	165.613323
155.202230	165.606691
155.200023	165.600069
155.197819	165.593458
155.195619	165.586857
155.193422	165.580267
155.191229	165.573687
155.189039	165.567118
155.186853	165.560559
155.184670	165.554011
155.182491	165.547473
155.180315	165.540945
155.178142	165.534427
155.175973	165.527920
155.173808	165.521423
155.171646	165.514937
155.169487	165.508461
155.167332	165.501995
155.165180	165.495539
155.163031	165.489093
155.160886	165.482658
155.158744	165.476233
155.156606	165.469818
155.154471	165.463413
155.152340	165.457019
155.150211	165.450634
155.148087	165.444260
155.145965	165.437896
155.143847	165.431542
155.141733	165.425198
155.139621	165.418864
155.137513	165.412540
155.135409	165.406226
155.133307	165.399922
155.131209	165.393628
155.129115	165.387344
155.127024	165.381071
155.124936	165.374807
155.122851	165.368553
155.120770	165.362309
155.118692	165.356075
155.116617	165.349850
155.114545	165.343636
155.112477	165.337432
155.110412	165.331237
155.108351	165.325052
155.106292	165.318877
155.104237	165.312712
155.102186	165.306557
155.100137	165.300411
155.098092	165.294275
155.096050	165.288149
155.094011	165.282033
155.091976	165.275927
155.089943	165.269830
155.087914	165.263743
155.085888	165.257665
155.083866	165.251597
155.081846	165.245539
155.079830	165.239491
155.077817	165.233452
155.075807	165.227422
155.073801	165.221403
155.071798	165.215393
155.069797	165.209392
155.067800	165.203401
155.065807	165.197420
155.063816	165.191448
155.061828	165.185485
155.059844	165.179532
155.057863	165.173589
155.055885	165.167655
155.053910	165.161730
155.051938	165.155815
155.049970	165.149910
155.048004	165.144013
155.046042	165.138126
155.044083	165.132249
155.042127	165.126381
155.040174	165.120522
155.038224	165.114673
155.036277	165.108832
155.034334	165.103002
155.032393	165.097180
155.030456	165.091368
155.028522	165.085565
155.026590	165.079771
155.024662	165.073987
155.022737	165.068212
155.020815	165.062445
155.018896	165.056689
155.016980	165.050941
155.015068	165.045203
155.013158	165.039473
155.011251	165.033753
155.009347	165.028042
155.007447	165.022340
155.005549	165.016647
155.003654	165.010963
155.001763	165.005289
154.999874	164.999623
154.997989	164.993967
154.996106	164.988319
154.994227	164.982680
154.992350	164.977051
154.990477	164.971430
154.988606	164.965819
154.986739	164.960216
154.984874	164.954623
154.983013	164.949038
154.981154	164.943462
154.979298	164.937895
154.977446	164.932337
154.975596	164.926788
154.973749	164.921248
154.971906	164.915717
154.970065	164.910194
154.968227	164.904680
154.966392	164.899175
154.964560	164.893679
154.962731	164.888192
154.960904	164.882713
154.959081	164.877244
154.957261	164.871783
154.955443	164.866330
154.953629	164.860887
154.951817	164.855452
154.950009	164.850026
154.948203	164.844608
154.946400	164.839200
154.944600	164.833799
154.942803	164.828408
154.941008	164.823025
154.939217	164.817651
154.937428	164.812285
154.935643	164.806928
154.933860	164.801580
154.932080	164.796240
154.930303	164.790908
154.928528	164.785585
154.926757	164.780271
154.924988	164.774965
154.923223	164.769668
154.921460	164.764379
154.919700	164.759099
154.917942	164.753827
154.916188	164.748563
154.914436	164.743308
154.912687	164.738062
154.910941	164.732824
154.909198	164.727594
154.907457	164.722372
154.905720	164.717159
154.903985	164.711955
154.902253	164.706758
154.900523	164.701570
154.898797	164.696391
154.897073	164.691219
154.895352	164.686056
154.893634	164.680901
154.891918	164.675755
154.890206	164.670617
154.888496	164.665487
154.886788	164.660365
154.885084	164.655251
154.883382	164.650146
154.881683	164.645049
154.879987	164.639960
154.878293	164.634879
154.876602	164.629806
154.874914	164.624741
154.873228	164.619685
154.871546	164.614637
154.869865	164.609596
154.868188	164.604564
154.866513	164.599540
154.864841	164.594524
154.863172	164.589516
154.861506	164.584517
154.859842	164.579525
154.858180	164.574541
154.856522	164.569565
154.854866	164.564597
154.853212	164.559637
154.851562	164.554685
154.849914	164.549742
154.848269	164.544806
154.846626	164.539878
154.844986	164.534957
154.843348	164.530045
154.841714	164.525141
154.840081	164.520244
154.838452	164.515356
154.836825	164.510475
154.835201	164.505602
154.833579	164.500737
154.831960	164.495880
154.830344	164.491031
154.828730	164.486189
154.827118	164.481355
154.825510	164.476529
154.823904	164.471711
154.822300	164.466900
154.820699	164.462097
154.819101	164.457302
154.817505	164.452515
154.815912	164.447735
154.814321	164.442963
154.812733	164.438199
154.811148	164.433443
154.809565	164.428694
154.807984	164.423952
154.806406	164.419219
154.804831	164.414493
154.803258	164.409774
154.801688	164.405063
154.800120	164.400360
154.798555	164.395664
154.796992	164.390976
154.795432	164.386295
154.793874	164.381622
154.792319	164.376957
154.790766	164.372299
154.789216	164.367648
154.787668	164.363005
154.786123	164.358370
154.784581	164.353742
154.783040	164.349121
154.781503	164.344508
154.779967	164.339902
154.778435	164.335304
154.776904	164.330713
154.775376	164.326129
154.773851	164.321553
154.772328	164.316985
154.770808	164.312423
154.769290	164.307869
154.767774	164.303322
154.766261	164.298783
154.764750	164.294251
154.763242	164.289726
154.761736	164.285209
154.760233	164.280699
154.758732	164.276196
154.757233	164.271700
154.755737	164.267212
154.754244	164.262731
154.752752	164.258257
154.751263	164.253790
154.749777	164.249331
154.748293	164.244879
154.746811	164.240433
154.745332	164.235996
154.743855	164.231565
154.742380	164.227141
154.740908	164.222725
154.739438	164.218315
154.737971	164.213913
154.736506	164.209518
154.735043	164.205130
154.733583	164.200749
154.732125	164.196375
154.730669	164.192008
154.729216	164.187649
154.727765	164.183296
154.726317	164.178950
154.724871	164.174612
154.723427	164.170280
154.721985	164.165955
154.720546	164.161638
154.719109	164.157327
154.717674	164.153023
154.716242	164.148726
154.714812	164.144437
154.713385	164.140154
154.711959	164.135878
154.710536	164.131609
154.709115	164.127346
154.707697	164.123091
154.706281	164.118843
154.704867	164.114601
154.703456	164.110367
154.702046	164.106139
154.700639	164.101918
154.699234	164.097703
154.697832	164.093496
154.696432	164.089296
154.695034	164.085102
154.693638	164.080915
154.692245	164.076735
154.690854	164.072561
154.689465	164.068394
154.688078	164.064234
154.686694	164.060081
154.685312	164.055935
154.683932	164.051795
154.682554	164.047662
154.681178	164.043535
154.679805	164.039415
154.678434	164.035302
154.677065	164.031196
154.675699	164.027096
154.674334	164.023003
154.672972	164.018916
154.671612	164.014837
154.670254	164.010763
154.668899	164.006696
154.667545	164.002636
154.666194	163.998583
154.664845	163.994536
154.663498	163.990495
154.662154	163.986461
154.660811	163.982434
154.659471	163.978413
154.658133	163.974399
154.656797	163.970391
154.655463	163.966390
154.654132	163.962395
154.652802	163.958406
154.651475	163.954424
154.650150	163.950449
154.648827	163.946480
154.647506	163.942517
154.646187	163.938561
154.644870	163.934611
154.643556	163.930668
154.642244	163.926731
154.640933	163.922800
154.639625	163.918876
154.638319	163.914958
154.637015	163.911046
154.635714	163.907141
154.634414	163.903242
154.633117	163.899350
154.631821	163.895464
154.630528	163.891584
154.629237	163.887710
154.627948	163.883843
154.626661	163.879982
154.625376	163.876127
154.624093	163.872278
154.622812	163.868436
154.621533	163.864600
154.620257	163.860770
154.618982	163.856946
154.617710	163.853129
154.616439	163.849317
154.615171	163.845512
154.613904	163.841713
154.612640	163.837920
154.611378	163.834134
154.610118	163.830353
154.608860	163.826579
154.607604	163.822811
154.606350	163.819049
154.605098	163.815293
154.603848	163.811543
154.602600	163.807799
154.601354	163.804061
154.600110	163.800330
154.598868	163.796604
154.597628	163.792884
154.596390	163.789171
154.595154	163.785463
154.593921	163.781762
154.592689	163.778066
154.591459	163.774377
154.590231	163.770693
154.589005	163.767016
154.587781	163.763344
154.586560	163.759679
154.585340	163.756019
154.584122	163.752366
154.582906	163.748718
154.581692	163.745076
154.580480	163.741440
154.579270	163.737810
154.578062	163.734186
154.576856	163.730568
154.575652	163.726956
154.574450	163.723349
154.573249	163.719748
154.572051	163.716154
154.570855	163.712565
154.569661	163.708982
154.568468	163.705404
154.567278	163.701833
154.566089	163.698267
154.564903	163.694708
154.563718	163.691154
154.562535	163.687605
154.561354	163.684063
154.560175	163.680526
154.558998	163.676995
154.557823	163.673470
154.556650	163.669950
154.555479	163.666436
154.554309	163.662928
154.553142	163.659426
154.551976	163.655929
154.550813	163.652438
154.549651	163.648953
154.548491	163.645473
154.547333	163.641999
154.546177	163.638531
154.545023	163.635068
154.543870	163.631611
154.542720	163.628160
154.541571	163.624714
154.540425	163.621274
154.539280	163.617839
154.538137	163.614410
154.536996	163.610987
154.535856	163.607569
154.534719	163.604156
154.533583	163.600750
154.532449	163.597348
154.531318	163.593953
154.530188	163.590563
154.529059	163.587178
154.527933	163.583799
154.526808	163.580425
154.525686	163.577057
154.524565	163.573694
154.523446	163.570337
154.522329	163.566986
154.521213	163.563639
154.520099	163.560298
154.518988	163.556963
154.517878	163.553633
154.516770	163.550309
154.515663	163.546990
154.514559	163.543676
154.513456	163.540368
154.512355	163.537065
154.511256	163.533767
154.510158	163.530475
154.509063	163.527188
154.507969	163.523907
154.506877	163.520631
154.505787	163.517360
154.504698	163.514094
154.503611	163.510834
154.502526	163.507579
154.501443	163.504330
154.500362	163.501086
154.499282	163.497847
154.498204	163.494613
154.497128	163.491385
154.496054	163.488162
154.494981	163.484944
154.493910	163.481731
154.492841	163.478524
154.491774	163.475322
154.490708	163.472125
154.489644	163.468933
154.488582	163.465747
154.487522	163.462565
154.486463	163.459389
154.485406	163.456218
154.484351	163.453052
154.483297	163.449892
154.482245	163.446736
154.481195	163.443586
154.480147	163.440441
154.479100	163.437301
154.478055	163.434166
154.477012	163.431036
154.475970	163.427911
154.474931	163.424792
154.473892	163.421677
154.472856	163.418568
154.471821	163.415463
154.470788	163.412364
154.469757	163.409270
154.468727	163.406181
154.467699	163.403097
154.466672	163.400017
154.465648	163.396943
154.464625	163.393874
154.463603	163.390810
154.462584	163.387751
154.461566	163.384697
154.460549	163.381648
154.459535	163.378604
154.458522	163.375565
154.457510	163.372530
154.456500	163.369501
154.455492	163.366477
154.454486	163.363458
154.453481	163.360443
154.452478	163.357434
154.451476	163.354429
154.450476	163.351429
154.449478	163.348435
154.448482	163.345445
154.447487	163.342460
154.446493	163.339479
154.445501	163.336504
154.444511	163.333534
154.443523	163.330568
154.442536	163.327607
154.441551	163.324652
154.440567	163.321700
154.439585	163.318754
154.438604	163.315813
154.437625	163.312876
154.436648	163.309944
154.435672	163.307017
154.434698	163.304095
154.433726	163.301178
154.432755	163.298265
154.431786	163.295357
154.430818	163.292454
154.429852	163.289555
154.428887	163.286662
154.427924	163.283773
154.426963	163.280888
154.426003	163.278009
154.425045	163.275134
154.424088	163.272264
154.423133	163.269398
154.422179	163.266537
154.421227	163.263681
154.420277	163.260830
154.419328	163.257983
154.418380	163.255141
154.417435	163.252304
154.416490	163.249471
154.415547	163.246642
154.414606	163.243819
154.413667	163.241000
154.412729	163.238186
154.411792	163.235376
154.410857	163.232571
154.409923	163.229770
154.408991	163.226974
154.408061	163.224183
154.407132	163.221396
154.406205	163.218614
154.405279	163.215836
154.404354	163.213063
154.403431	163.210294
154.402510	163.207530
154.401590	163.204770
154.400672	163.202015
154.399755	163.199264
154.398839	163.196518
154.397926	163.193777
154.397013	163.191040
154.396102	163.188307
154.395193	163.185579
154.394285	163.182855
154.393379	163.180136
154.392474	163.177421
154.391570	163.174711
154.390668	163.172005
154.389768	163.169303
154.388869	163.166606
154.387971	163.163914
154.387075	163.161225
154.386180	163.158541
154.385287	163.155862
154.384396	163.153187
154.383505	163.150516
154.382617	163.147850
154.381729	163.145188
154.380843	163.142530
154.379959	163.139877
154.379076	163.137228
154.378195	163.134584
154.377314	163.131943
154.376436	163.129308
154.375559	163.126676
154.374683	163.124049
154.373809	163.121426
154.372936	163.118807
154.372064	163.116193
154.371194	163.113582
154.370326	163.110977
154.369458	163.108375
154.368593	163.105778
154.367728	163.103185
154.366865	163.100596
154.366004	163.098011
154.365144	163.095431
154.364285	163.092855
154.363428	163.090283
154.362572	163.087715
154.361717	163.085152
154.360864	163.082593
154.360012	163.080037
154.359162	163.077487
154.358313	163.074940
154.357466	163.072397
154.356620	163.069859
154.355775	163.067325
154.354932	163.064795
154.354090	163.062269
154.353249	163.059747
154.352410	163.057229
154.351572	163.054716
154.350735	163.052206
154.349900	163.049701
154.349067	163.047200
154.348234	163.044703
154.347403	163.042210
154.346574	163.039721
154.345745	163.037236
154.344918	163.034755
154.344093	163.032279
154.343269	163.029806
154.342446	163.027338
154.341624	163.024873
154.340804	163.022413
154.339985	163.019956
154.339168	163.017504
154.338352	163.015055
154.337537	163.012611
154.336724	163.010171
154.335911	163.007734
154.335101	163.005302
154.334291	163.002874
154.333483	163.000449
154.332676	162.998029
154.331871	162.995612
154.331067	162.993200
154.330264	162.990791
154.329462	162.988387
154.328662	162.985986
154.327863	162.983589
154.327066	162.981197
154.326269	162.978808
154.325474	162.976423
154.324681	162.974042
154.323888	162.971665
154.323097	162.969292
154.322307	162.966922
154.321519	162.964557
154.320732	162.962195
154.319946	162.959838
154.319161	162.957484
154.318378	162.955134
154.317596	162.952788
154.316815	162.950446
154.316036	162.948107
154.315258	162.945773
154.314481	162.943442
154.313705	162.941115
154.312931	162.938792
154.312158	162.936473
154.311386	162.934157
154.310615	162.931846
154.309846	162.929538
154.309078	162.927234
154.308311	162.924933
154.307546	162.922637
154.306781	162.920344
154.306018	162.918055
154.305257	162.915770
154.304496	162.913489
154.303737	162.911211
154.302979	162.908937
154.302222	162.906667
154.301467	162.904400
154.300712	162.902137
154.299959	162.899878
154.299208	162.897623
154.298457	162.895371
154.297708	162.893123
154.296960	162.890879
154.296213	162.888638
154.295467	162.886402
154.294723	162.884168
154.293980	162.881939
154.293238	162.879713
154.292497	162.877491
154.291757	162.875272
154.291019	162.873057
154.290282	162.870846
154.289546	162.868638
154.288811	162.866434
154.288078	162.864234
154.287346	162.862037
154.286615	162.859844
154.285885	162.857654
154.285156	162.855468
154.284429	162.853286
154.283702	162.851107
154.282977	162.848932
154.282253	162.846760
154.281531	162.844592
154.280809	162.842427
154.280089	162.840266
154.279370	162.838109
154.278652	162.835955
154.277935	162.833805
154.277219	162.831658
154.276505	162.829515
154.275792	162.827375
154.275080	162.825239
154.274369	162.823106
154.273659	162.820977
154.272950	162.818851
154.272243	162.816729
154.271537	162.814610
154.270832	162.812495
154.270128	162.810383
154.269425	162.808275
154.268723	162.806170
154.268023	162.804068
154.267323	162.801970
154.266625	162.799876
154.265928	162.797785
154.265232	162.795697
154.264538	162.793613
154.263844	162.791532
154.263152	162.789455
154.262460	162.787381
154.261770	162.785311
154.261081	162.783244
154.260393	162.781180
154.259707	162.779120
154.259021	162.777063
154.258336	162.775009
154.257653	162.772959
154.256971	162.770912
154.256290	162.768869
154.255610	162.766829
154.254931	162.764792
154.254253	162.762759
154.253576	162.760729
154.252901	162.758702
154.252226	162.756679
154.251553	162.754659
154.250881	162.752642
154.250210	162.750629
154.249540	162.748619
154.248871	162.746612
154.248203	162.744609
154.247536	162.742609
154.246871	162.740612
154.246206	162.738618
154.245543	162.736628
154.244880	162.734641
154.244219	162.732658
154.243559	162.730677
154.242900	162.728700
154.242242	162.726726
154.241585	162.724755
154.240929	162.722788
154.240275	162.720824
154.239621	162.718863
154.238968	162.716905
154.238317	162.714950
154.237666	162.712999
154.237017	162.711051
154.236369	162.709106
154.235721	162.707164
154.235075	162.705226
154.234430	162.703291
154.233786	162.701358
154.233143	162.699430
154.232501	162.697504
154.231860	162.695581
154.231221	162.693662
154.230582	162.691746
154.229944	162.689832
154.229307	162.687922
154.228672	162.686016
154.228037	162.684112
154.227404	162.682211
154.226771	162.680314
154.226140	162.678420
154.225510	162.676529
154.224880	162.674641
154.224252	162.672756
154.223625	162.670874
154.222998	162.668995
154.222373	162.667119
154.221749	162.665247
154.221126	162.663377
154.220504	162.661511
154.219883	162.659648
154.219263	162.657788
154.218643	162.655930
154.218025	162.654076
154.217408	162.652225
154.216792	162.650377
154.216177	162.648532
154.215563	162.646690
154.214950	162.644851
154.214339	162.643016
154.213728	162.641183
154.213118	162.639353
154.212509	162.637526
154.211901	162.635702
154.211294	162.633881
154.210688	162.632064
154.210083	162.630249
154.209479	162.628437
154.208876	162.626628
154.208274	162.624822
154.207673	162.623020
154.207073	162.621220
154.206474	162.619423
154.205876	162.617629
154.205279	162.615838
154.204683	162.614050
154.204088	162.612265
154.203494	162.610482
154.202901	162.608703
154.202309	162.606927
154.201718	162.605154
154.201128	162.603383
154.200539	162.601616
154.199950	162.599851
154.199363	162.598089
154.198777	162.596330
154.198192	162.594575
154.197607	162.592822
154.197024	162.591071
154.196441	162.589324
154.195860	162.587580
154.195279	162.585838
154.194700	162.584100
154.194121	162.582364
154.193544	162.580631
154.192967	162.578901
154.192391	162.577174
154.191817	162.575450
154.191243	162.573728
154.190670	162.572010
154.190098	162.570294
154.189527	162.568581
154.188957	162.566871
154.188388	162.565163
154.187820	162.563459
154.187252	162.561757
154.186686	162.560058
154.186121	162.558362
154.185556	162.556669
154.184993	162.554978
154.184430	162.553291
154.183869	162.551606
154.183308	162.549924
154.182748	162.548244
154.182189	162.546568
154.181631	162.544894
154.181074	162.543223
154.180518	162.541554
154.179963	162.539889
154.179409	162.538226
154.178855	162.536566
154.178303	162.534909
154.177751	162.533254
154.177201	162.531602
154.176651	162.529953
154.176102	162.528307
154.175554	162.526663
154.175007	162.525022
154.174461	162.523384
154.173916	162.521748
154.173372	162.520115
154.172828	162.518485
154.172286	162.516858
154.171744	162.515233
154.171204	162.513611
154.170664	162.511991
154.170125	162.510374
154.169587	162.508760
154.169050	162.507149
154.168513	162.505540
154.167978	162.503934
154.167443	162.502330
154.166910	162.500730
154.166377	162.499131
154.165845	162.497536
154.165314	162.495943
154.164784	162.494353
154.164255	162.492765
154.163727	162.491180
154.163199	162.489597
154.162673	162.488018
154.162147	162.486440
154.161622	162.484866
154.161098	162.483294
154.160575	162.481724
154.160053	162.480158
