# Sandbox Data | Context: 101 | Index: 2 | Label: Sim CU-等围压不排水三轴试验
# Column_1: X_Axis	Column_2: Y_Axis
99.992207	2.024514
99.967981	4.046017
99.926954	6.061375
99.869131	8.067451
99.794723	10.061170
99.704107	12.039565
99.597797	13.999815
99.476420	15.939276
99.340705	17.855508
99.191460	19.746290
99.029556	21.609636
98.855914	23.443799
98.671484	25.247276
98.477239	27.018801
98.274153	28.757340
98.063197	30.462082
97.845324	32.132423
97.621466	33.767955
97.392519	35.368447
97.159348	36.933829
96.922772	38.464179
96.683570	39.959702
96.442473	41.420714
96.200167	42.847633
95.957290	44.240956
95.714432	45.601255
95.472140	46.929156
95.230916	48.225335
94.991217	49.490504
94.753462	50.725405
94.518031	51.930800
94.285265	53.107465
94.055472	54.256184
93.828928	55.377746
93.605878	56.472935
93.386540	57.542533
93.171106	58.587312
92.959744	59.608034
92.752598	60.605446
92.549794	61.580282
92.351438	62.533260
92.157621	63.465079
91.968415	64.376421
91.783882	65.267950
91.604067	66.140308
91.429006	66.994120
91.258724	67.829992
91.093235	68.648509
90.932545	69.450239
90.776654	70.235727
90.625551	71.005504
90.479223	71.760080
90.337649	72.499948
90.200803	73.225584
90.068655	73.937444
89.941170	74.635972
89.818312	75.321592
89.700039	75.994716
89.586309	76.655737
89.477075	77.305038
89.372289	77.942983
89.271903	78.569928
89.175864	79.186210
89.084121	79.792158
88.996620	80.388087
88.913307	80.974301
88.834128	81.551092
88.759026	82.118741
88.687946	82.677521
88.620833	83.227691
88.557629	83.769504
88.498279	84.303203
88.442727	84.829020
88.390917	85.347181
88.342792	85.857904
88.298299	86.361397
88.257381	86.857861
88.219985	87.347492
88.186055	87.830476
88.155539	88.306995
88.128382	88.777223
88.104534	89.241327
88.083940	89.699471
88.066551	90.151811
88.052314	90.598498
88.041181	91.039679
88.033101	91.475494
88.028026	91.906079
88.025908	92.331565
88.026698	92.752081
88.030350	93.167748
88.036818	93.578685
88.046056	93.985006
88.058020	94.386824
88.072666	94.784243
88.089949	95.177369
88.109828	95.566302
88.132260	95.951138
88.157203	96.331971
88.184617	96.708891
88.214462	97.081988
88.246698	97.451346
88.281286	97.817046
88.318188	98.179170
88.357366	98.537794
88.398784	98.892993
88.442405	99.244839
88.488193	99.593403
88.536112	99.938753
88.586129	100.280955
88.638209	100.620073
88.692318	100.956169
88.748423	101.289303
88.806493	101.619533
88.866494	101.946917
88.928396	102.271509
88.992167	102.593362
89.057778	102.912529
89.125197	103.229060
89.194397	103.543002
89.265347	103.854405
89.338019	104.163314
89.412385	104.469773
89.488418	104.773826
89.566090	105.075516
89.645374	105.374883
89.726244	105.671968
89.808674	105.966809
89.892639	106.259444
89.978114	106.549909
90.065073	106.838241
90.153492	107.124474
90.243347	107.408642
90.334615	107.690778
90.427273	107.970913
90.521296	108.249080
90.616663	108.525308
90.713352	108.799627
90.811340	109.072065
90.910607	109.342652
91.011129	109.611413
91.112888	109.878376
91.215861	110.143567
91.320029	110.407011
91.425371	110.668732
91.531868	110.928755
91.639500	111.187103
91.748248	111.443799
91.858092	111.698866
91.969015	111.952324
92.080998	112.204196
92.194022	112.454501
92.308070	112.703261
92.423124	112.950495
92.539166	113.196222
92.656179	113.440461
92.774147	113.683231
92.893052	113.924549
93.012878	114.164433
93.133609	114.402900
93.255228	114.639968
93.377720	114.875651
93.501068	115.109967
93.625258	115.342931
93.750275	115.574559
93.876102	115.804865
94.002726	116.033864
94.130131	116.261570
94.258303	116.487998
94.387228	116.713161
94.516892	116.937072
94.647280	117.159746
94.778379	117.381194
94.910175	117.601430
95.042654	117.820465
95.175804	118.038312
95.309612	118.254983
95.444063	118.470490
95.579147	118.684843
95.714849	118.898055
95.851157	119.110135
95.988059	119.321095
96.125544	119.530946
96.263598	119.739697
96.402209	119.947359
96.541367	120.153943
96.681059	120.359456
96.821275	120.563911
96.962001	120.767314
97.103229	120.969677
97.244945	121.171008
97.387140	121.371316
97.529802	121.570610
97.672920	121.768899
97.816485	121.966190
97.960486	122.162493
98.104912	122.357816
98.249753	122.552166
98.394999	122.745551
98.540640	122.937980
98.686666	123.129460
98.833067	123.319999
98.979834	123.509603
99.126958	123.698282
99.274427	123.886040
99.422235	124.072886
99.570370	124.258827
99.718824	124.443870
99.867588	124.628021
100.016654	124.811287
100.166011	124.993674
100.315652	125.175190
100.465568	125.355840
100.615750	125.535631
100.766190	125.714569
100.916880	125.892660
101.067811	126.069911
101.218975	126.246326
101.370365	126.421913
101.521971	126.596677
101.673787	126.770623
101.825804	126.943757
101.978015	127.116085
102.130412	127.287613
102.282988	127.458346
102.435735	127.628288
102.588646	127.797447
102.741713	127.965826
102.894930	128.133431
103.048288	128.300267
103.201782	128.466339
103.355404	128.631653
103.509148	128.796212
103.663006	128.960023
103.816971	129.123089
103.971038	129.285416
104.125199	129.447009
104.279449	129.607871
104.433780	129.768009
104.588186	129.927425
104.742661	130.086125
104.897200	130.244114
105.051794	130.401395
105.206440	130.557974
105.361130	130.713854
105.515858	130.869040
105.670620	131.023536
105.825408	131.177346
105.980218	131.330475
106.135043	131.482926
106.289878	131.634704
106.444718	131.785813
106.599557	131.936256
106.754390	132.086039
106.909211	132.235164
107.064015	132.383636
107.218797	132.531459
107.373551	132.678636
107.528274	132.825171
107.682959	132.971068
107.837601	133.116331
107.992197	133.260964
108.146740	133.404970
108.301227	133.548353
108.455651	133.691116
108.610010	133.833263
108.764298	133.974799
108.918511	134.115725
109.072643	134.256046
109.226692	134.395765
109.380652	134.534886
109.534518	134.673412
109.688288	134.811347
109.841956	134.948693
109.995518	135.085455
110.148971	135.221635
110.302310	135.357237
110.455531	135.492265
110.608631	135.626720
110.761605	135.760608
110.914449	135.893930
111.067160	136.026690
111.219735	136.158892
111.372168	136.290538
111.524457	136.421631
111.676599	136.552175
111.828588	136.682172
111.980423	136.811626
112.132100	136.940540
112.283614	137.068917
112.434964	137.196759
112.586145	137.324070
112.737154	137.450852
112.887989	137.577110
113.038645	137.702844
113.189120	137.828059
113.339411	137.952757
113.489515	138.076941
113.639428	138.200614
113.789148	138.323779
113.938672	138.446438
114.087997	138.568594
114.237120	138.690251
114.386038	138.811410
114.534749	138.932075
114.683250	139.052247
114.831539	139.171931
114.979612	139.291128
115.127467	139.409842
115.275102	139.528074
115.422514	139.645828
115.569701	139.763106
115.716661	139.879910
115.863390	139.996244
116.009887	140.112109
116.156149	140.227509
116.302174	140.342445
116.447960	140.456921
116.593505	140.570939
116.738806	140.684501
116.883862	140.797609
117.028670	140.910267
117.173229	141.022476
117.317535	141.134240
117.461589	141.245559
117.605386	141.356438
117.748927	141.466878
117.892208	141.576881
118.035228	141.686450
118.177985	141.795587
118.320477	141.904295
118.462703	142.012576
118.604661	142.120431
118.746349	142.227864
118.887766	142.334877
119.028910	142.441471
119.169780	142.547649
119.310373	142.653414
119.450689	142.758767
119.590726	142.863710
119.730482	142.968247
119.869957	143.072378
120.009148	143.176107
120.148055	143.279435
120.286676	143.382364
120.425010	143.484896
120.563055	143.587034
120.700811	143.688780
120.838276	143.790135
120.975449	143.891103
121.112328	143.991683
121.248913	144.091880
121.385203	144.191695
121.521196	144.291129
121.656892	144.390185
121.792289	144.488865
121.927387	144.587171
122.062184	144.685104
122.196679	144.782667
122.330873	144.879862
122.464763	144.976690
122.598348	145.073153
122.731629	145.169254
122.864604	145.264994
122.997273	145.360375
123.129634	145.455399
123.261687	145.550068
123.393431	145.644383
123.524866	145.738347
123.655990	145.831960
123.786804	145.925226
123.917306	146.018146
124.047496	146.110721
124.177373	146.202954
124.306937	146.294845
124.436188	146.386398
124.565123	146.477613
124.693744	146.568492
124.822050	146.659038
124.950040	146.749251
125.077713	146.839134
125.205070	146.928687
125.332110	147.017914
125.458832	147.106814
125.585237	147.195391
125.711323	147.283646
125.837090	147.371580
125.962539	147.459194
126.087669	147.546492
126.212479	147.633473
126.336969	147.720141
126.461140	147.806495
126.584990	147.892538
126.708520	147.978272
126.831730	148.063698
126.954618	148.148817
127.077186	148.233632
127.199433	148.318143
127.321358	148.402352
127.442962	148.486260
127.564245	148.569870
127.685206	148.653182
127.805846	148.736198
127.926164	148.818920
128.046161	148.901348
128.165835	148.983485
128.285188	149.065331
128.404220	149.146889
128.522930	149.228159
128.641318	149.309144
128.759385	149.389844
128.877130	149.470260
128.994554	149.550395
129.111656	149.630249
129.228437	149.709824
129.344897	149.789122
129.461036	149.868143
129.576854	149.946889
129.692352	150.025361
129.807528	150.103561
129.922385	150.181489
130.036921	150.259148
130.151137	150.336539
130.265034	150.413662
130.378611	150.490519
130.491868	150.567111
130.604806	150.643440
130.717426	150.719506
130.829727	150.795312
130.941709	150.870858
131.053374	150.946145
131.164721	151.021176
131.275750	151.095950
131.386462	151.170469
131.496858	151.244734
131.606936	151.318747
131.716699	151.392509
131.826146	151.466021
131.935277	151.539283
132.044094	151.612298
132.152595	151.685066
132.260783	151.757588
132.368656	151.829867
132.476216	151.901901
132.583463	151.973694
132.690397	152.045246
132.797019	152.116557
132.903328	152.187630
133.009327	152.258465
133.115015	152.329064
133.220392	152.399426
133.325459	152.469555
133.430216	152.539449
133.534664	152.609112
133.638804	152.678543
133.742635	152.747744
133.846159	152.816715
133.949376	152.885458
134.052286	152.953974
134.154890	153.022264
134.257189	153.090329
134.359182	153.158169
134.460871	153.225786
134.562256	153.293181
134.663337	153.360355
134.764116	153.427308
134.864592	153.494042
134.964766	153.560558
135.064640	153.626857
135.164212	153.692939
135.263485	153.758806
135.362458	153.824458
135.461132	153.889896
135.559507	153.955122
135.657585	154.020136
135.755366	154.084940
135.852851	154.149533
135.950039	154.213918
136.046932	154.278094
136.143531	154.342063
136.239835	154.405826
136.335846	154.469384
136.431564	154.532737
136.526990	154.595886
136.622125	154.658832
136.716968	154.721577
136.811522	154.784120
136.905785	154.846463
136.999760	154.908607
137.093446	154.970552
137.186845	155.032299
137.279957	155.093850
137.372782	155.155204
137.465322	155.216363
137.557577	155.277328
137.649547	155.338099
137.741234	155.398678
137.832637	155.459064
137.923759	155.519259
138.014598	155.579263
138.105157	155.639078
138.195436	155.698704
138.285435	155.758142
138.375155	155.817393
138.464597	155.876457
138.553761	155.935335
138.642649	155.994029
138.731260	156.052538
138.819596	156.110863
138.907658	156.169005
138.995445	156.226966
139.082959	156.284745
139.170201	156.342344
139.257170	156.399762
139.343869	156.457002
139.430297	156.514063
139.516455	156.570946
139.602344	156.627652
139.687965	156.684182
139.773318	156.740537
139.858405	156.796716
139.943225	156.852721
140.027779	156.908553
140.112069	156.964211
140.196095	157.019698
140.279858	157.075013
140.363358	157.130157
140.446596	157.185131
140.529573	157.239936
140.612290	157.294571
140.694747	157.349039
140.776945	157.403339
140.858885	157.457472
140.940567	157.511439
141.021992	157.565240
141.103162	157.618876
141.184076	157.672348
141.264735	157.725656
141.345141	157.778801
141.425293	157.831783
141.505193	157.884604
141.584842	157.937263
141.664239	157.989762
141.743386	158.042101
141.822284	158.094280
141.900933	158.146301
141.979334	158.198163
142.057487	158.249868
142.135394	158.301416
142.213055	158.352807
142.290471	158.404043
142.367643	158.455123
142.444570	158.506048
142.521255	158.556820
142.597698	158.607437
142.673899	158.657902
142.749859	158.708215
142.825579	158.758375
142.901060	158.808385
142.976303	158.858243
143.051307	158.907952
143.126074	158.957510
143.200605	159.006920
143.274900	159.056181
143.348960	159.105294
143.422786	159.154260
143.496378	159.203079
143.569737	159.251751
143.642865	159.300278
143.715760	159.348659
143.788425	159.396895
143.860860	159.444988
143.933066	159.492936
144.005044	159.540741
144.076793	159.588403
144.148315	159.635924
144.219611	159.683302
144.290681	159.730539
144.361526	159.777636
144.432147	159.824592
144.502544	159.871409
144.572719	159.918086
144.642671	159.964625
144.712402	160.011025
144.781911	160.057288
144.851201	160.103413
144.920272	160.149402
144.989123	160.195254
145.057757	160.240970
145.126173	160.286552
145.194373	160.331998
145.262357	160.377310
145.330126	160.422488
145.397680	160.467532
145.465020	160.512444
145.532147	160.557223
145.599062	160.601869
145.665765	160.646385
145.732257	160.690769
145.798538	160.735022
145.864610	160.779145
145.930473	160.823138
145.996127	160.867002
146.061573	160.910737
146.126813	160.954343
146.191846	160.997822
146.256674	161.041172
146.321296	161.084396
146.385714	161.127493
146.449929	161.170463
146.513940	161.213308
146.577749	161.256027
146.641357	161.298621
146.704763	161.341090
146.767969	161.383435
146.830976	161.425657
146.893783	161.467755
146.956392	161.509730
147.018803	161.551583
147.081017	161.593313
147.143035	161.634922
147.204857	161.676409
147.266484	161.717776
147.327916	161.759022
147.389154	161.800148
147.450199	161.841154
147.511052	161.882041
147.571713	161.922809
147.632182	161.963458
147.692461	162.003990
147.752550	162.044403
147.812449	162.084699
147.872159	162.124879
147.931682	162.164941
147.991017	162.204888
148.050165	162.244719
148.109127	162.284434
148.167903	162.324034
148.226494	162.363520
148.284901	162.402891
148.343124	162.442148
148.401163	162.481292
148.459020	162.520323
148.516696	162.559240
148.574190	162.598046
148.631503	162.636739
148.688636	162.675320
148.745589	162.713791
148.802364	162.752150
148.858960	162.790398
148.915379	162.828536
148.971621	162.866565
149.027685	162.904483
149.083574	162.942293
149.139288	162.979993
149.194827	163.017585
149.250192	163.055069
149.305383	163.092445
149.360401	163.129714
149.415247	163.166876
149.469921	163.203930
149.524424	163.240878
149.578756	163.277720
149.632918	163.314457
149.686910	163.351088
149.740734	163.387613
149.794389	163.424034
149.847876	163.460351
149.901196	163.496563
149.954349	163.532672
150.007336	163.568677
150.060158	163.604579
150.112815	163.640379
150.165307	163.676075
150.217635	163.711670
150.269800	163.747163
150.321803	163.782554
150.373643	163.817844
150.425321	163.853033
150.476838	163.888122
150.528195	163.923111
150.579391	163.957999
150.630428	163.992788
150.681306	164.027478
150.732026	164.062068
150.782588	164.096560
150.832992	164.130954
150.883240	164.165249
150.933331	164.199447
150.983267	164.233547
151.033047	164.267550
151.082672	164.301456
151.132144	164.335266
151.181462	164.368979
151.230626	164.402597
151.279638	164.436119
151.328498	164.469545
151.377206	164.502877
151.425764	164.536113
151.474170	164.569255
151.522427	164.602303
151.570534	164.635257
151.618492	164.668118
151.666301	164.700885
151.713963	164.733559
151.761477	164.766140
151.808844	164.798629
151.856064	164.831025
151.903138	164.863330
151.950067	164.895543
151.996851	164.927665
152.043490	164.959696
152.089985	164.991636
152.136336	165.023485
152.182545	165.055244
152.228610	165.086914
152.274534	165.118493
152.320316	165.149983
152.365957	165.181384
152.411457	165.212696
152.456817	165.243920
152.502037	165.275055
152.547118	165.306102
152.592060	165.337062
152.636864	165.367934
152.681529	165.398718
152.726058	165.429416
152.770449	165.460027
152.814704	165.490551
152.858823	165.520990
152.902807	165.551342
152.946655	165.581609
152.990369	165.611790
153.033949	165.641886
153.077394	165.671897
153.120707	165.701823
153.163887	165.731666
153.206934	165.761423
153.249849	165.791098
153.292633	165.820688
153.335286	165.850195
153.377808	165.879619
153.420200	165.908960
153.462463	165.938218
153.504596	165.967394
153.546600	165.996488
153.588476	166.025500
153.630224	166.054430
153.671844	166.083279
153.713337	166.112046
153.754703	166.140733
153.795943	166.169339
153.837057	166.197865
153.878046	166.226310
153.918910	166.254676
153.959649	166.282961
154.000264	166.311168
154.040755	166.339295
154.081123	166.367343
154.121368	166.395312
154.161491	166.423203
154.201491	166.451015
154.241370	166.478749
154.281127	166.506406
154.320764	166.533984
154.360280	166.561486
154.399676	166.588910
154.438952	166.616257
154.478109	166.643528
154.517147	166.670722
154.556067	166.697840
154.594868	166.724882
154.633552	166.751848
154.672119	166.778739
154.710568	166.805554
154.748902	166.832294
154.787119	166.858959
154.825220	166.885549
154.863206	166.912065
154.901077	166.938507
154.938833	166.964875
154.976476	166.991169
155.014004	167.017389
155.051419	167.043536
155.088721	167.069610
155.125910	167.095611
155.162987	167.121539
155.199952	167.147394
155.236805	167.173178
155.273548	167.198889
155.310179	167.224528
155.346700	167.250096
155.383111	167.275592
155.419412	167.301017
155.455604	167.326371
155.491686	167.351654
155.527660	167.376867
155.563526	167.402009
155.599284	167.427081
155.634935	167.452083
155.670478	167.477015
155.705914	167.501877
155.741244	167.526670
155.776467	167.551394
155.811585	167.576049
155.846598	167.600635
155.881505	167.625153
155.916308	167.649602
155.951006	167.673983
155.985600	167.698296
156.020090	167.722541
156.054477	167.746719
156.088761	167.770829
156.122942	167.794872
156.157021	167.818848
156.190998	167.842758
156.224873	167.866600
156.258647	167.890376
156.292320	167.914086
156.325892	167.937730
156.359364	167.961308
156.392736	167.984821
156.426008	168.008268
156.459180	168.031650
156.492254	168.054966
156.525229	168.078218
156.558106	168.101405
156.590884	168.124528
156.623565	168.147586
156.656148	168.170580
156.688634	168.193510
156.721023	168.216377
156.753316	168.239179
156.785513	168.261919
156.817614	168.284595
156.849619	168.307208
156.881529	168.329758
156.913344	168.352246
156.945065	168.374671
156.976691	168.397034
157.008224	168.419334
157.039662	168.441573
157.071007	168.463750
157.102260	168.485865
157.133419	168.507919
157.164486	168.529912
157.195461	168.551844
157.226343	168.573714
157.257135	168.595524
157.287835	168.617274
157.318444	168.638963
157.348962	168.660592
157.379390	168.682161
157.409728	168.703670
157.439976	168.725120
157.470135	168.746509
157.500204	168.767840
157.530184	168.789112
157.560076	168.810324
157.589879	168.831478
157.619595	168.852573
157.649222	168.873609
157.678762	168.894588
157.708215	168.915508
157.737581	168.936370
157.766860	168.957174
157.796053	168.977921
157.825160	168.998610
157.854180	169.019242
157.883116	169.039817
157.911966	169.060334
157.940731	169.080795
157.969411	169.101199
157.998007	169.121547
158.026519	169.141839
158.054946	169.162074
158.083290	169.182253
158.111551	169.202377
158.139729	169.222444
158.167823	169.242457
158.195836	169.262413
158.223766	169.282315
158.251613	169.302162
158.279379	169.321953
158.307064	169.341690
158.334667	169.361372
158.362189	169.381000
158.389631	169.400574
158.416992	169.420093
158.444273	169.439559
158.471474	169.458971
158.498595	169.478329
158.525636	169.497633
158.552599	169.516885
158.579482	169.536083
158.606287	169.555228
158.633013	169.574320
158.659661	169.593359
158.686231	169.612346
158.712724	169.631280
158.739139	169.650162
158.765476	169.668992
158.791737	169.687770
158.817921	169.706496
158.844029	169.725170
158.870060	169.743793
158.896015	169.762364
158.921895	169.780884
158.947699	169.799353
158.973428	169.817771
158.999081	169.836138
159.024660	169.854455
159.050165	169.872721
159.075595	169.890936
159.100951	169.909102
159.126233	169.927217
159.151441	169.945282
159.176576	169.963298
159.201638	169.981263
159.226627	169.999179
159.251543	170.017046
159.276387	170.034864
159.301158	170.052632
159.325858	170.070352
159.350485	170.088022
159.375041	170.105644
159.399526	170.123218
159.423940	170.140743
159.448283	170.158219
159.472555	170.175648
159.496756	170.193028
159.520888	170.210361
159.544949	170.227646
159.568941	170.244883
159.592863	170.262073
159.616715	170.279215
159.640499	170.296310
159.664214	170.313358
159.687859	170.330360
159.711437	170.347314
159.734946	170.364222
159.758387	170.381083
159.781760	170.397898
159.805066	170.414666
159.828304	170.431389
159.851475	170.448065
159.874579	170.464695
159.897616	170.481280
159.920587	170.497819
159.943491	170.514313
159.966329	170.530761
159.989101	170.547164
160.011808	170.563522
160.034448	170.579835
160.057024	170.596103
160.079534	170.612326
160.101979	170.628505
160.124360	170.644639
160.146676	170.660729
160.168927	170.676775
160.191115	170.692776
160.213238	170.708734
160.235298	170.724647
160.257295	170.740517
160.279227	170.756344
160.301097	170.772127
160.322904	170.787866
160.344648	170.803562
160.366329	170.819216
160.387949	170.834826
160.409505	170.850393
160.431000	170.865917
160.452433	170.881399
160.473805	170.896839
160.495115	170.912236
160.516364	170.927590
160.537552	170.942903
160.558678	170.958174
160.579745	170.973402
160.600751	170.988589
160.621696	171.003734
160.642581	171.018838
160.663407	171.033900
160.684173	171.048920
160.704879	171.063900
160.725525	171.078839
160.746113	171.093736
160.766642	171.108593
160.787111	171.123408
160.807522	171.138184
160.827875	171.152918
160.848169	171.167613
160.868406	171.182267
160.888584	171.196880
160.908705	171.211454
160.928767	171.225988
160.948773	171.240482
160.968721	171.254936
160.988613	171.269350
161.008447	171.283726
161.028225	171.298061
161.047946	171.312357
161.067611	171.326615
161.087219	171.340833
161.106772	171.355012
161.126269	171.369152
161.145710	171.383254
161.165096	171.397317
161.184426	171.411341
161.203701	171.425327
161.222921	171.439275
161.242086	171.453184
161.261197	171.467055
161.280253	171.480889
161.299255	171.494684
161.318203	171.508442
161.337096	171.522162
161.355936	171.535844
161.374722	171.549490
161.393455	171.563097
161.412134	171.576668
161.430760	171.590201
161.449333	171.603697
161.467854	171.617156
161.486321	171.630579
161.504736	171.643965
161.523099	171.657314
161.541409	171.670626
161.559667	171.683902
161.577874	171.697142
161.596028	171.710346
161.614131	171.723513
161.632183	171.736645
161.650183	171.749740
161.668132	171.762800
161.686031	171.775824
161.703878	171.788812
161.721675	171.801765
161.739421	171.814683
161.757117	171.827565
161.774762	171.840412
161.792358	171.853224
161.809903	171.866000
161.827399	171.878742
161.844846	171.891449
161.862242	171.904121
161.879590	171.916759
161.896888	171.929362
161.914138	171.941931
161.931338	171.954465
161.948490	171.966965
161.965593	171.979431
161.982648	171.991863
161.999654	172.004261
162.016612	172.016625
162.033523	172.028955
162.050385	172.041252
162.067200	172.053515
162.083967	172.065744
162.100687	172.077940
162.117359	172.090103
162.133985	172.102233
162.150563	172.114329
162.167095	172.126393
162.183579	172.138423
162.200018	172.150421
162.216409	172.162386
162.232755	172.174318
162.249054	172.186218
162.265307	172.198085
162.281515	172.209920
162.297676	172.221722
162.313792	172.233493
162.329863	172.245231
162.345888	172.256937
162.361868	172.268611
162.377803	172.280253
162.393693	172.291864
162.409538	172.303443
162.425339	172.314990
162.441095	172.326506
162.456807	172.337991
162.472474	172.349444
162.488097	172.360866
162.503676	172.372256
162.519212	172.383616
162.534703	172.394945
162.550151	172.406242
162.565556	172.417509
162.580917	172.428746
162.596235	172.439951
162.611509	172.451126
162.626741	172.462271
162.641930	172.473385
162.657076	172.484469
162.672180	172.495523
162.687241	172.506546
162.702260	172.517540
162.717237	172.528504
162.732171	172.539437
162.747064	172.550341
162.761914	172.561215
162.776723	172.572060
162.791491	172.582875
162.806217	172.593661
162.820901	172.604417
162.835545	172.615144
162.850147	172.625842
162.864708	172.636510
162.879229	172.647150
162.893708	172.657760
162.908147	172.668342
162.922546	172.678894
162.936904	172.689419
162.951222	172.699914
162.965500	172.710381
162.979737	172.720819
162.993935	172.731229
163.008093	172.741611
163.022212	172.751964
163.036290	172.762289
163.050330	172.772586
163.064330	172.782855
163.078291	172.793096
163.092212	172.803309
163.106095	172.813495
163.119939	172.823652
163.133744	172.833782
163.147510	172.843885
163.161238	172.853960
163.174928	172.864008
163.188579	172.874028
163.202192	172.884021
163.215767	172.893987
163.229304	172.903925
163.242803	172.913837
163.256265	172.923722
163.269689	172.933579
163.283075	172.943410
163.296424	172.953215
163.309735	172.962992
163.323010	172.972743
163.336247	172.982468
163.349447	172.992166
163.362611	173.001837
163.375738	173.011483
163.388828	173.021102
163.401881	173.030695
163.414898	173.040262
163.427879	173.049803
163.440823	173.059318
163.453732	173.068807
163.466604	173.078270
163.479441	173.087708
163.492241	173.097120
163.505006	173.106506
163.517736	173.115867
163.530430	173.125203
163.543088	173.134513
163.555711	173.143798
163.568299	173.153057
163.580852	173.162292
163.593370	173.171501
163.605853	173.180685
163.618302	173.189845
163.630715	173.198979
163.643094	173.208089
163.655439	173.217174
163.667749	173.226234
163.680025	173.235270
163.692267	173.244281
163.704475	173.253268
163.716649	173.262230
163.728788	173.271168
163.740895	173.280081
163.752967	173.288971
163.765006	173.297836
163.777011	173.306677
163.788983	173.315495
163.800922	173.324288
163.812827	173.333057
163.824700	173.341803
163.836539	173.350525
163.848345	173.359223
163.860119	173.367898
163.871860	173.376549
163.883568	173.385176
163.895244	173.393781
163.906888	173.402361
163.918499	173.410919
163.930077	173.419453
163.941624	173.427964
163.953139	173.436453
163.964621	173.444918
163.976072	173.453360
163.987491	173.461779
163.998878	173.470175
164.010234	173.478549
164.021558	173.486900
164.032851	173.495228
164.044112	173.503534
164.055342	173.511817
164.066541	173.520077
164.077709	173.528316
164.088846	173.536532
164.099953	173.544725
164.111028	173.552897
164.122073	173.561046
164.133087	173.569173
164.144070	173.577278
164.155023	173.585361
164.165946	173.593423
164.176838	173.601462
164.187701	173.609480
164.198533	173.617475
164.209335	173.625450
164.220107	173.633402
164.230850	173.641333
164.241563	173.649243
164.252246	173.657131
164.262899	173.664998
164.273523	173.672843
164.284118	173.680667
164.294683	173.688470
164.305219	173.696252
164.315726	173.704013
164.326204	173.711752
164.336653	173.719471
164.347073	173.727169
164.357464	173.734846
164.367826	173.742502
164.378160	173.750137
164.388465	173.757752
164.398742	173.765346
164.408990	173.772920
164.419210	173.780473
164.429402	173.788005
164.439566	173.795518
164.449701	173.803009
164.459809	173.810481
164.469888	173.817932
164.479940	173.825364
164.489964	173.832775
164.499960	173.840166
164.509929	173.847536
164.519870	173.854887
164.529784	173.862219
164.539670	173.869530
164.549529	173.876821
164.559361	173.884093
164.569166	173.891345
164.578944	173.898577
164.588694	173.905790
164.598418	173.912984
164.608115	173.920157
164.617785	173.927312
164.627429	173.934447
164.637046	173.941563
164.646636	173.948659
164.656200	173.955737
164.665738	173.962795
164.675249	173.969834
164.684734	173.976854
164.694193	173.983855
164.703626	173.990837
164.713033	173.997800
164.722414	174.004744
164.731769	174.011670
164.741099	174.018577
164.750402	174.025465
164.759680	174.032334
164.768933	174.039185
164.778160	174.046018
164.787362	174.052832
164.796538	174.059627
164.805689	174.066404
164.814815	174.073163
164.823915	174.079904
164.832991	174.086626
164.842041	174.093330
164.851067	174.100016
164.860068	174.106684
164.869044	174.113334
164.877996	174.119966
164.886922	174.126580
164.895825	174.133176
164.904703	174.139754
164.913556	174.146315
164.922385	174.152857
164.931190	174.159383
164.939970	174.165890
164.948726	174.172380
164.957459	174.178852
164.966167	174.185307
164.974851	174.191744
164.983512	174.198164
164.992149	174.204567
165.000762	174.210952
165.009351	174.217320
165.017916	174.223671
165.026459	174.230005
165.034977	174.236321
165.043473	174.242621
165.051945	174.248903
165.060393	174.255169
165.068819	174.261417
165.077221	174.267649
165.085600	174.273864
165.093957	174.280062
165.102290	174.286244
165.110600	174.292408
165.118888	174.298556
165.127153	174.304688
165.135395	174.310802
165.143615	174.316901
165.151812	174.322983
165.159986	174.329048
165.168138	174.335097
165.176268	174.341130
165.184375	174.347146
165.192461	174.353146
165.200524	174.359130
165.208565	174.365098
165.216584	174.371050
165.224580	174.376985
165.232555	174.382905
165.240508	174.388809
165.248440	174.394696
165.256349	174.400568
165.264237	174.406424
165.272103	174.412264
165.279948	174.418089
165.287771	174.423897
165.295573	174.429690
165.303353	174.435468
165.311112	174.441229
165.318850	174.446975
165.326567	174.452706
165.334262	174.458421
165.341937	174.464121
165.349590	174.469806
165.357222	174.475475
165.364834	174.481128
165.372425	174.486767
165.379995	174.492390
165.387544	174.497998
165.395072	174.503591
165.402580	174.509169
165.410067	174.514732
165.417534	174.520280
165.424981	174.525813
165.432407	174.531331
165.439812	174.536834
165.447198	174.542322
165.454563	174.547796
165.461908	174.553254
165.469233	174.558698
165.476538	174.564127
165.483823	174.569542
165.491088	174.574942
165.498333	174.580327
165.505559	174.585698
165.512764	174.591055
165.519950	174.596397
165.527116	174.601724
165.534263	174.607038
165.541390	174.612336
165.548498	174.617621
165.555586	174.622891
165.562655	174.628148
165.569705	174.633389
165.576735	174.638617
165.583746	174.643831
165.590738	174.649031
165.597711	174.654216
165.604664	174.659388
165.611599	174.664546
165.618515	174.669690
165.625412	174.674820
165.632290	174.679936
165.639149	174.685038
165.645990	174.690127
165.652812	174.695202
165.659615	174.700263
165.666400	174.705310
165.673166	174.710344
165.679913	174.715365
165.686643	174.720372
165.693354	174.725365
165.700046	174.730345
165.706720	174.735311
165.713376	174.740264
165.720014	174.745204
165.726634	174.750131
165.733236	174.755044
165.739820	174.759944
165.746386	174.764830
165.752933	174.769704
165.759463	174.774564
165.765976	174.779412
165.772470	174.784246
165.778947	174.789067
165.785406	174.793876
165.791847	174.798671
165.798271	174.803453
165.804677	174.808223
165.811066	174.812980
165.817438	174.817723
165.823792	174.822454
165.830129	174.827173
165.836448	174.831878
165.842750	174.836571
165.849035	174.841252
165.855303	174.845919
165.861554	174.850575
165.867788	174.855217
165.874005	174.859847
165.880205	174.864465
165.886388	174.869070
165.892554	174.873663
165.898704	174.878243
165.904836	174.882811
165.910952	174.887367
165.917051	174.891911
165.923134	174.896442
165.929200	174.900961
165.935250	174.905468
165.941283	174.909963
165.947299	174.914446
165.953300	174.918916
165.959284	174.923375
165.965251	174.927821
165.971203	174.932256
165.977138	174.936679
165.983057	174.941089
165.988960	174.945488
165.994847	174.949875
166.000718	174.954251
166.006573	174.958614
166.012411	174.962966
166.018235	174.967306
166.024042	174.971634
166.029833	174.975951
166.035609	174.980256
166.041369	174.984550
166.047113	174.988832
166.052842	174.993102
166.058555	174.997361
166.064252	175.001608
166.069934	175.005844
166.075601	175.010069
166.081252	175.014282
166.086888	175.018484
166.092508	175.022675
166.098113	175.026854
166.103703	175.031022
166.109278	175.035179
166.114838	175.039325
166.120382	175.043459
166.125911	175.047583
166.131426	175.051695
166.136925	175.055797
166.142410	175.059887
166.147879	175.063966
166.153334	175.068034
166.158774	175.072092
166.164199	175.076138
166.169609	175.080174
166.175005	175.084198
166.180386	175.088212
166.185752	175.092215
166.191104	175.096207
166.196441	175.100189
166.201764	175.104160
166.207072	175.108120
166.212366	175.112069
166.217645	175.116008
166.222910	175.119937
166.228161	175.123854
166.233398	175.127762
166.238620	175.131658
166.243828	175.135545
166.249022	175.139420
166.254202	175.143286
166.259368	175.147141
166.264520	175.150985
166.269658	175.154819
166.274782	175.158643
166.279891	175.162457
166.284988	175.166260
166.290070	175.170054
166.295138	175.173837
166.300193	175.177609
166.305234	175.181372
166.310261	175.185125
166.315275	175.188867
166.320275	175.192600
166.325262	175.196322
166.330235	175.200034
166.335194	175.203737
166.340140	175.207429
166.345073	175.211112
166.349992	175.214784
166.354898	175.218447
166.359791	175.222100
166.364670	175.225743
166.369536	175.229376
166.374389	175.233000
166.379229	175.236614
166.384056	175.240218
166.388869	175.243812
166.393670	175.247397
166.398457	175.250972
166.403231	175.254538
166.407993	175.258094
166.412742	175.261640
166.417477	175.265177
166.422200	175.268704
166.426910	175.272222
166.431608	175.275730
166.436292	175.279229
166.440964	175.282719
166.445624	175.286199
166.450270	175.289670
166.454904	175.293131
166.459526	175.296584
166.464135	175.300027
166.468731	175.303460
166.473315	175.306885
166.477887	175.310300
166.482446	175.313706
166.486993	175.317103
166.491527	175.320491
166.496050	175.323870
166.500560	175.327239
166.505058	175.330600
166.509543	175.333952
166.514017	175.337294
166.518478	175.340628
166.522927	175.343952
166.527364	175.347268
166.531790	175.350575
166.536203	175.353873
166.540604	175.357162
166.544994	175.360442
166.549371	175.363714
166.553737	175.366976
166.558090	175.370230
166.562432	175.373475
166.566763	175.376712
166.571081	175.379939
166.575388	175.383159
166.579683	175.386369
166.583967	175.389571
166.588239	175.392764
166.592499	175.395949
166.596748	175.399125
166.600985	175.402292
166.605211	175.405451
166.609426	175.408602
166.613629	175.411744
166.617821	175.414878
166.622001	175.418003
166.626170	175.421120
166.630328	175.424228
166.634474	175.427328
166.638610	175.430420
166.642734	175.433504
166.646847	175.436579
166.650949	175.439646
166.655039	175.442705
166.659119	175.445755
166.663188	175.448798
166.667245	175.451832
166.671292	175.454858
166.675328	175.457876
166.679353	175.460886
166.683366	175.463888
166.687370	175.466881
166.691362	175.469867
166.695343	175.472845
166.699314	175.475814
166.703274	175.478776
166.707223	175.481730
166.711162	175.484676
166.715090	175.487614
166.719007	175.490544
166.722914	175.493466
166.726810	175.496380
166.730695	175.499287
166.734571	175.502185
166.738435	175.505076
166.742289	175.507959
166.746133	175.510835
166.749967	175.513703
166.753790	175.516563
166.757602	175.519415
166.761405	175.522260
166.765197	175.525097
166.768979	175.527926
166.772751	175.530748
166.776512	175.533562
166.780263	175.536369
166.784005	175.539168
166.787736	175.541960
166.791457	175.544744
166.795168	175.547521
166.798869	175.550290
166.802560	175.553052
166.806240	175.555807
166.809912	175.558554
166.813573	175.561293
166.817224	175.564026
166.820865	175.566751
166.824497	175.569468
166.828118	175.572179
166.831730	175.574882
166.835333	175.577578
166.838925	175.580266
166.842508	175.582948
166.846081	175.585622
166.849644	175.588289
166.853198	175.590949
166.856742	175.593602
166.860277	175.596248
166.863802	175.598886
166.867318	175.601518
166.870824	175.604142
166.874321	175.606760
166.877808	175.609370
166.881286	175.611973
166.884754	175.614570
166.888213	175.617159
166.891663	175.619742
166.895103	175.622317
166.898534	175.624886
166.901956	175.627448
166.905369	175.630003
166.908772	175.632551
166.912166	175.635092
166.915552	175.637627
166.918928	175.640154
166.922294	175.642675
166.925652	175.645189
166.929001	175.647696
166.932340	175.650197
166.935671	175.652691
166.938993	175.655178
166.942306	175.657659
166.945609	175.660133
166.948904	175.662600
166.952190	175.665061
166.955467	175.667515
166.958736	175.669962
166.961995	175.672403
166.965246	175.674838
166.968488	175.677265
166.971721	175.679687
166.974945	175.682102
166.978161	175.684510
166.981368	175.686912
166.984566	175.689307
166.987756	175.691697
166.990937	175.694079
166.994110	175.696455
166.997274	175.698825
167.000430	175.701189
167.003577	175.703546
167.006715	175.705897
167.009845	175.708242
167.012967	175.710580
167.016080	175.712912
167.019185	175.715238
167.022282	175.717557
167.025370	175.719871
167.028449	175.722178
167.031521	175.724479
167.034584	175.726774
167.037639	175.729062
167.040686	175.731345
167.043724	175.733621
167.046755	175.735892
167.049777	175.738156
167.052791	175.740414
167.055797	175.742666
167.058795	175.744912
167.061784	175.747152
167.064766	175.749386
167.067740	175.751614
167.070705	175.753836
167.073663	175.756052
167.076613	175.758263
167.079554	175.760467
167.082488	175.762665
167.085414	175.764858
167.088332	175.767044
167.091242	175.769225
167.094145	175.771400
167.097039	175.773569
167.099926	175.775732
167.102805	175.777890
167.105676	175.780041
167.108539	175.782187
167.111395	175.784328
167.114243	175.786462
167.117083	175.788591
167.119916	175.790714
167.122741	175.792831
167.125559	175.794943
167.128369	175.797049
167.131171	175.799149
167.133966	175.801244
167.136753	175.803333
167.139533	175.805416
167.142305	175.807494
167.145070	175.809567
167.147827	175.811634
167.150577	175.813695
167.153320	175.815751
167.156055	175.817801
167.158783	175.819846
167.161503	175.821885
167.164216	175.823919
167.166922	175.825947
167.169621	175.827970
167.172312	175.829988
167.174996	175.832000
167.177673	175.834006
167.180342	175.836008
167.183005	175.838004
167.185660	175.839994
167.188308	175.841980
167.190949	175.843960
167.193583	175.845934
167.196210	175.847904
167.198829	175.849868
167.201442	175.851827
167.204048	175.853780
167.206646	175.855729
167.209238	175.857672
167.211823	175.859610
167.214400	175.861543
167.216971	175.863470
167.219535	175.865393
167.222092	175.867310
167.224642	175.869222
167.227185	175.871129
167.229722	175.873031
167.232251	175.874928
167.234774	175.876820
167.237290	175.878707
167.239799	175.880588
167.242301	175.882465
167.244797	175.884336
167.247286	175.886203
167.249768	175.888065
167.252244	175.889921
167.254713	175.891773
167.257175	175.893619
167.259631	175.895461
167.262080	175.897298
167.264523	175.899130
167.266959	175.900957
167.269388	175.902779
167.271811	175.904596
167.274227	175.906408
167.276637	175.908216
167.279040	175.910019
167.281437	175.911816
167.283828	175.913609
167.286212	175.915398
167.288589	175.917181
167.290961	175.918960
167.293325	175.920733
167.295684	175.922503
167.298036	175.924267
167.300382	175.926027
167.302721	175.927782
167.305055	175.929532
167.307382	175.931277
167.309702	175.933018
167.312017	175.934755
167.314325	175.936486
167.316627	175.938213
167.318923	175.939935
167.321213	175.941653
167.323496	175.943366
167.325774	175.945075
167.328045	175.946779
167.330310	175.948478
167.332569	175.950173
167.334822	175.951863
167.337069	175.953549
167.339310	175.955231
167.341545	175.956907
167.343774	175.958580
167.345997	175.960247
167.348214	175.961911
167.350425	175.963570
167.352630	175.965224
167.354829	175.966874
167.357022	175.968520
167.359209	175.970161
167.361391	175.971798
167.363566	175.973430
167.365736	175.975058
167.367900	175.976682
167.370058	175.978301
167.372210	175.979917
167.374357	175.981527
167.376497	175.983134
167.378632	175.984736
167.380761	175.986334
167.382885	175.987927
167.385003	175.989516
167.387115	175.991101
167.389221	175.992682
167.391322	175.994259
167.393417	175.995831
167.395507	175.997399
167.397591	175.998963
167.399669	176.000523
167.401742	176.002079
167.403809	176.003630
167.405871	176.005177
167.407927	176.006720
167.409977	176.008259
167.412022	176.009794
167.414062	176.011325
167.416096	176.012852
167.418124	176.014374
167.420148	176.015893
167.422165	176.017407
167.424178	176.018918
167.426184	176.020424
167.428186	176.021926
167.430182	176.023425
167.432173	176.024919
167.434158	176.026409
167.436138	176.027895
167.438113	176.029378
167.440083	176.030856
167.442047	176.032331
167.444006	176.033801
167.445960	176.035268
167.447908	176.036730
167.449851	176.038189
167.451789	176.039644
167.453722	176.041095
167.455649	176.042542
167.457572	176.043985
167.459489	176.045424
167.461401	176.046860
167.463308	176.048291
167.465210	176.049719
167.467107	176.051143
167.468998	176.052563
167.470885	176.053979
167.472767	176.055392
167.474643	176.056801
167.476514	176.058206
167.478381	176.059607
167.480242	176.061004
167.482099	176.062398
167.483950	176.063788
167.485796	176.065175
167.487638	176.066557
167.489475	176.067936
167.491306	176.069311
167.493133	176.070683
167.494955	176.072051
167.496772	176.073415
167.498584	176.074776
167.500391	176.076133
167.502193	176.077486
167.503991	176.078836
167.505783	176.080182
167.507571	176.081524
167.509354	176.082863
167.511132	176.084198
167.512906	176.085530
167.514675	176.086858
167.516439	176.088183
167.518198	176.089504
167.519952	176.090821
167.521702	176.092135
167.523447	176.093446
167.525188	176.094753
167.526924	176.096056
167.528655	176.097356
167.530381	176.098653
167.532103	176.099946
167.533820	176.101236
167.535533	176.102522
167.537241	176.103805
167.538945	176.105084
167.540643	176.106360
167.542338	176.107632
167.544028	176.108901
167.545713	176.110167
167.547394	176.111429
167.549070	176.112688
167.550742	176.113944
167.552409	176.115196
167.554072	176.116445
167.555730	176.117690
167.557384	176.118932
167.559033	176.120171
167.560678	176.121407
167.562319	176.122639
167.563955	176.123868
167.565587	176.125093
167.567214	176.126316
167.568837	176.127535
167.570456	176.128751
167.572070	176.129963
167.573680	176.131173
167.575286	176.132379
167.576888	176.133582
167.578485	176.134781
167.580077	176.135978
167.581666	176.137171
167.583250	176.138361
167.584830	176.139548
167.586406	176.140732
167.587978	176.141912
167.589545	176.143090
167.591108	176.144264
167.592667	176.145435
167.594222	176.146603
167.595773	176.147768
167.597319	176.148930
167.598862	176.150088
167.600400	176.151244
167.601934	176.152396
167.603464	176.153546
167.604990	176.154692
167.606512	176.155835
167.608029	176.156975
167.609543	176.158112
167.611053	176.159247
167.612558	176.160378
167.614060	176.161506
167.615557	176.162631
167.617051	176.163753
167.618540	176.164872
167.620025	176.165988
167.621507	176.167101
167.622984	176.168211
167.624458	176.169318
167.625928	176.170422
167.627393	176.171523
167.628855	176.172621
167.630313	176.173717
167.631767	176.174809
167.633217	176.175899
167.634663	176.176985
167.636105	176.178069
167.637543	176.179149
167.638978	176.180227
167.640409	176.181302
167.641835	176.182374
167.643258	176.183444
167.644678	176.184510
167.646093	176.185574
167.647505	176.186634
167.648913	176.187692
167.650317	176.188747
167.651717	176.189799
167.653113	176.190849
167.654506	176.191895
167.655895	176.192939
167.657281	176.193980
167.658662	176.195018
167.660040	176.196054
167.661414	176.197086
167.662785	176.198116
167.664152	176.199143
167.665515	176.200168
167.666875	176.201189
167.668231	176.202208
167.669583	176.203225
167.670932	176.204238
167.672277	176.205249
167.673618	176.206257
167.674956	176.207262
167.676290	176.208265
167.677621	176.209265
167.678948	176.210262
167.680272	176.211257
167.681592	176.212249
167.682908	176.213239
167.684221	176.214225
167.685531	176.215209
167.686837	176.216191
167.688139	176.217170
167.689438	176.218146
167.690733	176.219120
167.692025	176.220091
167.693314	176.221059
167.694599	176.222025
167.695881	176.222988
167.697159	176.223949
167.698434	176.224907
167.699705	176.225862
167.700973	176.226815
167.702238	176.227766
167.703499	176.228714
167.704757	176.229659
167.706011	176.230602
167.707262	176.231542
167.708510	176.232480
167.709754	176.233415
167.710995	176.234348
167.712233	176.235279
167.713468	176.236206
167.714699	176.237132
167.715927	176.238055
167.717151	176.238975
167.718372	176.239893
167.719590	176.240809
167.720805	176.241722
167.722017	176.242632
167.723225	176.243540
167.724430	176.244446
167.725632	176.245350
167.726830	176.246250
167.728025	176.247149
167.729218	176.248045
167.730406	176.248939
167.731592	176.249830
167.732775	176.250719
167.733954	176.251606
167.735131	176.252490
167.736304	176.253372
167.737474	176.254251
167.738640	176.255128
167.739804	176.256003
167.740965	176.256876
167.742122	176.257746
167.743277	176.258614
167.744428	176.259479
167.745576	176.260342
167.746721	176.261203
167.747863	176.262062
167.749002	176.262918
167.750138	176.263772
167.751271	176.264624
167.752401	176.265473
167.753528	176.266320
167.754652	176.267165
167.755773	176.268008
167.756891	176.268848
167.758005	176.269686
167.759117	176.270522
167.760226	176.271356
167.761332	176.272187
167.762435	176.273017
167.763535	176.273844
167.764632	176.274668
167.765726	176.275491
167.766817	176.276311
167.767906	176.277130
167.768991	176.277946
167.770074	176.278759
167.771153	176.279571
167.772230	176.280381
167.773304	176.281188
167.774375	176.281993
167.775443	176.282796
167.776508	176.283597
167.777570	176.284396
167.778630	176.285192
167.779686	176.285987
167.780740	176.286779
167.781791	176.287569
167.782839	176.288357
167.783885	176.289143
167.784927	176.289927
167.785967	176.290709
167.787004	176.291489
167.788038	176.292267
167.789070	176.293042
167.790099	176.293816
167.791125	176.294587
167.792148	176.295357
167.793168	176.296124
167.794186	176.296889
167.795201	176.297652
167.796213	176.298414
167.797223	176.299173
167.798230	176.299930
167.799234	176.300685
167.800236	176.301438
167.801234	176.302189
167.802231	176.302938
167.803224	176.303685
167.804215	176.304430
167.805203	176.305173
167.806189	176.305915
167.807172	176.306654
167.808152	176.307391
167.809130	176.308126
167.810105	176.308859
167.811077	176.309590
167.812047	176.310320
167.813014	176.311047
167.813979	176.311773
167.814941	176.312496
167.815900	176.313218
167.816857	176.313937
167.817812	176.314655
167.818763	176.315371
167.819713	176.316085
167.820659	176.316796
167.821604	176.317507
167.822545	176.318215
167.823484	176.318921
167.824421	176.319625
167.825355	176.320328
167.826287	176.321028
167.827216	176.321727
167.828143	176.322424
167.829067	176.323119
167.829988	176.323812
167.830908	176.324504
167.831824	176.325193
167.832739	176.325881
167.833651	176.326567
167.834560	176.327250
167.835467	176.327933
167.836372	176.328613
167.837274	176.329291
167.838173	176.329968
167.839071	176.330643
167.839966	176.331316
167.840858	176.331987
167.841748	176.332657
167.842636	176.333325
167.843522	176.333990
167.844405	176.334655
167.845285	176.335317
167.846164	176.335978
167.847040	176.336636
167.847913	176.337293
167.848785	176.337949
167.849653	176.338602
167.850520	176.339254
167.851384	176.339904
167.852246	176.340553
167.853106	176.341199
167.853963	176.341844
167.854819	176.342487
167.855671	176.343129
167.856522	176.343768
167.857370	176.344406
167.858216	176.345043
167.859060	176.345677
167.859901	176.346310
167.860741	176.346941
167.861578	176.347571
167.862412	176.348199
167.863245	176.348825
167.864075	176.349450
167.864903	176.350072
167.865729	176.350694
167.866553	176.351313
167.867374	176.351931
167.868193	176.352547
167.869010	176.353162
167.869825	176.353775
167.870638	176.354386
167.871448	176.354996
167.872257	176.355604
167.873063	176.356210
167.873867	176.356815
167.874669	176.357418
167.875469	176.358020
167.876266	176.358620
167.877062	176.359218
167.877855	176.359815
167.878646	176.360410
167.879435	176.361004
167.880222	176.361596
167.881007	176.362186
167.881790	176.362775
167.882571	176.363362
167.883349	176.363948
167.884126	176.364532
167.884900	176.365115
167.885672	176.365696
167.886443	176.366275
167.887211	176.366853
167.887977	176.367429
167.888741	176.368004
167.889503	176.368577
167.890263	176.369149
167.891022	176.369719
167.891778	176.370288
167.892531	176.370855
167.893283	176.371421
167.894033	176.371985
167.894781	176.372548
167.895527	176.373109
167.896271	176.373669
167.897013	176.374227
167.897753	176.374784
167.898491	176.375339
167.899227	176.375893
167.899961	176.376445
167.900693	176.376996
167.901424	176.377545
167.902152	176.378093
167.902878	176.378639
167.903602	176.379184
167.904325	176.379727
167.905045	176.380269
167.905764	176.380810
167.906480	176.381349
167.907195	176.381887
167.907908	176.382423
167.908618	176.382958
167.909327	176.383491
167.910034	176.384023
167.910740	176.384554
167.911443	176.385083
167.912144	176.385611
167.912844	176.386137
167.913542	176.386662
167.914237	176.387185
167.914931	176.387707
167.915623	176.388228
167.916314	176.388747
167.917002	176.389265
167.917688	176.389782
167.918373	176.390297
167.919056	176.390811
167.919737	176.391323
167.920416	176.391834
167.921094	176.392344
167.921769	176.392852
167.922443	176.393359
167.923115	176.393865
167.923785	176.394369
167.924454	176.394872
167.925120	176.395373
167.925785	176.395874
167.926448	176.396373
167.927110	176.396870
167.927769	176.397366
167.928427	176.397861
167.929083	176.398355
167.929737	176.398847
167.930390	176.399338
167.931040	176.399828
167.931689	176.400316
167.932337	176.400803
167.932982	176.401289
167.933626	176.401773
167.934268	176.402256
167.934909	176.402738
167.935547	176.403219
167.936184	176.403698
167.936820	176.404176
167.937453	176.404653
167.938085	176.405128
167.938715	176.405603
167.939344	176.406075
167.939971	176.406547
167.940596	176.407018
167.941219	176.407487
167.941841	176.407955
167.942461	176.408421
167.943080	176.408887
167.943697	176.409351
167.944312	176.409814
167.944925	176.410275
167.945537	176.410736
167.946147	176.411195
167.946756	176.411653
167.947363	176.412110
167.947969	176.412565
167.948572	176.413020
167.949174	176.413473
167.949775	176.413925
167.950374	176.414375
167.950971	176.414825
167.951567	176.415273
167.952161	176.415720
167.952754	176.416166
167.953345	176.416611
167.953934	176.417055
167.954522	176.417497
167.955108	176.417938
167.955693	176.418378
167.956276	176.418817
167.956858	176.419254
167.957438	176.419691
167.958016	176.420126
167.958593	176.420560
167.959169	176.420993
167.959742	176.421425
167.960315	176.421856
167.960886	176.422285
167.961455	176.422714
167.962023	176.423141
167.962589	176.423567
167.963154	176.423992
167.963717	176.424416
167.964278	176.424839
167.964839	176.425260
167.965397	176.425681
167.965955	176.426100
167.966510	176.426518
167.967064	176.426935
167.967617	176.427351
167.968169	176.427766
167.968718	176.428180
167.969267	176.428593
167.969814	176.429004
167.970359	176.429415
167.970903	176.429824
167.971445	176.430232
167.971986	176.430639
167.972526	176.431046
167.973064	176.431451
167.973601	176.431854
167.974136	176.432257
167.974670	176.432659
167.975203	176.433060
167.975734	176.433459
167.976263	176.433858
167.976791	176.434255
167.977318	176.434652
167.977843	176.435047
167.978367	176.435442
167.978890	176.435835
167.979411	176.436227
167.979931	176.436618
167.980449	176.437008
167.980966	176.437398
167.981482	176.437786
167.981996	176.438173
167.982509	176.438559
167.983020	176.438944
167.983531	176.439327
167.984039	176.439710
167.984547	176.440092
167.985053	176.440473
167.985557	176.440853
167.986061	176.441232
167.986563	176.441610
167.987063	176.441986
167.987563	176.442362
167.988061	176.442737
167.988557	176.443111
167.989053	176.443484
167.989547	176.443855
167.990039	176.444226
167.990531	176.444596
167.991021	176.444965
167.991510	176.445333
167.991997	176.445700
167.992483	176.446066
167.992968	176.446430
167.993452	176.446794
167.993934	176.447157
167.994415	176.447519
167.994895	176.447880
167.995373	176.448240
167.995850	176.448600
167.996326	176.448958
167.996801	176.449315
167.997274	176.449671
167.997746	176.450026
167.998217	176.450381
167.998686	176.450734
167.999155	176.451087
167.999622	176.451438
168.000087	176.451789
168.000552	176.452138
168.001015	176.452487
168.001477	176.452835
168.001938	176.453182
168.002398	176.453528
168.002856	176.453873
168.003313	176.454217
168.003769	176.454560
168.004224	176.454902
168.004677	176.455243
168.005130	176.455584
168.005581	176.455923
168.006030	176.456262
168.006479	176.456600
168.006927	176.456937
168.007373	176.457272
168.007818	176.457607
168.008262	176.457942
168.008705	176.458275
168.009146	176.458607
168.009586	176.458939
168.010026	176.459269
168.010464	176.459599
168.010900	176.459928
168.011336	176.460256
168.011770	176.460583
168.012204	176.460909
168.012636	176.461234
168.013067	176.461558
168.013497	176.461882
168.013926	176.462205
168.014353	176.462527
168.014780	176.462848
168.015205	176.463168
168.015629	176.463487
168.016052	176.463805
168.016474	176.464123
168.016895	176.464440
168.017314	176.464756
168.017733	176.465071
168.018150	176.465385
168.018567	176.465698
168.018982	176.466011
168.019396	176.466322
168.019809	176.466633
168.020221	176.466943
168.020631	176.467252
168.021041	176.467561
168.021450	176.467868
168.021857	176.468175
168.022264	176.468481
168.022669	176.468786
168.023073	176.469090
168.023476	176.469394
168.023878	176.469697
168.024279	176.469998
168.024679	176.470299
168.025078	176.470600
168.025476	176.470899
168.025873	176.471198
168.026268	176.471496
168.026663	176.471793
168.027056	176.472089
168.027449	176.472384
168.027840	176.472679
168.028231	176.472973
168.028620	176.473266
168.029009	176.473558
168.029396	176.473850
168.029782	176.474141
168.030167	176.474431
168.030552	176.474720
168.030935	176.475008
168.031317	176.475296
168.031698	176.475583
168.032078	176.475869
168.032457	176.476155
168.032835	176.476439
168.033212	176.476723
168.033588	176.477006
168.033964	176.477288
168.034338	176.477570
168.034711	176.477851
168.035083	176.478131
168.035454	176.478410
168.035824	176.478689
168.036193	176.478967
168.036561	176.479244
168.036928	176.479520
168.037294	176.479796
168.037660	176.480071
168.038024	176.480345
168.038387	176.480618
168.038749	176.480891
168.039111	176.481163
168.039471	176.481434
168.039830	176.481705
168.040189	176.481975
168.040546	176.482244
168.040903	176.482512
168.041258	176.482780
168.041613	176.483047
168.041966	176.483313
168.042319	176.483578
168.042671	176.483843
168.043022	176.484107
168.043371	176.484371
168.043720	176.484634
168.044068	176.484895
168.044415	176.485157
168.044762	176.485417
168.045107	176.485677
168.045451	176.485937
168.045795	176.486195
168.046137	176.486453
168.046479	176.486710
168.046819	176.486966
168.047159	176.487222
168.047498	176.487477
168.047836	176.487732
168.048173	176.487985
168.048509	176.488238
168.048844	176.488491
168.049178	176.488743
168.049512	176.488994
168.049844	176.489244
168.050176	176.489494
168.050507	176.489743
168.050837	176.489991
168.051166	176.490239
168.051494	176.490486
168.051821	176.490732
168.052148	176.490978
168.052473	176.491223
168.052798	176.491467
168.053122	176.491711
168.053444	176.491954
168.053766	176.492197
168.054088	176.492438
168.054408	176.492680
168.054727	176.492920
168.055046	176.493160
168.055364	176.493399
168.055681	176.493638
168.055997	176.493876
168.056312	176.494113
168.056627	176.494350
168.056940	176.494586
168.057253	176.494821
168.057565	176.495056
168.057876	176.495290
168.058186	176.495524
168.058495	176.495757
168.058804	176.495989
168.059112	176.496221
168.059419	176.496452
168.059725	176.496682
168.060030	176.496912
168.060334	176.497142
168.060638	176.497370
168.060941	176.497598
168.061243	176.497826
168.061544	176.498052
168.061845	176.498279
168.062144	176.498504
168.062443	176.498729
168.062741	176.498953
168.063038	176.499177
168.063335	176.499400
168.063630	176.499623
168.063925	176.499845
168.064219	176.500066
168.064513	176.500287
168.064805	176.500508
168.065097	176.500727
168.065388	176.500946
168.065678	176.501165
168.065967	176.501383
168.066256	176.501600
168.066544	176.501817
168.066831	176.502033
168.067117	176.502248
168.067403	176.502463
168.067688	176.502678
168.067972	176.502892
168.068255	176.503105
168.068537	176.503318
168.068819	176.503530
168.069100	176.503741
168.069380	176.503952
168.069660	176.504163
168.069939	176.504373
168.070217	176.504582
168.070494	176.504791
168.070771	176.504999
168.071046	176.505207
168.071321	176.505414
168.071596	176.505620
168.071869	176.505826
168.072142	176.506032
168.072414	176.506237
168.072686	176.506441
168.072956	176.506645
168.073226	176.506848
168.073496	176.507051
168.073764	176.507253
168.074032	176.507455
168.074299	176.507656
168.074565	176.507856
168.074831	176.508056
168.075096	176.508256
168.075360	176.508455
168.075624	176.508653
168.075887	176.508851
168.076149	176.509048
168.076410	176.509245
168.076671	176.509442
168.076931	176.509637
168.077190	176.509833
168.077449	176.510027
168.077707	176.510222
168.077964	176.510415
168.078221	176.510609
168.078477	176.510801
168.078732	176.510993
168.078987	176.511185
168.079241	176.511376
168.079494	176.511567
168.079746	176.511757
168.079998	176.511947
168.080249	176.512136
168.080500	176.512324
168.080750	176.512513
168.080999	176.512700
168.081247	176.512887
168.081495	176.513074
168.081742	176.513260
168.081989	176.513446
168.082235	176.513631
168.082480	176.513815
168.082724	176.513999
168.082968	176.514183
168.083211	176.514366
168.083454	176.514549
168.083696	176.514731
168.083937	176.514913
168.084178	176.515094
168.084418	176.515275
168.084657	176.515455
168.084896	176.515635
168.085134	176.515814
168.085372	176.515993
168.085608	176.516171
168.085845	176.516349
168.086080	176.516526
168.086315	176.516703
168.086549	176.516880
168.086783	176.517056
168.087016	176.517231
168.087249	176.517406
168.087480	176.517581
168.087712	176.517755
168.087942	176.517928
168.088172	176.518102
168.088402	176.518274
168.088630	176.518447
168.088858	176.518618
168.089086	176.518790
168.089313	176.518961
168.089539	176.519131
168.089765	176.519301
168.089990	176.519470
168.090214	176.519639
168.090438	176.519808
168.090662	176.519976
168.090884	176.520144
168.091106	176.520311
168.091328	176.520478
168.091549	176.520644
168.091769	176.520810
168.091989	176.520976
168.092208	176.521141
168.092427	176.521305
168.092645	176.521469
168.092862	176.521633
168.093079	176.521796
168.093295	176.521959
168.093511	176.522122
168.093726	176.522284
168.093941	176.522445
168.094155	176.522606
168.094368	176.522767
168.094581	176.522927
168.094793	176.523087
168.095005	176.523246
168.095216	176.523405
168.095426	176.523564
168.095636	176.523722
168.095846	176.523880
168.096055	176.524037
168.096263	176.524194
168.096471	176.524350
168.096678	176.524506
168.096885	176.524662
168.097091	176.524817
168.097296	176.524972
168.097501	176.525126
168.097706	176.525280
168.097910	176.525434
168.098113	176.525587
168.098316	176.525740
168.098518	176.525892
168.098720	176.526044
168.098921	176.526196
168.099122	176.526347
168.099322	176.526497
168.099521	176.526648
168.099720	176.526798
168.099919	176.526947
168.100117	176.527096
168.100314	176.527245
168.100511	176.527393
168.100708	176.527541
168.100904	176.527689
168.101099	176.527836
168.101294	176.527982
168.101488	176.528129
168.101682	176.528275
168.101875	176.528420
168.102068	176.528565
168.102260	176.528710
168.102452	176.528855
168.102643	176.528999
168.102834	176.529142
168.103024	176.529286
168.103214	176.529428
168.103403	176.529571
168.103592	176.529713
168.103780	176.529855
168.103968	176.529996
168.104155	176.530137
168.104342	176.530278
168.104528	176.530418
168.104714	176.530558
168.104899	176.530697
168.105084	176.530836
168.105268	176.530975
168.105452	176.531113
168.105635	176.531251
168.105818	176.531389
168.106000	176.531526
168.106182	176.531663
168.106363	176.531800
168.106544	176.531936
168.106724	176.532072
168.106904	176.532207
168.107083	176.532342
168.107262	176.532477
168.107441	176.532611
168.107619	176.532745
168.107796	176.532879
168.107973	176.533012
168.108149	176.533145
168.108326	176.533278
168.108501	176.533410
168.108676	176.533542
168.108851	176.533673
168.109025	176.533804
168.109199	176.533935
168.109372	176.534066
168.109545	176.534196
168.109717	176.534325
168.109889	176.534455
168.110060	176.534584
168.110231	176.534713
168.110402	176.534841
168.110572	176.534969
168.110741	176.535097
168.110910	176.535224
168.111079	176.535351
168.111247	176.535478
168.111415	176.535604
168.111582	176.535730
168.111749	176.535856
168.111916	176.535981
168.112082	176.536106
168.112247	176.536231
168.112412	176.536355
168.112577	176.536479
168.112741	176.536603
168.112905	176.536726
168.113068	176.536849
168.113231	176.536972
168.113394	176.537094
168.113556	176.537216
168.113717	176.537338
168.113879	176.537459
168.114039	176.537580
168.114200	176.537701
168.114360	176.537822
168.114519	176.537942
168.114678	176.538061
168.114837	176.538181
168.114995	176.538300
168.115153	176.538419
168.115310	176.538537
168.115467	176.538656
168.115624	176.538773
168.115780	176.538891
168.115935	176.539008
168.116091	176.539125
168.116245	176.539242
168.116400	176.539358
168.116554	176.539474
168.116708	176.539590
168.116861	176.539705
168.117014	176.539820
168.117166	176.539935
168.117318	176.540049
168.117469	176.540164
168.117621	176.540277
168.117771	176.540391
168.117922	176.540504
168.118072	176.540617
168.118221	176.540730
168.118370	176.540842
168.118519	176.540954
168.118668	176.541066
168.118816	176.541177
168.118963	176.541288
168.119110	176.541399
168.119257	176.541510
168.119404	176.541620
168.119550	176.541730
168.119695	176.541840
168.119840	176.541949
168.119985	176.542058
168.120130	176.542167
168.120274	176.542276
168.120417	176.542384
168.120561	176.542492
168.120704	176.542599
168.120846	176.542707
168.120988	176.542814
168.121130	176.542920
168.121272	176.543027
168.121413	176.543133
168.121553	176.543239
168.121694	176.543345
168.121833	176.543450
168.121973	176.543555
168.122112	176.543660
168.122251	176.543765
168.122389	176.543869
168.122527	176.543973
168.122665	176.544076
168.122802	176.544180
168.122939	176.544283
168.123076	176.544386
168.123212	176.544488
168.123348	176.544591
168.123483	176.544693
168.123619	176.544794
168.123753	176.544896
168.123888	176.544997
168.124022	176.545098
168.124155	176.545199
168.124289	176.545299
168.124422	176.545399
168.124554	176.545499
168.124687	176.545599
168.124819	176.545698
168.124950	176.545797
168.125081	176.545896
168.125212	176.545995
168.125343	176.546093
168.125473	176.546191
168.125603	176.546289
168.125732	176.546386
168.125861	176.546484
168.125990	176.546581
168.126119	176.546677
168.126247	176.546774
168.126374	176.546870
168.126502	176.546966
168.126629	176.547062
168.126756	176.547157
168.126882	176.547252
168.127008	176.547347
168.127134	176.547442
168.127259	176.547536
168.127384	176.547630
168.127509	176.547724
168.127633	176.547818
168.127757	176.547912
168.127881	176.548005
168.128004	176.548098
168.128128	176.548190
168.128250	176.548283
168.128373	176.548375
168.128495	176.548467
168.128617	176.548559
168.128738	176.548650
168.128859	176.548741
168.128980	176.548832
168.129100	176.548923
168.129220	176.549013
168.129340	176.549104
168.129460	176.549194
168.129579	176.549283
168.129698	176.549373
168.129816	176.549462
168.129935	176.549551
168.130052	176.549640
168.130170	176.549729
168.130287	176.549817
168.130404	176.549905
168.130521	176.549993
168.130637	176.550081
168.130753	176.550168
168.130869	176.550255
168.130985	176.550342
168.131100	176.550429
168.131214	176.550515
168.131329	176.550601
168.131443	176.550687
168.131557	176.550773
168.131671	176.550859
168.131784	176.550944
168.131897	176.551029
168.132010	176.551114
168.132122	176.551199
168.132234	176.551283
168.132346	176.551367
168.132457	176.551451
168.132568	176.551535
168.132679	176.551618
168.132790	176.551702
168.132900	176.551785
168.133010	176.551868
168.133120	176.551950
168.133229	176.552033
168.133339	176.552115
168.133447	176.552197
168.133556	176.552279
168.133664	176.552360
168.133772	176.552441
168.133880	176.552523
168.133987	176.552603
168.134094	176.552684
168.134201	176.552765
168.134308	176.552845
168.134414	176.552925
168.134520	176.553005
168.134626	176.553084
168.134731	176.553164
168.134836	176.553243
168.134941	176.553322
168.135045	176.553400
168.135150	176.553479
168.135254	176.553557
168.135357	176.553635
168.135461	176.553713
168.135564	176.553791
168.135667	176.553869
168.135770	176.553946
168.135872	176.554023
168.135974	176.554100
168.136076	176.554177
168.136177	176.554253
168.136279	176.554329
168.136380	176.554405
168.136480	176.554481
168.136581	176.554557
168.136681	176.554632
168.136781	176.554708
168.136881	176.554783
168.136980	176.554857
168.137079	176.554932
168.137178	176.555007
168.137276	176.555081
168.137375	176.555155
168.137473	176.555229
168.137571	176.555302
168.137668	176.555376
168.137765	176.555449
168.137863	176.555522
168.137959	176.555595
168.138056	176.555668
168.138152	176.555740
168.138248	176.555813
168.138344	176.555885
168.138439	176.555957
168.138534	176.556028
168.138629	176.556100
168.138724	176.556171
168.138819	176.556242
168.138913	176.556313
168.139007	176.556384
168.139101	176.556455
168.139194	176.556525
168.139287	176.556595
168.139380	176.556665
168.139473	176.556735
168.139565	176.556805
168.139658	176.556874
168.139750	176.556943
168.139841	176.557013
168.139933	176.557081
168.140024	176.557150
168.140115	176.557219
168.140206	176.557287
168.140296	176.557355
168.140387	176.557423
168.140477	176.557491
168.140566	176.557559
168.140656	176.557626
168.140745	176.557693
168.140834	176.557760
168.140923	176.557827
