# Sandbox Data | Context: 101 | Index: 2 | Label: Sim CU-等围压不排水三轴试验
# Column_1: X_Axis	Column_2: Y_Axis
0.000100	0.000000
0.000200	0.698060
0.000300	1.410873
0.000400	2.137388
0.000500	2.876369
0.000600	3.626450
0.000700	4.386177
0.000800	5.154041
0.000900	5.928500
0.001000	6.708006
0.001100	7.491025
0.001200	8.276055
0.001300	9.061643
0.001400	9.846397
0.001500	10.628996
0.001600	11.408199
0.001700	12.182852
0.001800	12.951888
0.001900	13.714332
0.002000	14.469298
0.002100	15.215990
0.002200	15.953699
0.002300	16.681800
0.002400	17.399746
0.002500	18.107065
0.002600	18.803355
0.002700	19.488281
0.002800	20.161565
0.002900	20.822986
0.003000	21.472375
0.003100	22.109605
0.003200	22.734593
0.003300	23.347292
0.003400	23.947690
0.003500	24.535803
0.003600	25.111673
0.003700	25.675366
0.003800	26.226970
0.003900	26.766586
0.004000	27.294336
0.004100	27.810351
0.004200	28.314775
0.004300	28.807761
0.004400	29.289470
0.004500	29.760071
0.004600	30.219736
0.004700	30.668642
0.004800	31.106970
0.004900	31.534903
0.005000	31.952624
0.005100	32.360319
0.005200	32.758172
0.005300	33.146369
0.005400	33.525094
0.005500	33.894529
0.005600	34.254856
0.005700	34.606254
0.005800	34.948901
0.005900	35.282972
0.006000	35.608640
0.006100	35.926074
0.006200	36.235442
0.006300	36.536908
0.006400	36.830634
0.006500	37.116778
0.006600	37.395495
0.006700	37.666938
0.006800	37.931257
0.006900	38.188596
0.007000	38.439100
0.007100	38.682908
0.007200	38.920157
0.007300	39.150982
0.007400	39.375513
0.007500	39.593878
0.007600	39.806202
0.007700	40.012608
0.007800	40.213215
0.007900	40.408139
0.008000	40.597495
0.008100	40.781394
0.008200	40.959944
0.008300	41.133252
0.008400	41.301422
0.008500	41.464554
0.008600	41.622747
0.008700	41.776099
0.008800	41.924702
0.008900	42.068650
0.009000	42.208031
0.009100	42.342935
0.009200	42.473446
0.009300	42.599648
0.009400	42.721623
0.009500	42.839451
0.009600	42.953209
0.009700	43.062975
0.009800	43.168822
0.009900	43.270823
0.010000	43.369049
0.010100	43.463570
0.010200	43.554453
0.010300	43.641765
0.010400	43.725571
0.010500	43.805934
0.010600	43.882915
0.010700	43.956577
0.010800	44.026977
0.010900	44.094174
0.011000	44.158225
0.011100	44.219184
0.011200	44.277107
0.011300	44.332046
0.011400	44.384054
0.011500	44.433180
0.011600	44.479476
0.011700	44.522989
0.011800	44.563767
0.011900	44.601858
0.012000	44.637306
0.012100	44.670157
0.012200	44.700454
0.012300	44.728241
0.012400	44.753560
0.012500	44.776451
0.012600	44.796956
0.012700	44.815114
0.012800	44.830964
0.012900	44.844544
0.013000	44.855892
0.013100	44.865043
0.013200	44.872035
0.013300	44.876902
0.013400	44.879679
0.013500	44.880401
0.013600	44.879099
0.013700	44.875808
0.013800	44.870559
0.013900	44.863384
0.014000	44.854313
0.014100	44.843377
0.014200	44.830607
0.014300	44.816030
0.014400	44.799677
0.014500	44.781575
0.014600	44.761753
0.014700	44.740237
0.014800	44.717054
0.014900	44.692232
0.015000	44.665795
0.015100	44.637769
0.015200	44.608180
0.015300	44.577052
0.015400	44.544410
0.015500	44.510277
0.015600	44.474677
0.015700	44.437632
0.015800	44.399166
0.015900	44.359302
0.016000	44.318060
0.016100	44.275464
0.016200	44.231533
0.016300	44.186290
0.016400	44.139754
0.016500	44.091947
0.016600	44.042888
0.016700	43.992597
0.016800	43.941094
0.016900	43.888398
0.017000	43.834527
0.017100	43.779501
0.017200	43.723338
0.017300	43.666055
0.017400	43.607671
0.017500	43.548203
0.017600	43.487669
0.017700	43.426085
0.017800	43.363469
0.017900	43.299837
0.018000	43.235205
0.018100	43.169590
0.018200	43.103008
0.018300	43.035474
0.018400	42.967004
0.018500	42.897613
0.018600	42.827316
0.018700	42.756128
0.018800	42.684064
0.018900	42.611139
0.019000	42.537366
0.019100	42.462760
0.019200	42.387335
0.019300	42.311104
0.019400	42.234081
0.019500	42.156280
0.019600	42.077714
0.019700	41.998395
0.019800	41.918338
0.019900	41.837554
0.020000	41.756056
0.020100	41.673856
0.020200	41.590968
0.020300	41.507402
0.020400	41.423172
0.020500	41.338288
0.020600	41.252763
0.020700	41.166608
0.020800	41.079835
0.020900	40.992454
0.021000	40.904477
0.021100	40.815916
0.021200	40.726780
0.021300	40.637081
0.021400	40.546829
0.021500	40.456035
0.021600	40.364709
0.021700	40.272861
0.021800	40.180502
0.021900	40.087642
0.022000	39.994290
0.022100	39.900456
0.022200	39.806150
0.022300	39.711382
0.022400	39.616161
0.022500	39.520496
0.022600	39.424397
0.022700	39.327872
0.022800	39.230931
0.022900	39.133583
0.023000	39.035836
0.023100	38.937700
0.023200	38.839182
0.023300	38.740292
0.023400	38.641038
0.023500	38.541427
0.023600	38.441470
0.023700	38.341172
0.023800	38.240544
0.023900	38.139592
0.024000	38.038324
0.024100	37.936749
0.024200	37.834874
0.024300	37.732706
0.024400	37.630254
0.024500	37.527524
0.024600	37.424524
0.024700	37.321261
0.024800	37.217743
0.024900	37.113976
0.025000	37.009968
0.025100	36.905725
0.025200	36.801255
0.025300	36.696564
0.025400	36.591659
0.025500	36.486546
0.025600	36.381233
0.025700	36.275725
0.025800	36.170029
0.025900	36.064152
0.026000	35.958100
0.026100	35.851878
0.026200	35.745494
0.026300	35.638952
0.026400	35.532260
0.026500	35.425423
0.026600	35.318446
0.026700	35.211337
0.026800	35.104100
0.026900	34.996741
0.027000	34.889265
0.027100	34.781679
0.027200	34.673988
0.027300	34.566196
0.027400	34.458311
0.027500	34.350335
0.027600	34.242276
0.027700	34.134138
0.027800	34.025926
0.027900	33.917645
0.028000	33.809300
0.028100	33.700896
0.028200	33.592439
0.028300	33.483932
0.028400	33.375380
0.028500	33.266789
0.028600	33.158162
0.028700	33.049505
0.028800	32.940821
0.028900	32.832116
0.029000	32.723393
0.029100	32.614658
0.029200	32.505914
0.029300	32.397165
0.029400	32.288417
0.029500	32.179672
0.029600	32.070935
0.029700	31.962210
0.029800	31.853501
0.029900	31.744812
0.030000	31.636147
0.030100	31.527510
0.030200	31.418904
0.030300	31.310333
0.030400	31.201801
0.030500	31.093311
0.030600	30.984868
0.030700	30.876474
0.030800	30.768133
0.030900	30.659849
0.031000	30.551625
0.031100	30.443464
0.031200	30.335369
0.031300	30.227345
0.031400	30.119394
0.031500	30.011519
0.031600	29.903723
0.031700	29.796010
0.031800	29.688383
0.031900	29.580844
0.032000	29.473396
0.032100	29.366043
0.032200	29.258788
0.032300	29.151632
0.032400	29.044580
0.032500	28.937633
0.032600	28.830795
0.032700	28.724068
0.032800	28.617455
0.032900	28.510958
0.033000	28.404580
0.033100	28.298323
0.033200	28.192191
0.033300	28.086185
0.033400	27.980308
0.033500	27.874561
0.033600	27.768949
0.033700	27.663472
0.033800	27.558134
0.033900	27.452935
0.034000	27.347880
0.034100	27.242969
0.034200	27.138205
0.034300	27.033589
0.034400	26.929125
0.034500	26.824814
0.034600	26.720657
0.034700	26.616658
0.034800	26.512818
0.034900	26.409138
0.035000	26.305621
0.035100	26.202269
0.035200	26.099082
0.035300	25.996064
0.035400	25.893216
0.035500	25.790539
0.035600	25.688035
0.035700	25.585706
0.035800	25.483553
0.035900	25.381578
0.036000	25.279783
0.036100	25.178169
0.036200	25.076738
0.036300	24.975491
0.036400	24.874429
0.036500	24.773554
0.036600	24.672868
0.036700	24.572371
0.036800	24.472065
0.036900	24.371952
0.037000	24.272032
0.037100	24.172307
0.037200	24.072778
0.037300	23.973446
0.037400	23.874313
0.037500	23.775380
0.037600	23.676647
0.037700	23.578116
0.037800	23.479789
0.037900	23.381665
0.038000	23.283746
0.038100	23.186033
0.038200	23.088528
0.038300	22.991230
0.038400	22.894141
0.038500	22.797263
0.038600	22.700595
0.038700	22.604138
0.038800	22.507894
0.038900	22.411864
0.039000	22.316048
0.039100	22.220446
0.039200	22.125061
0.039300	22.029891
0.039400	21.934939
0.039500	21.840205
0.039600	21.745690
0.039700	21.651393
0.039800	21.557317
0.039900	21.463461
0.040000	21.369827
0.040100	21.276414
0.040200	21.183223
0.040300	21.090256
0.040400	20.997511
0.040500	20.904991
0.040600	20.812695
0.040700	20.720624
0.040800	20.628779
0.040900	20.537159
0.041000	20.445765
0.041100	20.354599
0.041200	20.263659
0.041300	20.172947
0.041400	20.082463
0.041500	19.992207
0.041600	19.902179
0.041700	19.812380
0.041800	19.722811
0.041900	19.633471
0.042000	19.544361
0.042100	19.455480
0.042200	19.366831
0.042300	19.278411
0.042400	19.190222
0.042500	19.102264
0.042600	19.014538
0.042700	18.927042
0.042800	18.839778
0.042900	18.752746
0.043000	18.665945
0.043100	18.579377
0.043200	18.493040
0.043300	18.406935
0.043400	18.321063
0.043500	18.235423
0.043600	18.150015
0.043700	18.064839
0.043800	17.979896
0.043900	17.895186
0.044000	17.810708
0.044100	17.726462
0.044200	17.642449
0.044300	17.558668
0.044400	17.475120
0.044500	17.391804
0.044600	17.308721
0.044700	17.225869
0.044800	17.143250
0.044900	17.060864
0.045000	16.978709
0.045100	16.896786
0.045200	16.815095
0.045300	16.733636
0.045400	16.652409
0.045500	16.571413
0.045600	16.490648
0.045700	16.410114
0.045800	16.329812
0.045900	16.249741
0.046000	16.169900
0.046100	16.090290
0.046200	16.010910
0.046300	15.931760
0.046400	15.852840
0.046500	15.774150
0.046600	15.695689
0.046700	15.617458
0.046800	15.539455
0.046900	15.461681
0.047000	15.384136
0.047100	15.306819
0.047200	15.229730
0.047300	15.152869
0.047400	15.076235
0.047500	14.999829
0.047600	14.923649
0.047700	14.847696
0.047800	14.771969
0.047900	14.696468
0.048000	14.621192
0.048100	14.546142
0.048200	14.471317
0.048300	14.396717
0.048400	14.322340
0.048500	14.248188
0.048600	14.174259
0.048700	14.100554
0.048800	14.027071
0.048900	13.953811
0.049000	13.880773
0.049100	13.807957
0.049200	13.735362
0.049300	13.662988
0.049400	13.590835
0.049500	13.518902
0.049600	13.447188
0.049700	13.375694
0.049800	13.304419
0.049900	13.233363
0.050000	13.162525
0.050100	13.091904
0.050200	13.021501
0.050300	12.951315
0.050400	12.881345
0.050500	12.811591
0.050600	12.742053
0.050700	12.672729
0.050800	12.603621
0.050900	12.534727
0.051000	12.466046
0.051100	12.397579
0.051200	12.329325
0.051300	12.261283
0.051400	12.193452
0.051500	12.125834
0.051600	12.058426
0.051700	11.991229
0.051800	11.924242
0.051900	11.857465
0.052000	11.790896
0.052100	11.724536
0.052200	11.658384
0.052300	11.592440
0.052400	11.526703
0.052500	11.461173
0.052600	11.395849
0.052700	11.330730
0.052800	11.265816
0.052900	11.201108
0.053000	11.136603
0.053100	11.072302
0.053200	11.008204
0.053300	10.944308
0.053400	10.880615
0.053500	10.817123
0.053600	10.753832
0.053700	10.690742
0.053800	10.627852
0.053900	10.565161
0.054000	10.502670
0.054100	10.440377
0.054200	10.378281
0.054300	10.316384
0.054400	10.254683
0.054500	10.193178
0.054600	10.131870
0.054700	10.070756
0.054800	10.009838
0.054900	9.949113
0.055000	9.888583
0.055100	9.828245
0.055200	9.768101
0.055300	9.708148
0.055400	9.648387
0.055500	9.588817
0.055600	9.529437
0.055700	9.470248
0.055800	9.411248
0.055900	9.352437
0.056000	9.293814
0.056100	9.235379
0.056200	9.177131
0.056300	9.119071
0.056400	9.061196
0.056500	9.003507
0.056600	8.946003
0.056700	8.888684
0.056800	8.831549
0.056900	8.774597
0.057000	8.717828
0.057100	8.661242
0.057200	8.604838
0.057300	8.548614
0.057400	8.492572
0.057500	8.436710
0.057600	8.381028
0.057700	8.325525
0.057800	8.270201
0.057900	8.215054
0.058000	8.160086
0.058100	8.105294
0.058200	8.050679
0.058300	7.996239
0.058400	7.941976
0.058500	7.887887
0.058600	7.833972
0.058700	7.780231
0.058800	7.726664
0.058900	7.673269
0.059000	7.620046
0.059100	7.566995
0.059200	7.514115
0.059300	7.461406
0.059400	7.408866
0.059500	7.356496
0.059600	7.304296
0.059700	7.252263
0.059800	7.200399
0.059900	7.148701
0.060000	7.097171
0.060100	7.045807
0.060200	6.994609
0.060300	6.943576
0.060400	6.892708
0.060500	6.842004
0.060600	6.791463
0.060700	6.741086
0.060800	6.690871
0.060900	6.640819
0.061000	6.590928
0.061100	6.541198
0.061200	6.491628
0.061300	6.442219
0.061400	6.392969
0.061500	6.343878
0.061600	6.294945
0.061700	6.246171
0.061800	6.197554
0.061900	6.149093
0.062000	6.100789
0.062100	6.052641
0.062200	6.004648
0.062300	5.956811
0.062400	5.909127
0.062500	5.861597
0.062600	5.814221
0.062700	5.766997
0.062800	5.719926
0.062900	5.673006
0.063000	5.626238
0.063100	5.579620
0.063200	5.533153
0.063300	5.486836
0.063400	5.440667
0.063500	5.394648
0.063600	5.348777
0.063700	5.303054
0.063800	5.257477
0.063900	5.212048
0.064000	5.166765
0.064100	5.121628
0.064200	5.076636
0.064300	5.031789
0.064400	4.987087
0.064500	4.942528
0.064600	4.898112
0.064700	4.853840
0.064800	4.809710
0.064900	4.765721
0.065000	4.721874
0.065100	4.678169
0.065200	4.634603
0.065300	4.591178
0.065400	4.547892
0.065500	4.504745
0.065600	4.461737
0.065700	4.418867
0.065800	4.376134
0.065900	4.333539
0.066000	4.291080
0.066100	4.248758
0.066200	4.206571
0.066300	4.164520
0.066400	4.122603
0.066500	4.080821
0.066600	4.039173
0.066700	3.997658
0.066800	3.956277
0.066900	3.915027
0.067000	3.873910
0.067100	3.832925
0.067200	3.792071
0.067300	3.751347
0.067400	3.710754
0.067500	3.670290
0.067600	3.629956
0.067700	3.589751
0.067800	3.549674
0.067900	3.509726
0.068000	3.469905
0.068100	3.430211
0.068200	3.390644
0.068300	3.351203
0.068400	3.311888
0.068500	3.272699
0.068600	3.233634
0.068700	3.194695
0.068800	3.155879
0.068900	3.117187
0.069000	3.078618
0.069100	3.040172
0.069200	3.001848
0.069300	2.963647
0.069400	2.925567
0.069500	2.887608
0.069600	2.849770
0.069700	2.812052
0.069800	2.774455
0.069900	2.736976
0.070000	2.699617
0.070100	2.662376
0.070200	2.625254
0.070300	2.588249
0.070400	2.551362
0.070500	2.514592
0.070600	2.477939
0.070700	2.441401
0.070800	2.404980
0.070900	2.368674
0.071000	2.332483
0.071100	2.296407
0.071200	2.260444
0.071300	2.224596
0.071400	2.188861
0.071500	2.153239
0.071600	2.117730
0.071700	2.082333
0.071800	2.047047
0.071900	2.011873
0.072000	1.976811
0.072100	1.941859
0.072200	1.907017
0.072300	1.872285
0.072400	1.837663
0.072500	1.803150
0.072600	1.768746
0.072700	1.734450
0.072800	1.700262
0.072900	1.666182
0.073000	1.632209
0.073100	1.598343
0.073200	1.564583
0.073300	1.530930
0.073400	1.497382
0.073500	1.463940
0.073600	1.430603
0.073700	1.397371
0.073800	1.364243
0.073900	1.331219
0.074000	1.298298
0.074100	1.265481
0.074200	1.232767
0.074300	1.200155
0.074400	1.167645
0.074500	1.135238
0.074600	1.102931
0.074700	1.070726
0.074800	1.038622
0.074900	1.006618
0.075000	0.974714
0.075100	0.942910
0.075200	0.911205
0.075300	0.879600
0.075400	0.848093
0.075500	0.816684
0.075600	0.785373
0.075700	0.754160
0.075800	0.723045
0.075900	0.692026
0.076000	0.661104
0.076100	0.630279
0.076200	0.599549
0.076300	0.568915
0.076400	0.538377
0.076500	0.507933
0.076600	0.477584
0.076700	0.447330
0.076800	0.417169
0.076900	0.387102
0.077000	0.357129
0.077100	0.327249
0.077200	0.297461
0.077300	0.267766
0.077400	0.238163
0.077500	0.208652
0.077600	0.179232
0.077700	0.149903
0.077800	0.120665
0.077900	0.091518
0.078000	0.062461
0.078100	0.033494
0.078200	0.004616
0.078300	-0.024172
0.078400	-0.052872
0.078500	-0.081482
0.078600	-0.110004
0.078700	-0.138439
0.078800	-0.166785
0.078900	-0.195044
0.079000	-0.223216
0.079100	-0.251301
0.079200	-0.279299
0.079300	-0.307211
0.079400	-0.335037
0.079500	-0.362778
0.079600	-0.390433
0.079700	-0.418003
0.079800	-0.445488
0.079900	-0.472888
0.080000	-0.500205
0.080100	-0.527437
0.080200	-0.554586
0.080300	-0.581651
0.080400	-0.608634
0.080500	-0.635533
0.080600	-0.662350
0.080700	-0.689085
0.080800	-0.715738
0.080900	-0.742309
0.081000	-0.768799
0.081100	-0.795207
0.081200	-0.821535
0.081300	-0.847782
0.081400	-0.873949
0.081500	-0.900036
0.081600	-0.926043
0.081700	-0.951971
0.081800	-0.977820
0.081900	-1.003589
0.082000	-1.029280
0.082100	-1.054892
0.082200	-1.080427
0.082300	-1.105883
0.082400	-1.131262
0.082500	-1.156563
0.082600	-1.181787
0.082700	-1.206935
0.082800	-1.232006
0.082900	-1.257001
0.083000	-1.281919
0.083100	-1.306762
0.083200	-1.331529
0.083300	-1.356221
0.083400	-1.380838
0.083500	-1.405380
0.083600	-1.429848
0.083700	-1.454241
0.083800	-1.478560
0.083900	-1.502806
0.084000	-1.526978
0.084100	-1.551077
0.084200	-1.575102
0.084300	-1.599055
0.084400	-1.622936
0.084500	-1.646744
0.084600	-1.670480
0.084700	-1.694144
0.084800	-1.717737
0.084900	-1.741258
0.085000	-1.764708
0.085100	-1.788087
0.085200	-1.811396
0.085300	-1.834634
0.085400	-1.857802
0.085500	-1.880901
0.085600	-1.903929
0.085700	-1.926888
0.085800	-1.949778
0.085900	-1.972599
0.086000	-1.995351
0.086100	-2.018035
0.086200	-2.040650
0.086300	-2.063198
0.086400	-2.085677
0.086500	-2.108089
0.086600	-2.130433
0.086700	-2.152710
0.086800	-2.174921
0.086900	-2.197064
0.087000	-2.219141
0.087100	-2.241152
0.087200	-2.263097
0.087300	-2.284976
0.087400	-2.306789
0.087500	-2.328537
0.087600	-2.350219
0.087700	-2.371837
0.087800	-2.393390
0.087900	-2.414878
0.088000	-2.436302
0.088100	-2.457662
0.088200	-2.478958
0.088300	-2.500191
0.088400	-2.521360
0.088500	-2.542465
0.088600	-2.563508
0.088700	-2.584487
0.088800	-2.605404
0.088900	-2.626259
0.089000	-2.647051
0.089100	-2.667781
0.089200	-2.688450
0.089300	-2.709056
0.089400	-2.729602
0.089500	-2.750086
0.089600	-2.770509
0.089700	-2.790871
0.089800	-2.811173
0.089900	-2.831414
0.090000	-2.851595
0.090100	-2.871716
0.090200	-2.891777
0.090300	-2.911779
0.090400	-2.931721
0.090500	-2.951603
0.090600	-2.971427
0.090700	-2.991192
0.090800	-3.010898
0.090900	-3.030546
0.091000	-3.050135
0.091100	-3.069667
0.091200	-3.089140
0.091300	-3.108556
0.091400	-3.127914
0.091500	-3.147215
0.091600	-3.166458
0.091700	-3.185645
0.091800	-3.204775
0.091900	-3.223848
0.092000	-3.242865
0.092100	-3.261825
0.092200	-3.280730
0.092300	-3.299579
0.092400	-3.318372
0.092500	-3.337109
0.092600	-3.355791
0.092700	-3.374418
0.092800	-3.392990
0.092900	-3.411507
0.093000	-3.429970
0.093100	-3.448378
0.093200	-3.466732
0.093300	-3.485032
0.093400	-3.503278
0.093500	-3.521470
0.093600	-3.539608
0.093700	-3.557693
0.093800	-3.575725
0.093900	-3.593704
0.094000	-3.611630
0.094100	-3.629503
0.094200	-3.647324
0.094300	-3.665092
0.094400	-3.682808
0.094500	-3.700473
0.094600	-3.718085
0.094700	-3.735645
0.094800	-3.753154
0.094900	-3.770612
0.095000	-3.788018
0.095100	-3.805373
0.095200	-3.822678
0.095300	-3.839931
0.095400	-3.857134
0.095500	-3.874287
0.095600	-3.891390
0.095700	-3.908442
0.095800	-3.925445
0.095900	-3.942397
0.096000	-3.959300
0.096100	-3.976154
0.096200	-3.992958
0.096300	-4.009714
0.096400	-4.026420
0.096500	-4.043077
0.096600	-4.059686
0.096700	-4.076246
0.096800	-4.092758
0.096900	-4.109222
0.097000	-4.125638
0.097100	-4.142006
0.097200	-4.158326
0.097300	-4.174598
0.097400	-4.190823
0.097500	-4.207001
0.097600	-4.223131
0.097700	-4.239215
0.097800	-4.255252
0.097900	-4.271242
0.098000	-4.287185
0.098100	-4.303082
0.098200	-4.318933
0.098300	-4.334738
0.098400	-4.350497
0.098500	-4.366210
0.098600	-4.381877
0.098700	-4.397499
0.098800	-4.413075
0.098900	-4.428606
0.099000	-4.444092
0.099100	-4.459533
0.099200	-4.474930
0.099300	-4.490281
0.099400	-4.505588
0.099500	-4.520851
0.099600	-4.536069
0.099700	-4.551244
0.099800	-4.566374
0.099900	-4.581460
0.100000	-4.596503
0.100100	-4.611502
0.100200	-4.626458
0.100300	-4.641370
0.100400	-4.656240
0.100500	-4.671066
0.100600	-4.685849
0.100700	-4.700590
0.100800	-4.715288
0.100900	-4.729943
0.101000	-4.744557
0.101100	-4.759127
0.101200	-4.773656
0.101300	-4.788143
0.101400	-4.802588
0.101500	-4.816991
0.101600	-4.831353
0.101700	-4.845674
0.101800	-4.859952
0.101900	-4.874190
0.102000	-4.888387
0.102100	-4.902543
0.102200	-4.916658
0.102300	-4.930732
0.102400	-4.944766
0.102500	-4.958759
0.102600	-4.972712
0.102700	-4.986625
0.102800	-5.000498
0.102900	-5.014331
0.103000	-5.028124
0.103100	-5.041877
0.103200	-5.055591
0.103300	-5.069266
0.103400	-5.082901
0.103500	-5.096497
0.103600	-5.110054
0.103700	-5.123572
0.103800	-5.137051
0.103900	-5.150491
0.104000	-5.163893
0.104100	-5.177256
0.104200	-5.190581
0.104300	-5.203868
0.104400	-5.217116
0.104500	-5.230327
0.104600	-5.243500
0.104700	-5.256635
0.104800	-5.269732
0.104900	-5.282792
0.105000	-5.295814
0.105100	-5.308799
0.105200	-5.321747
0.105300	-5.334658
0.105400	-5.347532
0.105500	-5.360368
0.105600	-5.373169
0.105700	-5.385932
0.105800	-5.398659
0.105900	-5.411350
0.106000	-5.424004
0.106100	-5.436623
0.106200	-5.449205
0.106300	-5.461751
0.106400	-5.474261
0.106500	-5.486736
0.106600	-5.499175
0.106700	-5.511578
0.106800	-5.523947
0.106900	-5.536279
0.107000	-5.548577
0.107100	-5.560839
0.107200	-5.573067
0.107300	-5.585259
0.107400	-5.597417
0.107500	-5.609540
0.107600	-5.621629
0.107700	-5.633683
0.107800	-5.645703
0.107900	-5.657689
0.108000	-5.669640
0.108100	-5.681557
0.108200	-5.693441
0.108300	-5.705291
0.108400	-5.717106
0.108500	-5.728889
0.108600	-5.740638
0.108700	-5.752353
0.108800	-5.764035
0.108900	-5.775684
0.109000	-5.787299
0.109100	-5.798882
0.109200	-5.810432
0.109300	-5.821949
0.109400	-5.833433
0.109500	-5.844885
0.109600	-5.856304
0.109700	-5.867690
0.109800	-5.879045
0.109900	-5.890367
0.110000	-5.901657
0.110100	-5.912914
0.110200	-5.924140
0.110300	-5.935335
0.110400	-5.946497
0.110500	-5.957628
0.110600	-5.968727
0.110700	-5.979795
0.110800	-5.990831
0.110900	-6.001836
0.111000	-6.012810
0.111100	-6.023753
0.111200	-6.034665
0.111300	-6.045546
0.111400	-6.056396
0.111500	-6.067215
0.111600	-6.078004
0.111700	-6.088762
0.111800	-6.099490
0.111900	-6.110188
0.112000	-6.120855
0.112100	-6.131492
0.112200	-6.142099
0.112300	-6.152676
0.112400	-6.163223
0.112500	-6.173740
0.112600	-6.184228
0.112700	-6.194686
0.112800	-6.205114
0.112900	-6.215513
0.113000	-6.225883
0.113100	-6.236223
0.113200	-6.246534
0.113300	-6.256817
0.113400	-6.267070
0.113500	-6.277294
0.113600	-6.287489
0.113700	-6.297656
0.113800	-6.307793
0.113900	-6.317903
0.114000	-6.327983
0.114100	-6.338036
0.114200	-6.348060
0.114300	-6.358056
0.114400	-6.368023
0.114500	-6.377963
0.114600	-6.387874
0.114700	-6.397758
0.114800	-6.407614
0.114900	-6.417442
0.115000	-6.427242
0.115100	-6.437015
0.115200	-6.446761
0.115300	-6.456479
0.115400	-6.466169
0.115500	-6.475833
0.115600	-6.485469
0.115700	-6.495078
0.115800	-6.504660
0.115900	-6.514215
0.116000	-6.523743
0.116100	-6.533245
0.116200	-6.542720
0.116300	-6.552168
0.116400	-6.561589
0.116500	-6.570985
0.116600	-6.580353
0.116700	-6.589696
0.116800	-6.599012
0.116900	-6.608302
0.117000	-6.617567
0.117100	-6.626805
0.117200	-6.636017
0.117300	-6.645203
0.117400	-6.654364
0.117500	-6.663499
0.117600	-6.672608
0.117700	-6.681692
0.117800	-6.690750
0.117900	-6.699783
0.118000	-6.708790
0.118100	-6.717773
0.118200	-6.726730
0.118300	-6.735662
0.118400	-6.744569
0.118500	-6.753451
0.118600	-6.762308
0.118700	-6.771141
0.118800	-6.779949
0.118900	-6.788732
0.119000	-6.797490
0.119100	-6.806224
0.119200	-6.814934
0.119300	-6.823619
0.119400	-6.832280
0.119500	-6.840917
0.119600	-6.849529
0.119700	-6.858118
0.119800	-6.866682
0.119900	-6.875223
0.120000	-6.883739
0.120100	-6.892232
0.120200	-6.900701
0.120300	-6.909147
0.120400	-6.917569
0.120500	-6.925967
0.120600	-6.934342
0.120700	-6.942694
0.120800	-6.951022
0.120900	-6.959327
0.121000	-6.967609
0.121100	-6.975867
0.121200	-6.984103
0.121300	-6.992316
0.121400	-7.000505
0.121500	-7.008672
0.121600	-7.016816
0.121700	-7.024938
0.121800	-7.033037
0.121900	-7.041113
0.122000	-7.049167
0.122100	-7.057198
0.122200	-7.065207
0.122300	-7.073193
0.122400	-7.081158
0.122500	-7.089100
0.122600	-7.097020
0.122700	-7.104918
0.122800	-7.112794
0.122900	-7.120648
0.123000	-7.128480
0.123100	-7.136290
0.123200	-7.144079
0.123300	-7.151846
0.123400	-7.159591
0.123500	-7.167315
0.123600	-7.175017
0.123700	-7.182698
0.123800	-7.190358
0.123900	-7.197996
0.124000	-7.205613
0.124100	-7.213209
0.124200	-7.220783
0.124300	-7.228337
0.124400	-7.235870
0.124500	-7.243381
0.124600	-7.250872
0.124700	-7.258342
0.124800	-7.265792
0.124900	-7.273220
0.125000	-7.280628
0.125100	-7.288016
0.125200	-7.295382
0.125300	-7.302729
0.125400	-7.310055
0.125500	-7.317361
0.125600	-7.324646
0.125700	-7.331911
0.125800	-7.339156
0.125900	-7.346381
0.126000	-7.353586
0.126100	-7.360771
0.126200	-7.367936
0.126300	-7.375081
0.126400	-7.382206
0.126500	-7.389312
0.126600	-7.396398
0.126700	-7.403464
0.126800	-7.410511
0.126900	-7.417538
0.127000	-7.424545
0.127100	-7.431533
0.127200	-7.438502
0.127300	-7.445452
0.127400	-7.452382
0.127500	-7.459293
0.127600	-7.466185
0.127700	-7.473058
0.127800	-7.479912
0.127900	-7.486747
0.128000	-7.493563
0.128100	-7.500360
0.128200	-7.507138
0.128300	-7.513897
0.128400	-7.520638
0.128500	-7.527360
0.128600	-7.534064
0.128700	-7.540749
0.128800	-7.547415
0.128900	-7.554064
0.129000	-7.560693
0.129100	-7.567305
0.129200	-7.573898
0.129300	-7.580473
0.129400	-7.587029
0.129500	-7.593568
0.129600	-7.600088
0.129700	-7.606591
0.129800	-7.613075
0.129900	-7.619542
0.130000	-7.625991
0.130100	-7.632422
0.130200	-7.638835
0.130300	-7.645230
0.130400	-7.651608
0.130500	-7.657968
0.130600	-7.664311
0.130700	-7.670636
0.130800	-7.676943
0.130900	-7.683234
0.131000	-7.689507
0.131100	-7.695762
0.131200	-7.702000
0.131300	-7.708221
0.131400	-7.714425
0.131500	-7.720612
0.131600	-7.726782
0.131700	-7.732935
0.131800	-7.739070
0.131900	-7.745189
0.132000	-7.751291
0.132100	-7.757376
0.132200	-7.763445
0.132300	-7.769496
0.132400	-7.775531
0.132500	-7.781550
0.132600	-7.787551
0.132700	-7.793537
0.132800	-7.799505
0.132900	-7.805458
0.133000	-7.811394
0.133100	-7.817313
0.133200	-7.823216
0.133300	-7.829103
0.133400	-7.834974
0.133500	-7.840829
0.133600	-7.846667
0.133700	-7.852490
0.133800	-7.858296
0.133900	-7.864086
0.134000	-7.869861
0.134100	-7.875619
0.134200	-7.881362
0.134300	-7.887089
0.134400	-7.892800
0.134500	-7.898496
0.134600	-7.904175
0.134700	-7.909840
0.134800	-7.915488
0.134900	-7.921121
0.135000	-7.926739
0.135100	-7.932341
0.135200	-7.937928
0.135300	-7.943499
0.135400	-7.949055
0.135500	-7.954596
0.135600	-7.960121
0.135700	-7.965632
0.135800	-7.971127
0.135900	-7.976607
0.136000	-7.982072
0.136100	-7.987522
0.136200	-7.992957
0.136300	-7.998377
0.136400	-8.003782
0.136500	-8.009173
0.136600	-8.014548
0.136700	-8.019909
0.136800	-8.025255
0.136900	-8.030587
0.137000	-8.035904
0.137100	-8.041206
0.137200	-8.046494
0.137300	-8.051767
0.137400	-8.057025
0.137500	-8.062270
0.137600	-8.067499
0.137700	-8.072715
0.137800	-8.077916
0.137900	-8.083103
0.138000	-8.088276
0.138100	-8.093434
0.138200	-8.098579
0.138300	-8.103709
0.138400	-8.108825
0.138500	-8.113927
0.138600	-8.119015
0.138700	-8.124090
0.138800	-8.129150
0.138900	-8.134196
0.139000	-8.139229
0.139100	-8.144248
0.139200	-8.149253
0.139300	-8.154244
0.139400	-8.159222
0.139500	-8.164186
0.139600	-8.169136
0.139700	-8.174073
0.139800	-8.178997
0.139900	-8.183906
0.140000	-8.188803
0.140100	-8.193686
0.140200	-8.198555
0.140300	-8.203412
0.140400	-8.208255
0.140500	-8.213084
0.140600	-8.217901
0.140700	-8.222704
0.140800	-8.227494
0.140900	-8.232272
0.141000	-8.237036
0.141100	-8.241786
0.141200	-8.246524
0.141300	-8.251249
0.141400	-8.255961
0.141500	-8.260661
0.141600	-8.265347
0.141700	-8.270020
0.141800	-8.274681
0.141900	-8.279329
0.142000	-8.283964
0.142100	-8.288587
0.142200	-8.293197
0.142300	-8.297794
0.142400	-8.302379
0.142500	-8.306951
0.142600	-8.311511
0.142700	-8.316058
0.142800	-8.320593
0.142900	-8.325115
0.143000	-8.329625
0.143100	-8.334123
0.143200	-8.338609
0.143300	-8.343082
0.143400	-8.347543
0.143500	-8.351992
0.143600	-8.356428
0.143700	-8.360853
0.143800	-8.365265
0.143900	-8.369666
0.144000	-8.374054
0.144100	-8.378430
0.144200	-8.382795
0.144300	-8.387147
0.144400	-8.391488
0.144500	-8.395817
0.144600	-8.400134
0.144700	-8.404439
0.144800	-8.408732
0.144900	-8.413014
0.145000	-8.417284
0.145100	-8.421542
0.145200	-8.425789
0.145300	-8.430024
0.145400	-8.434248
0.145500	-8.438460
0.145600	-8.442660
0.145700	-8.446849
0.145800	-8.451027
0.145900	-8.455193
0.146000	-8.459348
0.146100	-8.463492
0.146200	-8.467624
0.146300	-8.471745
0.146400	-8.475855
0.146500	-8.479954
0.146600	-8.484041
0.146700	-8.488117
0.146800	-8.492182
0.146900	-8.496236
0.147000	-8.500279
0.147100	-8.504311
0.147200	-8.508332
0.147300	-8.512342
0.147400	-8.516341
0.147500	-8.520330
0.147600	-8.524307
0.147700	-8.528273
0.147800	-8.532229
0.147900	-8.536174
0.148000	-8.540108
0.148100	-8.544032
0.148200	-8.547944
0.148300	-8.551847
0.148400	-8.555738
0.148500	-8.559619
0.148600	-8.563489
0.148700	-8.567349
0.148800	-8.571198
0.148900	-8.575037
0.149000	-8.578865
0.149100	-8.582683
0.149200	-8.586491
0.149300	-8.590288
0.149400	-8.594075
0.149500	-8.597851
0.149600	-8.601617
0.149700	-8.605373
0.149800	-8.609119
0.149900	-8.612855
0.150000	-8.616580
0.150100	-8.620295
0.150200	-8.624000
0.150300	-8.627695
0.150400	-8.631380
0.150500	-8.635055
0.150600	-8.638720
0.150700	-8.642375
0.150800	-8.646020
0.150900	-8.649655
0.151000	-8.653281
0.151100	-8.656896
0.151200	-8.660502
0.151300	-8.664097
0.151400	-8.667683
0.151500	-8.671260
0.151600	-8.674826
0.151700	-8.678383
0.151800	-8.681930
0.151900	-8.685468
0.152000	-8.688996
0.152100	-8.692514
0.152200	-8.696023
0.152300	-8.699522
0.152400	-8.703011
0.152500	-8.706492
0.152600	-8.709962
0.152700	-8.713424
0.152800	-8.716876
0.152900	-8.720318
0.153000	-8.723751
0.153100	-8.727175
0.153200	-8.730590
0.153300	-8.733995
0.153400	-8.737391
0.153500	-8.740778
0.153600	-8.744155
0.153700	-8.747524
0.153800	-8.750883
0.153900	-8.754233
0.154000	-8.757574
0.154100	-8.760906
0.154200	-8.764229
0.154300	-8.767543
0.154400	-8.770848
0.154500	-8.774144
0.154600	-8.777431
0.154700	-8.780709
0.154800	-8.783978
0.154900	-8.787239
0.155000	-8.790490
0.155100	-8.793733
0.155200	-8.796966
0.155300	-8.800191
0.155400	-8.803408
0.155500	-8.806615
0.155600	-8.809814
0.155700	-8.813004
0.155800	-8.816186
0.155900	-8.819359
0.156000	-8.822523
0.156100	-8.825679
0.156200	-8.828826
0.156300	-8.831965
0.156400	-8.835095
0.156500	-8.838216
0.156600	-8.841329
0.156700	-8.844434
0.156800	-8.847530
0.156900	-8.850618
0.157000	-8.853698
0.157100	-8.856769
0.157200	-8.859832
0.157300	-8.862886
0.157400	-8.865932
0.157500	-8.868970
0.157600	-8.872000
0.157700	-8.875022
0.157800	-8.878035
0.157900	-8.881040
0.158000	-8.884037
0.158100	-8.887026
0.158200	-8.890007
0.158300	-8.892980
0.158400	-8.895944
0.158500	-8.898901
0.158600	-8.901850
0.158700	-8.904790
0.158800	-8.907723
0.158900	-8.910648
0.159000	-8.913564
0.159100	-8.916473
0.159200	-8.919374
0.159300	-8.922268
0.159400	-8.925153
0.159500	-8.928030
0.159600	-8.930900
0.159700	-8.933762
0.159800	-8.936616
0.159900	-8.939463
0.160000	-8.942301
0.160100	-8.945132
0.160200	-8.947956
0.160300	-8.950772
0.160400	-8.953580
0.160500	-8.956380
0.160600	-8.959173
0.160700	-8.961959
0.160800	-8.964736
0.160900	-8.967507
0.161000	-8.970269
0.161100	-8.973025
0.161200	-8.975773
0.161300	-8.978513
0.161400	-8.981246
0.161500	-8.983972
0.161600	-8.986690
0.161700	-8.989401
0.161800	-8.992105
0.161900	-8.994801
0.162000	-8.997490
0.162100	-9.000171
0.162200	-9.002846
0.162300	-9.005513
0.162400	-9.008173
0.162500	-9.010826
0.162600	-9.013471
0.162700	-9.016110
0.162800	-9.018741
0.162900	-9.021365
0.163000	-9.023982
0.163100	-9.026592
0.163200	-9.029195
0.163300	-9.031791
0.163400	-9.034380
0.163500	-9.036962
0.163600	-9.039537
0.163700	-9.042105
0.163800	-9.044666
0.163900	-9.047220
0.164000	-9.049767
0.164100	-9.052307
0.164200	-9.054841
0.164300	-9.057367
0.164400	-9.059887
0.164500	-9.062400
0.164600	-9.064906
0.164700	-9.067405
0.164800	-9.069898
0.164900	-9.072384
0.165000	-9.074863
0.165100	-9.077335
0.165200	-9.079801
0.165300	-9.082260
0.165400	-9.084713
0.165500	-9.087158
0.165600	-9.089598
0.165700	-9.092030
0.165800	-9.094456
0.165900	-9.096876
0.166000	-9.099289
0.166100	-9.101695
0.166200	-9.104095
0.166300	-9.106489
0.166400	-9.108876
0.166500	-9.111256
0.166600	-9.113630
0.166700	-9.115998
0.166800	-9.118359
0.166900	-9.120714
0.167000	-9.123063
0.167100	-9.125405
0.167200	-9.127741
0.167300	-9.130070
0.167400	-9.132394
0.167500	-9.134711
0.167600	-9.137021
0.167700	-9.139326
0.167800	-9.141624
0.167900	-9.143916
0.168000	-9.146202
0.168100	-9.148482
0.168200	-9.150755
0.168300	-9.153023
0.168400	-9.155284
0.168500	-9.157539
0.168600	-9.159789
0.168700	-9.162032
0.168800	-9.164269
0.168900	-9.166500
0.169000	-9.168724
0.169100	-9.170943
0.169200	-9.173156
0.169300	-9.175363
0.169400	-9.177564
0.169500	-9.179759
0.169600	-9.181949
0.169700	-9.184132
0.169800	-9.186309
0.169900	-9.188481
0.170000	-9.190646
0.170100	-9.192806
0.170200	-9.194960
0.170300	-9.197108
0.170400	-9.199250
0.170500	-9.201387
0.170600	-9.203518
0.170700	-9.205643
0.170800	-9.207762
0.170900	-9.209876
0.171000	-9.211984
0.171100	-9.214086
0.171200	-9.216182
0.171300	-9.218273
0.171400	-9.220359
0.171500	-9.222438
0.171600	-9.224512
0.171700	-9.226581
0.171800	-9.228643
0.171900	-9.230701
0.172000	-9.232752
0.172100	-9.234799
0.172200	-9.236839
0.172300	-9.238875
0.172400	-9.240904
0.172500	-9.242928
0.172600	-9.244947
0.172700	-9.246961
0.172800	-9.248968
0.172900	-9.250971
0.173000	-9.252968
0.173100	-9.254960
0.173200	-9.256946
0.173300	-9.258927
0.173400	-9.260903
0.173500	-9.262873
0.173600	-9.264838
0.173700	-9.266798
0.173800	-9.268752
0.173900	-9.270701
0.174000	-9.272645
0.174100	-9.274584
0.174200	-9.276517
0.174300	-9.278445
0.174400	-9.280368
0.174500	-9.282286
0.174600	-9.284199
0.174700	-9.286107
0.174800	-9.288009
0.174900	-9.289906
0.175000	-9.291798
0.175100	-9.293685
0.175200	-9.295567
0.175300	-9.297444
0.175400	-9.299316
0.175500	-9.301183
0.175600	-9.303045
0.175700	-9.304901
0.175800	-9.306753
0.175900	-9.308600
0.176000	-9.310442
0.176100	-9.312279
0.176200	-9.314111
0.176300	-9.315937
0.176400	-9.317760
0.176500	-9.319577
0.176600	-9.321389
0.176700	-9.323196
0.176800	-9.324999
0.176900	-9.326796
0.177000	-9.328589
0.177100	-9.330377
0.177200	-9.332160
0.177300	-9.333939
0.177400	-9.335712
0.177500	-9.337481
0.177600	-9.339245
0.177700	-9.341004
0.177800	-9.342759
0.177900	-9.344509
0.178000	-9.346254
0.178100	-9.347994
0.178200	-9.349730
0.178300	-9.351461
0.178400	-9.353187
0.178500	-9.354909
0.178600	-9.356626
0.178700	-9.358339
0.178800	-9.360046
0.178900	-9.361750
0.179000	-9.363448
0.179100	-9.365143
0.179200	-9.366832
0.179300	-9.368517
0.179400	-9.370198
0.179500	-9.371874
0.179600	-9.373545
0.179700	-9.375212
0.179800	-9.376874
0.179900	-9.378532
0.180000	-9.380186
0.180100	-9.381835
0.180200	-9.383480
0.180300	-9.385120
0.180400	-9.386756
0.180500	-9.388387
0.180600	-9.390014
0.180700	-9.391637
0.180800	-9.393255
0.180900	-9.394869
0.181000	-9.396479
0.181100	-9.398084
0.181200	-9.399685
0.181300	-9.401281
0.181400	-9.402874
0.181500	-9.404462
0.181600	-9.406046
0.181700	-9.407625
0.181800	-9.409200
0.181900	-9.410771
0.182000	-9.412338
0.182100	-9.413901
0.182200	-9.415459
0.182300	-9.417013
0.182400	-9.418563
0.182500	-9.420109
0.182600	-9.421651
0.182700	-9.423189
0.182800	-9.424722
0.182900	-9.426251
0.183000	-9.427776
0.183100	-9.429297
0.183200	-9.430814
0.183300	-9.432327
0.183400	-9.433836
0.183500	-9.435341
0.183600	-9.436842
0.183700	-9.438338
0.183800	-9.439831
0.183900	-9.441320
0.184000	-9.442804
0.184100	-9.444285
0.184200	-9.445762
0.184300	-9.447235
0.184400	-9.448703
0.184500	-9.450168
0.184600	-9.451629
0.184700	-9.453086
0.184800	-9.454539
0.184900	-9.455988
0.185000	-9.457433
0.185100	-9.458875
0.185200	-9.460312
0.185300	-9.461746
0.185400	-9.463176
0.185500	-9.464602
0.185600	-9.466024
0.185700	-9.467442
0.185800	-9.468856
0.185900	-9.470267
0.186000	-9.471674
0.186100	-9.473077
0.186200	-9.474476
0.186300	-9.475872
0.186400	-9.477264
0.186500	-9.478652
0.186600	-9.480036
0.186700	-9.481417
0.186800	-9.482794
0.186900	-9.484167
0.187000	-9.485536
0.187100	-9.486902
0.187200	-9.488264
0.187300	-9.489623
0.187400	-9.490978
0.187500	-9.492329
0.187600	-9.493677
0.187700	-9.495021
0.187800	-9.496361
0.187900	-9.497698
0.188000	-9.499031
0.188100	-9.500360
0.188200	-9.501686
0.188300	-9.503009
0.188400	-9.504328
0.188500	-9.505643
0.188600	-9.506955
0.188700	-9.508263
0.188800	-9.509568
0.188900	-9.510869
0.189000	-9.512167
0.189100	-9.513462
0.189200	-9.514752
0.189300	-9.516040
0.189400	-9.517324
0.189500	-9.518604
0.189600	-9.519881
0.189700	-9.521155
0.189800	-9.522425
0.189900	-9.523692
0.190000	-9.524955
0.190100	-9.526215
0.190200	-9.527472
0.190300	-9.528725
0.190400	-9.529975
0.190500	-9.531221
0.190600	-9.532464
0.190700	-9.533704
0.190800	-9.534941
0.190900	-9.536174
0.191000	-9.537404
0.191100	-9.538630
0.191200	-9.539853
0.191300	-9.541073
0.191400	-9.542290
0.191500	-9.543504
0.191600	-9.544714
0.191700	-9.545921
0.191800	-9.547124
0.191900	-9.548325
0.192000	-9.549522
0.192100	-9.550716
0.192200	-9.551907
0.192300	-9.553094
0.192400	-9.554279
0.192500	-9.555460
0.192600	-9.556638
0.192700	-9.557813
0.192800	-9.558985
0.192900	-9.560154
0.193000	-9.561319
0.193100	-9.562481
0.193200	-9.563641
0.193300	-9.564797
0.193400	-9.565950
0.193500	-9.567100
0.193600	-9.568247
0.193700	-9.569390
0.193800	-9.570531
0.193900	-9.571669
0.194000	-9.572803
0.194100	-9.573935
0.194200	-9.575063
0.194300	-9.576189
0.194400	-9.577311
0.194500	-9.578431
0.194600	-9.579547
0.194700	-9.580661
0.194800	-9.581771
0.194900	-9.582879
0.195000	-9.583983
0.195100	-9.585085
0.195200	-9.586183
0.195300	-9.587279
0.195400	-9.588372
0.195500	-9.589461
0.195600	-9.590548
0.195700	-9.591632
0.195800	-9.592713
0.195900	-9.593791
0.196000	-9.594867
0.196100	-9.595939
0.196200	-9.597008
0.196300	-9.598075
0.196400	-9.599139
0.196500	-9.600200
0.196600	-9.601258
0.196700	-9.602313
0.196800	-9.603365
0.196900	-9.604415
0.197000	-9.605462
0.197100	-9.606506
0.197200	-9.607547
0.197300	-9.608585
0.197400	-9.609621
0.197500	-9.610653
0.197600	-9.611684
0.197700	-9.612711
0.197800	-9.613735
0.197900	-9.614757
0.198000	-9.615776
0.198100	-9.616792
0.198200	-9.617806
0.198300	-9.618817
0.198400	-9.619825
0.198500	-9.620830
0.198600	-9.621833
0.198700	-9.622833
0.198800	-9.623830
0.198900	-9.624825
0.199000	-9.625817
0.199100	-9.626806
0.199200	-9.627793
0.199300	-9.628777
0.199400	-9.629759
0.199500	-9.630737
0.199600	-9.631714
0.199700	-9.632687
0.199800	-9.633658
0.199900	-9.634626
0.200000	-9.635592
0.200100	-9.636555
0.200200	-9.637516
0.200300	-9.638474
0.200400	-9.639429
0.200500	-9.640382
0.200600	-9.641332
0.200700	-9.642280
0.200800	-9.643225
0.200900	-9.644168
0.201000	-9.645108
0.201100	-9.646046
0.201200	-9.646981
0.201300	-9.647914
0.201400	-9.648844
0.201500	-9.649772
0.201600	-9.650697
0.201700	-9.651619
0.201800	-9.652540
0.201900	-9.653457
0.202000	-9.654373
0.202100	-9.655285
0.202200	-9.656196
0.202300	-9.657104
0.202400	-9.658009
0.202500	-9.658912
0.202600	-9.659813
0.202700	-9.660711
0.202800	-9.661607
0.202900	-9.662500
0.203000	-9.663391
0.203100	-9.664280
0.203200	-9.665166
0.203300	-9.666050
0.203400	-9.666932
0.203500	-9.667811
0.203600	-9.668688
0.203700	-9.669562
0.203800	-9.670434
0.203900	-9.671304
0.204000	-9.672171
0.204100	-9.673037
0.204200	-9.673899
0.204300	-9.674760
0.204400	-9.675618
0.204500	-9.676474
0.204600	-9.677328
0.204700	-9.678179
0.204800	-9.679028
0.204900	-9.679875
0.205000	-9.680719
0.205100	-9.681561
0.205200	-9.682401
0.205300	-9.683239
0.205400	-9.684075
0.205500	-9.684908
0.205600	-9.685739
0.205700	-9.686568
0.205800	-9.687394
0.205900	-9.688218
0.206000	-9.689041
0.206100	-9.689860
0.206200	-9.690678
0.206300	-9.691494
0.206400	-9.692307
0.206500	-9.693118
0.206600	-9.693927
0.206700	-9.694734
0.206800	-9.695539
0.206900	-9.696341
0.207000	-9.697142
0.207100	-9.697940
0.207200	-9.698736
0.207300	-9.699530
0.207400	-9.700322
0.207500	-9.701112
0.207600	-9.701899
0.207700	-9.702685
0.207800	-9.703468
0.207900	-9.704249
0.208000	-9.705029
0.208100	-9.705806
0.208200	-9.706581
0.208300	-9.707354
0.208400	-9.708125
0.208500	-9.708893
0.208600	-9.709660
0.208700	-9.710425
0.208800	-9.711187
0.208900	-9.711948
0.209000	-9.712707
0.209100	-9.713463
0.209200	-9.714218
0.209300	-9.714970
0.209400	-9.715721
0.209500	-9.716469
0.209600	-9.717216
0.209700	-9.717960
0.209800	-9.718703
0.209900	-9.719443
0.210000	-9.720182
0.210100	-9.720918
0.210200	-9.721653
0.210300	-9.722385
0.210400	-9.723116
0.210500	-9.723845
0.210600	-9.724571
0.210700	-9.725296
0.210800	-9.726019
0.210900	-9.726740
0.211000	-9.727459
0.211100	-9.728176
0.211200	-9.728891
0.211300	-9.729604
0.211400	-9.730316
0.211500	-9.731025
0.211600	-9.731733
0.211700	-9.732438
0.211800	-9.733142
0.211900	-9.733844
0.212000	-9.734544
0.212100	-9.735242
0.212200	-9.735938
0.212300	-9.736632
0.212400	-9.737325
0.212500	-9.738015
0.212600	-9.738704
0.212700	-9.739391
0.212800	-9.740076
0.212900	-9.740760
0.213000	-9.741441
0.213100	-9.742121
0.213200	-9.742798
0.213300	-9.743474
0.213400	-9.744149
0.213500	-9.744821
0.213600	-9.745492
0.213700	-9.746160
0.213800	-9.746827
0.213900	-9.747493
0.214000	-9.748156
0.214100	-9.748818
0.214200	-9.749478
0.214300	-9.750136
0.214400	-9.750792
0.214500	-9.751447
0.214600	-9.752099
0.214700	-9.752751
0.214800	-9.753400
0.214900	-9.754048
0.215000	-9.754693
0.215100	-9.755338
0.215200	-9.755980
0.215300	-9.756621
0.215400	-9.757260
0.215500	-9.757897
0.215600	-9.758533
0.215700	-9.759166
0.215800	-9.759799
0.215900	-9.760429
0.216000	-9.761058
0.216100	-9.761685
0.216200	-9.762311
0.216300	-9.762934
0.216400	-9.763556
0.216500	-9.764177
0.216600	-9.764796
0.216700	-9.765413
0.216800	-9.766028
0.216900	-9.766642
0.217000	-9.767254
0.217100	-9.767865
0.217200	-9.768474
0.217300	-9.769081
0.217400	-9.769687
0.217500	-9.770291
0.217600	-9.770893
0.217700	-9.771494
0.217800	-9.772093
0.217900	-9.772691
0.218000	-9.773287
0.218100	-9.773881
0.218200	-9.774474
0.218300	-9.775065
0.218400	-9.775655
0.218500	-9.776243
0.218600	-9.776829
0.218700	-9.777414
0.218800	-9.777998
0.218900	-9.778579
0.219000	-9.779160
0.219100	-9.779738
0.219200	-9.780316
0.219300	-9.780891
0.219400	-9.781465
0.219500	-9.782038
0.219600	-9.782609
0.219700	-9.783178
0.219800	-9.783746
0.219900	-9.784313
0.220000	-9.784878
0.220100	-9.785441
0.220200	-9.786003
0.220300	-9.786563
0.220400	-9.787122
0.220500	-9.787679
0.220600	-9.788235
0.220700	-9.788790
0.220800	-9.789343
0.220900	-9.789894
0.221000	-9.790444
0.221100	-9.790993
0.221200	-9.791540
0.221300	-9.792085
0.221400	-9.792629
0.221500	-9.793172
0.221600	-9.793713
0.221700	-9.794253
0.221800	-9.794791
0.221900	-9.795328
0.222000	-9.795864
0.222100	-9.796398
0.222200	-9.796930
0.222300	-9.797462
0.222400	-9.797991
0.222500	-9.798520
0.222600	-9.799046
0.222700	-9.799572
0.222800	-9.800096
0.222900	-9.800619
0.223000	-9.801140
0.223100	-9.801660
0.223200	-9.802179
0.223300	-9.802696
0.223400	-9.803211
0.223500	-9.803726
0.223600	-9.804239
0.223700	-9.804750
0.223800	-9.805261
0.223900	-9.805769
0.224000	-9.806277
0.224100	-9.806783
0.224200	-9.807288
0.224300	-9.807791
0.224400	-9.808294
0.224500	-9.808794
0.224600	-9.809294
0.224700	-9.809792
0.224800	-9.810289
0.224900	-9.810784
0.225000	-9.811278
0.225100	-9.811771
0.225200	-9.812262
0.225300	-9.812753
0.225400	-9.813242
0.225500	-9.813729
0.225600	-9.814215
0.225700	-9.814700
0.225800	-9.815184
0.225900	-9.815666
0.226000	-9.816147
0.226100	-9.816627
0.226200	-9.817106
0.226300	-9.817583
0.226400	-9.818059
0.226500	-9.818533
0.226600	-9.819007
0.226700	-9.819479
0.226800	-9.819950
0.226900	-9.820419
0.227000	-9.820888
0.227100	-9.821355
0.227200	-9.821821
0.227300	-9.822285
0.227400	-9.822749
0.227500	-9.823211
0.227600	-9.823672
0.227700	-9.824131
0.227800	-9.824590
0.227900	-9.825047
0.228000	-9.825503
0.228100	-9.825958
0.228200	-9.826411
0.228300	-9.826864
0.228400	-9.827315
0.228500	-9.827765
0.228600	-9.828213
0.228700	-9.828661
0.228800	-9.829107
0.228900	-9.829552
0.229000	-9.829996
0.229100	-9.830439
0.229200	-9.830881
0.229300	-9.831321
0.229400	-9.831760
0.229500	-9.832198
0.229600	-9.832635
0.229700	-9.833071
0.229800	-9.833505
0.229900	-9.833939
0.230000	-9.834371
0.230100	-9.834802
0.230200	-9.835232
0.230300	-9.835661
0.230400	-9.836088
0.230500	-9.836515
0.230600	-9.836940
0.230700	-9.837364
0.230800	-9.837787
0.230900	-9.838209
0.231000	-9.838630
0.231100	-9.839050
0.231200	-9.839468
0.231300	-9.839886
0.231400	-9.840302
0.231500	-9.840717
0.231600	-9.841131
0.231700	-9.841544
0.231800	-9.841956
0.231900	-9.842367
0.232000	-9.842777
0.232100	-9.843185
0.232200	-9.843593
0.232300	-9.843999
0.232400	-9.844404
0.232500	-9.844809
0.232600	-9.845212
0.232700	-9.845614
0.232800	-9.846015
0.232900	-9.846415
0.233000	-9.846814
0.233100	-9.847212
0.233200	-9.847608
0.233300	-9.848004
0.233400	-9.848399
0.233500	-9.848792
0.233600	-9.849185
0.233700	-9.849576
0.233800	-9.849967
0.233900	-9.850356
0.234000	-9.850744
0.234100	-9.851132
0.234200	-9.851518
0.234300	-9.851903
0.234400	-9.852287
0.234500	-9.852670
0.234600	-9.853053
0.234700	-9.853434
0.234800	-9.853814
0.234900	-9.854193
0.235000	-9.854571
0.235100	-9.854948
0.235200	-9.855324
0.235300	-9.855699
0.235400	-9.856073
0.235500	-9.856446
0.235600	-9.856818
0.235700	-9.857189
0.235800	-9.857560
0.235900	-9.857929
0.236000	-9.858297
0.236100	-9.858664
0.236200	-9.859030
0.236300	-9.859395
0.236400	-9.859759
0.236500	-9.860122
0.236600	-9.860485
0.236700	-9.860846
0.236800	-9.861206
0.236900	-9.861566
0.237000	-9.861924
0.237100	-9.862281
0.237200	-9.862638
0.237300	-9.862993
0.237400	-9.863348
0.237500	-9.863702
0.237600	-9.864054
0.237700	-9.864406
0.237800	-9.864757
0.237900	-9.865107
0.238000	-9.865456
0.238100	-9.865804
0.238200	-9.866151
0.238300	-9.866497
0.238400	-9.866842
0.238500	-9.867186
0.238600	-9.867530
0.238700	-9.867872
0.238800	-9.868214
0.238900	-9.868554
0.239000	-9.868894
0.239100	-9.869233
0.239200	-9.869571
0.239300	-9.869908
0.239400	-9.870244
0.239500	-9.870579
0.239600	-9.870913
0.239700	-9.871247
0.239800	-9.871579
0.239900	-9.871911
0.240000	-9.872242
0.240100	-9.872571
0.240200	-9.872900
0.240300	-9.873228
0.240400	-9.873556
0.240500	-9.873882
0.240600	-9.874207
0.240700	-9.874532
0.240800	-9.874856
0.240900	-9.875179
0.241000	-9.875501
0.241100	-9.875822
0.241200	-9.876142
0.241300	-9.876462
0.241400	-9.876780
0.241500	-9.877098
0.241600	-9.877415
0.241700	-9.877731
0.241800	-9.878046
0.241900	-9.878360
0.242000	-9.878674
0.242100	-9.878987
0.242200	-9.879298
0.242300	-9.879609
0.242400	-9.879920
0.242500	-9.880229
0.242600	-9.880537
0.242700	-9.880845
0.242800	-9.881152
0.242900	-9.881458
0.243000	-9.881763
0.243100	-9.882068
0.243200	-9.882371
0.243300	-9.882674
0.243400	-9.882976
0.243500	-9.883277
0.243600	-9.883578
0.243700	-9.883877
0.243800	-9.884176
0.243900	-9.884474
0.244000	-9.884771
0.244100	-9.885068
0.244200	-9.885363
0.244300	-9.885658
0.244400	-9.885952
0.244500	-9.886245
0.244600	-9.886538
0.244700	-9.886829
0.244800	-9.887120
0.244900	-9.887410
0.245000	-9.887700
0.245100	-9.887988
0.245200	-9.888276
0.245300	-9.888563
0.245400	-9.888849
0.245500	-9.889135
0.245600	-9.889420
0.245700	-9.889704
0.245800	-9.889987
0.245900	-9.890269
0.246000	-9.890551
0.246100	-9.890832
0.246200	-9.891112
0.246300	-9.891392
0.246400	-9.891670
0.246500	-9.891948
0.246600	-9.892225
0.246700	-9.892502
0.246800	-9.892778
0.246900	-9.893053
0.247000	-9.893327
0.247100	-9.893600
0.247200	-9.893873
0.247300	-9.894145
0.247400	-9.894417
0.247500	-9.894687
0.247600	-9.894957
0.247700	-9.895226
0.247800	-9.895495
0.247900	-9.895763
0.248000	-9.896030
0.248100	-9.896296
0.248200	-9.896562
0.248300	-9.896826
0.248400	-9.897091
0.248500	-9.897354
0.248600	-9.897617
0.248700	-9.897879
0.248800	-9.898140
0.248900	-9.898401
0.249000	-9.898661
0.249100	-9.898920
0.249200	-9.899179
0.249300	-9.899437
0.249400	-9.899694
0.249500	-9.899951
0.249600	-9.900206
0.249700	-9.900462
0.249800	-9.900716
0.249900	-9.900970
0.250000	-9.901223
0.250100	-9.901475
0.250200	-9.901727
0.250300	-9.901978
0.250400	-9.902229
0.250500	-9.902479
0.250600	-9.902728
0.250700	-9.902976
0.250800	-9.903224
0.250900	-9.903471
0.251000	-9.903717
0.251100	-9.903963
0.251200	-9.904208
0.251300	-9.904453
0.251400	-9.904697
0.251500	-9.904940
0.251600	-9.905182
0.251700	-9.905424
0.251800	-9.905665
0.251900	-9.905906
0.252000	-9.906146
0.252100	-9.906385
0.252200	-9.906624
0.252300	-9.906862
0.252400	-9.907099
0.252500	-9.907336
0.252600	-9.907572
0.252700	-9.907808
0.252800	-9.908043
0.252900	-9.908277
0.253000	-9.908510
0.253100	-9.908743
0.253200	-9.908976
0.253300	-9.909208
0.253400	-9.909439
0.253500	-9.909669
0.253600	-9.909899
0.253700	-9.910128
0.253800	-9.910357
0.253900	-9.910585
0.254000	-9.910813
0.254100	-9.911039
0.254200	-9.911266
0.254300	-9.911491
0.254400	-9.911716
0.254500	-9.911941
0.254600	-9.912165
0.254700	-9.912388
0.254800	-9.912610
0.254900	-9.912832
0.255000	-9.913054
0.255100	-9.913275
0.255200	-9.913495
0.255300	-9.913715
0.255400	-9.913934
0.255500	-9.914152
0.255600	-9.914370
0.255700	-9.914588
0.255800	-9.914804
0.255900	-9.915021
0.256000	-9.915236
0.256100	-9.915451
0.256200	-9.915666
0.256300	-9.915880
0.256400	-9.916093
0.256500	-9.916306
0.256600	-9.916518
0.256700	-9.916729
0.256800	-9.916940
0.256900	-9.917151
0.257000	-9.917361
0.257100	-9.917570
0.257200	-9.917779
0.257300	-9.917987
0.257400	-9.918195
0.257500	-9.918402
0.257600	-9.918609
0.257700	-9.918815
0.257800	-9.919020
0.257900	-9.919225
0.258000	-9.919429
0.258100	-9.919633
0.258200	-9.919837
0.258300	-9.920039
0.258400	-9.920242
0.258500	-9.920443
0.258600	-9.920644
0.258700	-9.920845
0.258800	-9.921045
0.258900	-9.921245
0.259000	-9.921444
0.259100	-9.921642
0.259200	-9.921840
0.259300	-9.922037
0.259400	-9.922234
0.259500	-9.922431
0.259600	-9.922626
0.259700	-9.922822
0.259800	-9.923016
0.259900	-9.923211
0.260000	-9.923404
0.260100	-9.923598
0.260200	-9.923790
0.260300	-9.923983
0.260400	-9.924174
0.260500	-9.924365
0.260600	-9.924556
0.260700	-9.924746
0.260800	-9.924936
0.260900	-9.925125
0.261000	-9.925314
0.261100	-9.925502
0.261200	-9.925689
0.261300	-9.925877
0.261400	-9.926063
0.261500	-9.926249
0.261600	-9.926435
0.261700	-9.926620
0.261800	-9.926805
0.261900	-9.926989
0.262000	-9.927173
0.262100	-9.927356
0.262200	-9.927538
0.262300	-9.927721
0.262400	-9.927902
0.262500	-9.928083
0.262600	-9.928264
0.262700	-9.928444
0.262800	-9.928624
0.262900	-9.928804
0.263000	-9.928982
0.263100	-9.929161
0.263200	-9.929339
0.263300	-9.929516
0.263400	-9.929693
0.263500	-9.929869
0.263600	-9.930045
0.263700	-9.930221
0.263800	-9.930396
0.263900	-9.930570
0.264000	-9.930744
0.264100	-9.930918
0.264200	-9.931091
0.264300	-9.931264
0.264400	-9.931436
0.264500	-9.931608
0.264600	-9.931779
0.264700	-9.931950
0.264800	-9.932121
0.264900	-9.932291
0.265000	-9.932460
0.265100	-9.932629
0.265200	-9.932798
0.265300	-9.932966
0.265400	-9.933134
0.265500	-9.933301
0.265600	-9.933468
0.265700	-9.933634
0.265800	-9.933800
0.265900	-9.933965
0.266000	-9.934130
0.266100	-9.934295
0.266200	-9.934459
0.266300	-9.934623
0.266400	-9.934786
0.266500	-9.934949
0.266600	-9.935111
0.266700	-9.935273
0.266800	-9.935435
0.266900	-9.935596
0.267000	-9.935757
0.267100	-9.935917
0.267200	-9.936077
0.267300	-9.936236
0.267400	-9.936395
0.267500	-9.936554
0.267600	-9.936712
0.267700	-9.936870
0.267800	-9.937027
0.267900	-9.937184
0.268000	-9.937340
0.268100	-9.937496
0.268200	-9.937652
0.268300	-9.937807
0.268400	-9.937962
0.268500	-9.938116
0.268600	-9.938270
0.268700	-9.938424
0.268800	-9.938577
0.268900	-9.938729
0.269000	-9.938882
0.269100	-9.939034
0.269200	-9.939185
0.269300	-9.939336
0.269400	-9.939487
0.269500	-9.939637
0.269600	-9.939787
0.269700	-9.939937
0.269800	-9.940086
0.269900	-9.940235
0.270000	-9.940383
0.270100	-9.940531
0.270200	-9.940678
0.270300	-9.940825
0.270400	-9.940972
0.270500	-9.941118
0.270600	-9.941264
0.270700	-9.941410
0.270800	-9.941555
0.270900	-9.941700
0.271000	-9.941844
0.271100	-9.941988
0.271200	-9.942132
0.271300	-9.942275
0.271400	-9.942418
0.271500	-9.942560
0.271600	-9.942703
0.271700	-9.942844
0.271800	-9.942986
0.271900	-9.943127
0.272000	-9.943267
0.272100	-9.943407
0.272200	-9.943547
0.272300	-9.943687
0.272400	-9.943826
0.272500	-9.943964
0.272600	-9.944103
0.272700	-9.944241
0.272800	-9.944378
0.272900	-9.944516
0.273000	-9.944652
0.273100	-9.944789
0.273200	-9.944925
0.273300	-9.945061
0.273400	-9.945196
0.273500	-9.945331
0.273600	-9.945466
0.273700	-9.945600
0.273800	-9.945734
0.273900	-9.945868
0.274000	-9.946001
0.274100	-9.946134
0.274200	-9.946267
0.274300	-9.946399
0.274400	-9.946531
0.274500	-9.946662
0.274600	-9.946793
0.274700	-9.946924
0.274800	-9.947055
0.274900	-9.947185
0.275000	-9.947315
0.275100	-9.947444
0.275200	-9.947573
0.275300	-9.947702
0.275400	-9.947830
0.275500	-9.947958
0.275600	-9.948086
0.275700	-9.948213
0.275800	-9.948340
0.275900	-9.948467
0.276000	-9.948593
0.276100	-9.948719
0.276200	-9.948845
0.276300	-9.948970
0.276400	-9.949095
0.276500	-9.949220
0.276600	-9.949344
0.276700	-9.949468
0.276800	-9.949592
0.276900	-9.949715
0.277000	-9.949838
0.277100	-9.949961
0.277200	-9.950083
0.277300	-9.950205
0.277400	-9.950327
0.277500	-9.950448
0.277600	-9.950569
0.277700	-9.950690
0.277800	-9.950810
0.277900	-9.950930
0.278000	-9.951050
0.278100	-9.951170
0.278200	-9.951289
0.278300	-9.951408
0.278400	-9.951526
0.278500	-9.951644
0.278600	-9.951762
0.278700	-9.951880
0.278800	-9.951997
0.278900	-9.952114
0.279000	-9.952230
0.279100	-9.952347
0.279200	-9.952463
0.279300	-9.952578
0.279400	-9.952694
0.279500	-9.952809
0.279600	-9.952923
0.279700	-9.953038
0.279800	-9.953152
0.279900	-9.953266
0.280000	-9.953379
0.280100	-9.953493
0.280200	-9.953606
0.280300	-9.953718
0.280400	-9.953831
0.280500	-9.953943
0.280600	-9.954054
0.280700	-9.954166
0.280800	-9.954277
0.280900	-9.954388
0.281000	-9.954498
0.281100	-9.954608
0.281200	-9.954718
0.281300	-9.954828
0.281400	-9.954937
0.281500	-9.955046
0.281600	-9.955155
0.281700	-9.955264
0.281800	-9.955372
0.281900	-9.955480
0.282000	-9.955587
0.282100	-9.955695
0.282200	-9.955802
0.282300	-9.955909
0.282400	-9.956015
0.282500	-9.956121
0.282600	-9.956227
0.282700	-9.956333
0.282800	-9.956438
0.282900	-9.956543
0.283000	-9.956648
0.283100	-9.956752
0.283200	-9.956857
0.283300	-9.956961
0.283400	-9.957064
0.283500	-9.957168
0.283600	-9.957271
0.283700	-9.957374
0.283800	-9.957476
0.283900	-9.957578
0.284000	-9.957680
0.284100	-9.957782
0.284200	-9.957884
0.284300	-9.957985
0.284400	-9.958086
0.284500	-9.958186
0.284600	-9.958287
0.284700	-9.958387
0.284800	-9.958487
0.284900	-9.958586
0.285000	-9.958686
0.285100	-9.958785
0.285200	-9.958884
0.285300	-9.958982
0.285400	-9.959080
0.285500	-9.959178
0.285600	-9.959276
0.285700	-9.959374
0.285800	-9.959471
0.285900	-9.959568
0.286000	-9.959665
0.286100	-9.959761
0.286200	-9.959857
0.286300	-9.959953
0.286400	-9.960049
0.286500	-9.960144
0.286600	-9.960239
0.286700	-9.960334
0.286800	-9.960429
0.286900	-9.960523
0.287000	-9.960618
0.287100	-9.960712
0.287200	-9.960805
0.287300	-9.960899
0.287400	-9.960992
0.287500	-9.961085
0.287600	-9.961177
0.287700	-9.961270
0.287800	-9.961362
0.287900	-9.961454
0.288000	-9.961546
0.288100	-9.961637
0.288200	-9.961728
0.288300	-9.961819
0.288400	-9.961910
0.288500	-9.962000
0.288600	-9.962090
0.288700	-9.962180
0.288800	-9.962270
0.288900	-9.962360
0.289000	-9.962449
0.289100	-9.962538
0.289200	-9.962627
0.289300	-9.962715
0.289400	-9.962804
0.289500	-9.962892
0.289600	-9.962980
0.289700	-9.963067
0.289800	-9.963155
0.289900	-9.963242
0.290000	-9.963329
0.290100	-9.963415
0.290200	-9.963502
0.290300	-9.963588
0.290400	-9.963674
0.290500	-9.963760
0.290600	-9.963845
0.290700	-9.963930
0.290800	-9.964016
0.290900	-9.964100
0.291000	-9.964185
0.291100	-9.964269
0.291200	-9.964354
0.291300	-9.964438
0.291400	-9.964521
0.291500	-9.964605
0.291600	-9.964688
0.291700	-9.964771
0.291800	-9.964854
0.291900	-9.964936
0.292000	-9.965019
0.292100	-9.965101
0.292200	-9.965183
0.292300	-9.965265
0.292400	-9.965346
0.292500	-9.965428
0.292600	-9.965509
0.292700	-9.965589
0.292800	-9.965670
0.292900	-9.965751
0.293000	-9.965831
0.293100	-9.965911
0.293200	-9.965991
0.293300	-9.966070
0.293400	-9.966149
0.293500	-9.966229
0.293600	-9.966308
0.293700	-9.966386
0.293800	-9.966465
0.293900	-9.966543
0.294000	-9.966621
0.294100	-9.966699
0.294200	-9.966777
0.294300	-9.966854
0.294400	-9.966932
0.294500	-9.967009
0.294600	-9.967085
0.294700	-9.967162
0.294800	-9.967239
0.294900	-9.967315
0.295000	-9.967391
0.295100	-9.967467
0.295200	-9.967542
0.295300	-9.967618
0.295400	-9.967693
0.295500	-9.967768
0.295600	-9.967843
0.295700	-9.967917
0.295800	-9.967992
0.295900	-9.968066
0.296000	-9.968140
0.296100	-9.968214
0.296200	-9.968288
0.296300	-9.968361
0.296400	-9.968434
0.296500	-9.968507
0.296600	-9.968580
0.296700	-9.968653
0.296800	-9.968725
0.296900	-9.968798
0.297000	-9.968870
0.297100	-9.968942
0.297200	-9.969013
0.297300	-9.969085
0.297400	-9.969156
0.297500	-9.969227
0.297600	-9.969298
0.297700	-9.969369
0.297800	-9.969440
0.297900	-9.969510
0.298000	-9.969580
0.298100	-9.969650
0.298200	-9.969720
0.298300	-9.969790
0.298400	-9.969859
0.298500	-9.969928
0.298600	-9.969997
0.298700	-9.970066
0.298800	-9.970135
0.298900	-9.970203
0.299000	-9.970272
0.299100	-9.970340
0.299200	-9.970408
0.299300	-9.970476
0.299400	-9.970543
0.299500	-9.970611
0.299600	-9.970678
0.299700	-9.970745
0.299800	-9.970812
0.299900	-9.970879
0.300000	-9.970945
