# Sandbox Data | Context: 101 | Index: 3 | Label: Sim {/:Italic {/Symbol {/:Italic s}}}_{3} = sigc-200 kPa
# Column_1: X_Axis	Column_2: Y_Axis
0.020842	1.830979
0.041157	1.850727
0.060960	1.867749
0.080268	1.882218
0.099097	1.894306
0.117462	1.904182
0.135379	1.912011
0.152863	1.917951
0.169930	1.922153
0.186594	1.924761
0.202869	1.925909
0.218768	1.925724
0.234305	1.924326
0.249493	1.921824
0.264343	1.918322
0.278868	1.913914
0.293079	1.908688
0.306986	1.902726
0.320601	1.896101
0.333932	1.888883
0.346990	1.881133
0.359784	1.872911
0.372322	1.864268
0.384614	1.855253
0.396666	1.845910
0.408487	1.836280
0.420085	1.826398
0.431465	1.816298
0.442636	1.806012
0.453603	1.795566
0.464373	1.784986
0.474952	1.774294
0.485345	1.763513
0.495559	1.752660
0.505598	1.741753
0.515467	1.730807
0.525172	1.719837
0.534717	1.708855
0.544106	1.697873
0.553344	1.686902
0.562435	1.675949
0.571384	1.665025
0.580193	1.654137
0.588867	1.643291
0.597409	1.632494
0.605822	1.621751
0.614111	1.611068
0.622278	1.600447
0.630326	1.589894
0.638258	1.579411
0.646077	1.569002
0.653786	1.558670
0.661388	1.548416
0.668884	1.538242
0.676278	1.528151
0.683573	1.518143
0.690769	1.508221
0.697870	1.498384
0.704878	1.488634
0.711795	1.478971
0.718622	1.469396
0.725363	1.459909
0.732018	1.450510
0.738590	1.441199
0.745080	1.431977
0.751490	1.422843
0.757823	1.413797
0.764078	1.404839
0.770259	1.395967
0.776367	1.387183
0.782402	1.378485
0.788367	1.369872
0.794263	1.361345
0.800092	1.352902
0.805854	1.344544
0.811551	1.336268
0.817184	1.328075
0.822754	1.319963
0.828263	1.311932
0.833712	1.303981
0.839102	1.296110
0.844434	1.288317
0.849709	1.280601
0.854928	1.272963
0.860092	1.265400
0.865202	1.257912
0.870259	1.250499
0.875264	1.243159
0.880218	1.235891
0.885122	1.228695
0.889976	1.221570
0.894782	1.214514
0.899540	1.207528
0.904251	1.200610
0.908916	1.193759
0.913536	1.186974
0.918111	1.180256
0.922642	1.173602
0.927130	1.167012
0.931575	1.160485
0.935979	1.154021
0.940341	1.147619
0.944663	1.141277
0.948945	1.134995
0.953188	1.128773
0.957392	1.122609
0.961558	1.116502
0.965686	1.110453
0.969778	1.104460
0.973833	1.098523
0.977852	1.092640
0.981837	1.086812
0.985786	1.081036
0.989701	1.075314
0.993582	1.069644
0.997430	1.064025
1.001245	1.058457
1.005027	1.052938
1.008778	1.047470
1.012498	1.042050
1.016186	1.036678
1.019844	1.031353
1.023471	1.026076
1.027069	1.020845
1.030637	1.015660
1.034177	1.010520
1.037687	1.005424
1.041170	1.000373
1.044625	0.995365
1.048052	0.990399
1.051452	0.985477
1.054826	0.980596
1.058173	0.975756
1.061494	0.970958
1.064789	0.966199
1.068059	0.961481
1.071304	0.956802
1.074524	0.952161
1.077720	0.947559
1.080891	0.942995
1.084039	0.938469
1.087163	0.933979
1.090264	0.929526
1.093342	0.925109
1.096397	0.920728
1.099429	0.916382
1.102440	0.912070
1.105428	0.907793
1.108395	0.903550
1.111341	0.899341
1.114265	0.895165
1.117169	0.891022
1.120051	0.886911
1.122914	0.882832
1.125756	0.878785
1.128578	0.874769
1.131381	0.870784
1.134164	0.866829
1.136927	0.862905
1.139672	0.859011
1.142398	0.855146
1.145105	0.851311
1.147793	0.847504
1.150464	0.843726
1.153116	0.839976
1.155751	0.836254
1.158368	0.832560
1.160967	0.828892
1.163549	0.825252
1.166114	0.821639
1.168662	0.818052
1.171194	0.814491
1.173708	0.810956
1.176207	0.807446
1.178689	0.803962
1.181155	0.800503
1.183605	0.797068
1.186040	0.793658
1.188459	0.790272
1.190862	0.786910
1.193251	0.783572
1.195624	0.780257
1.197982	0.776965
1.200326	0.773696
1.202654	0.770450
1.204969	0.767226
1.207269	0.764025
1.209554	0.760845
1.211826	0.757688
1.214084	0.754552
1.216327	0.751437
1.218558	0.748343
1.220774	0.745270
1.222978	0.742218
1.225168	0.739187
1.227344	0.736175
1.229508	0.733184
1.231659	0.730212
1.233797	0.727261
1.235922	0.724328
1.238035	0.721415
1.240136	0.718521
1.242224	0.715646
1.244299	0.712790
1.246363	0.709952
1.248415	0.707132
1.250455	0.704331
1.252483	0.701547
1.254499	0.698782
1.256504	0.696034
1.258497	0.693303
1.260480	0.690590
1.262450	0.687894
1.264410	0.685215
1.266358	0.682553
1.268296	0.679907
1.270223	0.677278
1.272139	0.674665
1.274044	0.672069
1.275939	0.669488
1.277823	0.666924
1.279697	0.664375
1.281560	0.661842
1.283413	0.659324
1.285256	0.656822
1.287089	0.654334
1.288912	0.651862
1.290726	0.649405
1.292529	0.646962
1.294323	0.644534
1.296107	0.642121
1.297881	0.639722
1.299646	0.637337
1.301402	0.634967
1.303148	0.632610
1.304885	0.630267
1.306612	0.627938
1.308331	0.625623
1.310041	0.623321
1.311741	0.621033
1.313433	0.618757
1.315116	0.616495
1.316790	0.614246
1.318456	0.612010
1.320113	0.609787
1.321761	0.607577
1.323401	0.605379
1.325033	0.603193
1.326656	0.601020
1.328271	0.598860
1.329878	0.596711
1.331476	0.594575
1.333067	0.592450
1.334649	0.590338
1.336224	0.588237
1.337790	0.586148
1.339349	0.584070
1.340900	0.582004
1.342443	0.579950
1.343979	0.577906
1.345507	0.575874
1.347027	0.573853
1.348540	0.571843
1.350046	0.569844
1.351544	0.567856
1.353035	0.565879
1.354518	0.563912
1.355995	0.561956
1.357464	0.560011
1.358926	0.558075
1.360381	0.556151
1.361829	0.554236
1.363270	0.552332
1.364704	0.550437
1.366131	0.548553
1.367552	0.546679
1.368965	0.544814
1.370372	0.542960
1.371772	0.541115
1.373166	0.539279
1.374553	0.537454
1.375934	0.535637
1.377308	0.533830
1.378676	0.532033
1.380037	0.530245
1.381392	0.528466
1.382741	0.526696
1.384083	0.524935
1.385419	0.523183
1.386749	0.521440
1.388073	0.519706
1.389391	0.517981
1.390703	0.516264
1.392008	0.514556
1.393308	0.512857
1.394602	0.511166
1.395890	0.509484
1.397172	0.507810
1.398449	0.506145
1.399719	0.504488
1.400984	0.502839
1.402243	0.501198
1.403497	0.499565
1.404745	0.497940
1.405987	0.496324
1.407224	0.494715
1.408456	0.493114
1.409682	0.491521
1.410902	0.489936
1.412117	0.488358
1.413327	0.486788
1.414531	0.485226
1.415730	0.483671
1.416924	0.482124
1.418113	0.480584
1.419296	0.479051
1.420475	0.477526
1.421648	0.476008
1.422816	0.474497
1.423979	0.472994
1.425137	0.471498
1.426290	0.470008
1.427438	0.468526
1.428582	0.467051
1.429720	0.465583
1.430853	0.464121
1.431982	0.462666
1.433106	0.461219
1.434225	0.459778
1.435339	0.458343
1.436449	0.456916
1.437554	0.455495
1.438654	0.454080
1.439749	0.452672
1.440841	0.451271
1.441927	0.449875
1.443009	0.448487
1.444086	0.447104
1.445159	0.445728
1.446228	0.444359
1.447292	0.442995
1.448351	0.441638
1.449407	0.440287
1.450458	0.438942
1.451504	0.437602
1.452546	0.436269
1.453584	0.434942
1.454618	0.433621
1.455648	0.432306
1.456673	0.430997
1.457694	0.429693
1.458711	0.428396
1.459724	0.427104
1.460733	0.425818
1.461738	0.424537
1.462738	0.423262
1.463735	0.421993
1.464728	0.420729
1.465716	0.419471
1.466701	0.418218
1.467682	0.416971
1.468659	0.415729
1.469632	0.414493
1.470601	0.413262
1.471566	0.412036
1.472528	0.410816
1.473485	0.409601
1.474439	0.408391
1.475390	0.407186
1.476336	0.405987
1.477279	0.404792
1.478218	0.403603
1.479153	0.402419
1.480085	0.401240
1.481013	0.400066
1.481937	0.398896
1.482858	0.397732
1.483775	0.396573
1.484689	0.395418
1.485599	0.394269
1.486506	0.393124
1.487409	0.391984
1.488309	0.390849
1.489205	0.389719
1.490098	0.388593
1.490987	0.387472
1.491873	0.386356
1.492756	0.385244
1.493635	0.384137
1.494511	0.383034
1.495384	0.381936
1.496253	0.380843
1.497120	0.379754
1.497982	0.378670
1.498842	0.377589
1.499698	0.376514
1.500551	0.375443
1.501401	0.374376
1.502248	0.373313
1.503092	0.372255
1.503932	0.371201
1.504769	0.370151
1.505603	0.369106
1.506435	0.368065
1.507263	0.367028
1.508088	0.365995
1.508909	0.364966
1.509728	0.363942
1.510544	0.362921
1.511357	0.361905
1.512167	0.360892
1.512974	0.359884
1.513778	0.358880
1.514579	0.357879
1.515377	0.356883
1.516172	0.355890
1.516964	0.354902
1.517754	0.353917
1.518540	0.352936
1.519324	0.351959
1.520105	0.350986
1.520883	0.350017
1.521658	0.349052
1.522431	0.348090
1.523201	0.347132
1.523968	0.346177
1.524732	0.345227
1.525493	0.344280
1.526252	0.343337
1.527008	0.342397
1.527761	0.341461
1.528512	0.340529
1.529260	0.339600
1.530006	0.338675
1.530748	0.337753
1.531488	0.336835
1.532226	0.335920
1.532961	0.335009
1.533693	0.334101
1.534423	0.333197
1.535150	0.332296
1.535875	0.331399
1.536597	0.330505
1.537317	0.329614
1.538034	0.328727
1.538748	0.327843
1.539460	0.326962
1.540170	0.326085
1.540877	0.325211
1.541582	0.324340
1.542284	0.323472
1.542984	0.322608
1.543682	0.321747
1.544377	0.320889
1.545069	0.320035
1.545760	0.319183
1.546448	0.318335
1.547133	0.317489
1.547816	0.316647
1.548497	0.315808
1.549176	0.314972
1.549852	0.314139
1.550526	0.313310
1.551198	0.312483
1.551867	0.311659
1.552535	0.310838
1.553199	0.310020
1.553862	0.309206
1.554523	0.308394
1.555181	0.307585
1.555837	0.306779
1.556491	0.305976
1.557142	0.305176
1.557792	0.304379
1.558439	0.303584
1.559084	0.302793
1.559727	0.302004
1.560368	0.301218
1.561006	0.300435
1.561643	0.299655
1.562278	0.298877
1.562910	0.298103
1.563540	0.297331
1.564168	0.296561
1.564794	0.295795
1.565418	0.295031
1.566040	0.294270
1.566660	0.293512
1.567278	0.292756
1.567894	0.292003
1.568508	0.291253
1.569120	0.290505
1.569730	0.289760
1.570338	0.289018
1.570944	0.288278
1.571548	0.287540
1.572150	0.286806
1.572750	0.286073
1.573348	0.285344
1.573944	0.284617
1.574538	0.283892
1.575131	0.283170
1.575721	0.282451
1.576309	0.281733
1.576896	0.281019
1.577481	0.280307
1.578064	0.279597
1.578645	0.278890
1.579224	0.278185
1.579801	0.277483
1.580377	0.276783
1.580950	0.276085
1.581522	0.275390
1.582092	0.274697
1.582660	0.274006
1.583227	0.273318
1.583791	0.272633
1.584354	0.271949
1.584915	0.271268
1.585474	0.270589
1.586032	0.269912
1.586587	0.269238
1.587141	0.268566
1.587694	0.267896
1.588244	0.267229
1.588793	0.266564
1.589340	0.265901
1.589885	0.265240
1.590429	0.264581
1.590971	0.263925
1.591511	0.263271
1.592050	0.262619
1.592587	0.261969
1.593122	0.261321
1.593656	0.260675
1.594188	0.260032
1.594718	0.259391
1.595247	0.258751
1.595774	0.258114
1.596299	0.257479
1.596823	0.256847
1.597345	0.256216
1.597866	0.255587
1.598385	0.254960
1.598902	0.254336
1.599418	0.253713
1.599933	0.253093
1.600445	0.252474
1.600956	0.251858
1.601466	0.251243
1.601974	0.250631
1.602481	0.250020
1.602986	0.249412
1.603489	0.248805
1.603991	0.248200
1.604491	0.247598
1.604990	0.246997
1.605488	0.246398
1.605983	0.245802
1.606478	0.245207
1.606971	0.244614
1.607462	0.244023
1.607952	0.243433
1.608441	0.242846
1.608928	0.242261
1.609413	0.241677
1.609897	0.241095
1.610380	0.240515
1.610861	0.239937
1.611341	0.239361
1.611819	0.238787
1.612296	0.238214
1.612772	0.237644
1.613246	0.237075
1.613719	0.236507
1.614190	0.235942
1.614660	0.235379
1.615129	0.234817
1.615596	0.234257
1.616062	0.233698
1.616526	0.233142
1.616989	0.232587
1.617451	0.232034
1.617911	0.231483
1.618370	0.230933
1.618828	0.230385
1.619284	0.229839
1.619739	0.229295
1.620193	0.228752
1.620645	0.228211
1.621096	0.227671
1.621546	0.227134
1.621994	0.226598
1.622442	0.226063
1.622887	0.225530
1.623332	0.224999
1.623775	0.224470
1.624217	0.223942
1.624658	0.223416
1.625097	0.222891
1.625536	0.222368
1.625972	0.221846
1.626408	0.221327
1.626843	0.220808
1.627276	0.220292
1.627708	0.219776
1.628138	0.219263
1.628568	0.218751
1.628996	0.218241
1.629423	0.217732
1.629849	0.217224
1.630273	0.216719
1.630697	0.216214
1.631119	0.215712
1.631540	0.215210
1.631960	0.214711
1.632378	0.214212
1.632796	0.213716
1.633212	0.213220
1.633627	0.212727
1.634041	0.212234
1.634454	0.211744
1.634865	0.211254
1.635276	0.210766
1.635685	0.210280
1.636093	0.209795
1.636500	0.209312
1.636906	0.208830
1.637311	0.208349
1.637714	0.207870
1.638117	0.207392
1.638518	0.206915
1.638918	0.206441
1.639317	0.205967
1.639715	0.205495
1.640112	0.205024
1.640508	0.204555
1.640902	0.204087
1.641296	0.203620
1.641688	0.203155
1.642080	0.202691
1.642470	0.202228
1.642859	0.201767
1.643248	0.201307
1.643635	0.200849
1.644021	0.200392
1.644406	0.199936
1.644790	0.199481
1.645173	0.199028
1.645554	0.198576
1.645935	0.198126
1.646315	0.197676
1.646694	0.197229
1.647071	0.196782
1.647448	0.196337
1.647823	0.195892
1.648198	0.195450
1.648572	0.195008
1.648944	0.194568
1.649316	0.194129
1.649686	0.193691
1.650056	0.193255
1.650424	0.192820
1.650792	0.192386
1.651158	0.191953
1.651524	0.191522
1.651888	0.191091
1.652252	0.190662
1.652614	0.190235
1.652976	0.189808
1.653337	0.189383
1.653696	0.188958
1.654055	0.188535
1.654413	0.188114
1.654770	0.187693
1.655126	0.187274
1.655480	0.186856
1.655834	0.186439
1.656187	0.186023
1.656539	0.185608
1.656890	0.185195
1.657241	0.184782
1.657590	0.184371
1.657938	0.183961
1.658286	0.183552
1.658632	0.183145
1.658978	0.182738
1.659322	0.182333
1.659666	0.181929
1.660009	0.181525
1.660351	0.181123
1.660692	0.180722
1.661032	0.180323
1.661371	0.179924
1.661709	0.179526
1.662047	0.179130
1.662383	0.178735
1.662719	0.178340
1.663054	0.177947
1.663388	0.177555
1.663721	0.177164
1.664053	0.176774
1.664384	0.176385
1.664715	0.175998
1.665044	0.175611
1.665373	0.175225
1.665701	0.174841
1.666028	0.174457
1.666354	0.174075
1.666679	0.173693
1.667004	0.173313
1.667327	0.172933
1.667650	0.172555
1.667972	0.172178
1.668293	0.171802
1.668614	0.171426
1.668933	0.171052
1.669252	0.170679
1.669570	0.170307
1.669887	0.169936
1.670203	0.169566
1.670518	0.169196
1.670833	0.168828
1.671146	0.168461
1.671459	0.168095
1.671771	0.167730
1.672083	0.167366
1.672393	0.167002
1.672703	0.166640
1.673012	0.166279
1.673320	0.165919
1.673628	0.165559
1.673934	0.165201
1.674240	0.164844
1.674545	0.164487
1.674849	0.164132
1.675153	0.163777
1.675456	0.163424
1.675758	0.163071
1.676059	0.162720
1.676359	0.162369
1.676659	0.162019
1.676958	0.161670
1.677256	0.161322
1.677553	0.160975
1.677850	0.160629
1.678146	0.160284
1.678441	0.159940
1.678735	0.159596
1.679029	0.159254
1.679322	0.158912
1.679614	0.158572
1.679906	0.158232
1.680196	0.157893
1.680486	0.157555
1.680776	0.157218
1.681064	0.156882
1.681352	0.156547
1.681639	0.156212
1.681926	0.155879
1.682211	0.155546
1.682496	0.155214
1.682781	0.154883
1.683064	0.154553
1.683347	0.154224
1.683629	0.153896
1.683911	0.153568
1.684191	0.153242
1.684471	0.152916
1.684751	0.152591
1.685030	0.152267
1.685308	0.151944
1.685585	0.151621
1.685861	0.151300
1.686137	0.150979
1.686413	0.150659
1.686687	0.150340
1.686961	0.150022
1.687234	0.149704
1.687507	0.149388
1.687779	0.149072
1.688050	0.148757
1.688321	0.148443
1.688590	0.148129
1.688860	0.147817
1.689128	0.147505
1.689396	0.147194
1.689663	0.146884
1.689930	0.146574
1.690196	0.146266
1.690461	0.145958
1.690726	0.145651
1.690990	0.145345
1.691253	0.145040
1.691516	0.144735
1.691778	0.144431
1.692040	0.144128
1.692301	0.143826
1.692561	0.143524
1.692820	0.143223
1.693079	0.142923
1.693338	0.142624
1.693595	0.142325
1.693852	0.142028
1.694109	0.141731
1.694365	0.141434
1.694620	0.141139
1.694874	0.140844
1.695128	0.140550
1.695382	0.140257
1.695635	0.139964
1.695887	0.139673
1.696138	0.139381
1.696389	0.139091
1.696640	0.138801
1.696889	0.138513
1.697138	0.138224
1.697387	0.137937
1.697635	0.137650
1.697882	0.137364
1.698129	0.137079
1.698375	0.136794
1.698621	0.136511
1.698866	0.136227
1.699110	0.135945
1.699354	0.135663
1.699597	0.135382
1.699840	0.135102
1.700082	0.134822
1.700324	0.134543
1.700565	0.134265
1.700805	0.133987
1.701045	0.133711
1.701284	0.133434
1.701523	0.133159
1.701761	0.132884
1.701999	0.132610
1.702236	0.132336
1.702472	0.132064
1.702708	0.131791
1.702943	0.131520
1.703178	0.131249
1.703412	0.130979
1.703646	0.130710
1.703879	0.130441
1.704112	0.130173
1.704344	0.129905
1.704575	0.129638
1.704806	0.129372
1.705037	0.129107
1.705267	0.128842
1.705496	0.128578
1.705725	0.128314
1.705953	0.128051
1.706181	0.127789
1.706408	0.127527
1.706635	0.127266
1.706861	0.127006
1.707086	0.126746
1.707311	0.126487
1.707536	0.126228
1.707760	0.125970
1.707984	0.125713
1.708207	0.125457
1.708429	0.125201
1.708651	0.124945
1.708873	0.124690
1.709094	0.124436
1.709314	0.124183
1.709534	0.123930
1.709753	0.123678
1.709972	0.123426
1.710191	0.123175
1.710409	0.122924
1.710626	0.122674
1.710843	0.122425
1.711059	0.122176
1.711275	0.121928
1.711491	0.121681
1.711706	0.121434
1.711920	0.121188
1.712134	0.120942
1.712347	0.120697
1.712560	0.120452
1.712773	0.120208
1.712985	0.119965
1.713196	0.119722
1.713407	0.119480
1.713618	0.119238
1.713828	0.118997
1.714037	0.118756
1.714246	0.118517
1.714455	0.118277
1.714663	0.118038
1.714871	0.117800
1.715078	0.117562
1.715285	0.117325
1.715491	0.117089
1.715697	0.116853
1.715902	0.116617
1.716107	0.116383
1.716311	0.116148
1.716515	0.115915
1.716719	0.115681
1.716922	0.115449
1.717124	0.115217
1.717326	0.114985
1.717528	0.114754
1.717729	0.114524
1.717930	0.114294
1.718130	0.114064
1.718330	0.113835
1.718529	0.113607
1.718728	0.113379
1.718927	0.113152
1.719125	0.112925
1.719322	0.112699
1.719519	0.112473
1.719716	0.112248
1.719912	0.112024
1.720108	0.111800
1.720303	0.111576
1.720498	0.111353
1.720693	0.111130
1.720887	0.110908
1.721081	0.110687
1.721274	0.110466
1.721467	0.110246
1.721659	0.110026
1.721851	0.109806
1.722042	0.109587
1.722233	0.109369
1.722424	0.109151
1.722614	0.108934
1.722804	0.108717
1.722993	0.108500
1.723182	0.108284
1.723371	0.108069
1.723559	0.107854
1.723746	0.107640
1.723934	0.107426
1.724120	0.107212
1.724307	0.106999
1.724493	0.106787
1.724679	0.106575
1.724864	0.106363
1.725049	0.106153
1.725233	0.105942
1.725417	0.105732
1.725600	0.105522
1.725784	0.105313
1.725966	0.105105
1.726149	0.104897
1.726331	0.104689
1.726512	0.104482
1.726693	0.104275
1.726874	0.104069
1.727054	0.103863
1.727234	0.103658
1.727414	0.103453
1.727593	0.103249
1.727772	0.103045
1.727950	0.102842
1.728128	0.102639
1.728306	0.102436
1.728483	0.102234
1.728660	0.102033
1.728836	0.101832
1.729012	0.101631
1.729188	0.101431
1.729363	0.101231
1.729538	0.101032
1.729713	0.100833
1.729887	0.100635
1.730061	0.100437
1.730234	0.100239
1.730407	0.100042
1.730580	0.099845
1.730752	0.099649
1.730924	0.099454
1.731095	0.099258
1.731266	0.099064
1.731437	0.098869
1.731607	0.098675
1.731777	0.098482
1.731947	0.098289
1.732116	0.098096
1.732285	0.097904
1.732454	0.097712
1.732622	0.097521
1.732790	0.097330
1.732957	0.097139
1.733124	0.096949
1.733291	0.096759
1.733458	0.096570
1.733624	0.096381
1.733789	0.096193
1.733955	0.096005
1.734119	0.095817
1.734284	0.095630
1.734448	0.095444
1.734612	0.095257
1.734776	0.095071
1.734939	0.094886
1.735102	0.094701
1.735264	0.094516
1.735426	0.094332
1.735588	0.094148
1.735750	0.093965
1.735911	0.093782
1.736071	0.093599
1.736232	0.093417
1.736392	0.093235
1.736552	0.093054
1.736711	0.092873
1.736870	0.092692
1.737029	0.092512
1.737187	0.092332
1.737345	0.092153
1.737503	0.091974
1.737660	0.091795
1.737817	0.091617
1.737974	0.091439
1.738130	0.091262
1.738286	0.091085
1.738442	0.090908
1.738597	0.090732
1.738752	0.090556
1.738907	0.090380
1.739061	0.090205
1.739215	0.090030
1.739369	0.089856
1.739522	0.089682
1.739675	0.089509
1.739828	0.089335
1.739981	0.089163
1.740133	0.088990
1.740284	0.088818
1.740436	0.088646
1.740587	0.088475
1.740738	0.088304
1.740888	0.088134
1.741038	0.087963
1.741188	0.087794
1.741338	0.087624
1.741487	0.087455
1.741636	0.087286
1.741785	0.087118
1.741933	0.086950
1.742081	0.086782
1.742228	0.086615
1.742376	0.086448
1.742523	0.086282
1.742670	0.086115
1.742816	0.085950
1.742962	0.085784
1.743108	0.085619
1.743253	0.085454
1.743399	0.085290
1.743543	0.085126
1.743688	0.084962
1.743832	0.084799
1.743976	0.084636
1.744120	0.084473
1.744263	0.084311
1.744406	0.084149
1.744549	0.083988
1.744692	0.083826
1.744834	0.083666
1.744976	0.083505
1.745117	0.083345
1.745259	0.083185
1.745400	0.083026
1.745540	0.082866
1.745681	0.082708
1.745821	0.082549
1.745961	0.082391
1.746100	0.082233
1.746240	0.082076
1.746378	0.081919
1.746517	0.081762
1.746656	0.081605
1.746794	0.081449
1.746931	0.081294
1.747069	0.081138
1.747206	0.080983
1.747343	0.080828
1.747480	0.080674
1.747616	0.080520
1.747752	0.080366
1.747888	0.080212
1.748024	0.080059
1.748159	0.079907
1.748294	0.079754
1.748429	0.079602
1.748563	0.079450
1.748697	0.079299
1.748831	0.079147
1.748965	0.078996
1.749098	0.078846
1.749231	0.078696
1.749364	0.078546
1.749496	0.078396
1.749629	0.078247
1.749761	0.078098
1.749892	0.077949
1.750024	0.077801
1.750155	0.077653
1.750286	0.077505
1.750416	0.077358
1.750547	0.077211
1.750677	0.077064
1.750807	0.076918
1.750936	0.076771
1.751065	0.076626
1.751194	0.076480
1.751323	0.076335
1.751452	0.076190
1.751580	0.076045
1.751708	0.075901
1.751835	0.075757
1.751963	0.075613
1.752090	0.075470
1.752217	0.075327
1.752344	0.075184
1.752470	0.075042
1.752596	0.074899
1.752722	0.074757
1.752848	0.074616
1.752973	0.074474
1.753098	0.074333
1.753223	0.074193
1.753348	0.074052
1.753472	0.073912
1.753596	0.073772
1.753720	0.073633
1.753843	0.073494
1.753967	0.073355
1.754090	0.073216
1.754213	0.073078
1.754335	0.072939
1.754458	0.072802
1.754580	0.072664
1.754702	0.072527
1.754823	0.072390
1.754945	0.072253
1.755066	0.072117
1.755186	0.071981
1.755307	0.071845
1.755427	0.071710
1.755548	0.071574
1.755667	0.071439
1.755787	0.071305
1.755907	0.071170
1.756026	0.071036
1.756145	0.070902
1.756263	0.070769
1.756382	0.070635
1.756500	0.070502
1.756618	0.070370
1.756736	0.070237
1.756853	0.070105
1.756970	0.069973
1.757087	0.069841
1.757204	0.069710
1.757321	0.069579
1.757437	0.069448
1.757553	0.069318
1.757669	0.069187
1.757784	0.069057
1.757900	0.068927
1.758015	0.068798
1.758130	0.068669
1.758245	0.068540
1.758359	0.068411
1.758473	0.068283
1.758587	0.068155
1.758701	0.068027
1.758815	0.067899
1.758928	0.067772
1.759041	0.067644
1.759154	0.067518
1.759266	0.067391
1.759379	0.067265
1.759491	0.067139
1.759603	0.067013
1.759715	0.066887
1.759826	0.066762
1.759938	0.066637
1.760049	0.066512
1.760159	0.066388
1.760270	0.066263
1.760380	0.066139
1.760491	0.066016
1.760601	0.065892
1.760710	0.065769
1.760820	0.065646
1.760929	0.065523
1.761038	0.065401
1.761147	0.065278
1.761256	0.065156
1.761364	0.065034
1.761472	0.064913
1.761580	0.064792
1.761688	0.064671
1.761796	0.064550
1.761903	0.064429
1.762010	0.064309
1.762117	0.064189
1.762224	0.064069
1.762330	0.063950
1.762437	0.063830
1.762543	0.063711
1.762649	0.063593
1.762754	0.063474
1.762860	0.063356
1.762965	0.063238
1.763070	0.063120
1.763175	0.063002
1.763280	0.062885
1.763384	0.062768
1.763488	0.062651
1.763592	0.062534
1.763696	0.062417
1.763800	0.062301
1.763903	0.062185
1.764006	0.062070
1.764109	0.061954
1.764212	0.061839
1.764315	0.061724
1.764417	0.061609
1.764519	0.061494
1.764621	0.061380
1.764723	0.061266
1.764825	0.061152
1.764926	0.061038
1.765027	0.060925
1.765128	0.060812
1.765229	0.060699
1.765329	0.060586
1.765430	0.060474
1.765530	0.060361
1.765630	0.060249
1.765730	0.060137
1.765829	0.060026
1.765929	0.059914
1.766028	0.059803
1.766127	0.059692
1.766226	0.059582
1.766324	0.059471
1.766423	0.059361
1.766521	0.059251
1.766619	0.059141
1.766717	0.059031
1.766815	0.058922
1.766912	0.058813
1.767009	0.058704
1.767106	0.058595
1.767203	0.058487
1.767300	0.058378
1.767397	0.058270
1.767493	0.058162
1.767589	0.058055
1.767685	0.057947
1.767781	0.057840
1.767876	0.057733
1.767972	0.057626
1.768067	0.057520
1.768162	0.057413
1.768257	0.057307
1.768351	0.057201
1.768446	0.057096
1.768540	0.056990
1.768634	0.056885
1.768728	0.056780
1.768822	0.056675
1.768915	0.056570
1.769009	0.056466
1.769102	0.056361
1.769195	0.056257
1.769288	0.056153
1.769380	0.056050
1.769473	0.055946
1.769565	0.055843
1.769657	0.055740
1.769749	0.055637
1.769841	0.055535
1.769933	0.055432
1.770024	0.055330
1.770115	0.055228
1.770206	0.055126
1.770297	0.055024
1.770388	0.054923
1.770478	0.054822
1.770569	0.054721
1.770659	0.054620
1.770749	0.054519
1.770838	0.054419
1.770928	0.054319
1.771018	0.054219
1.771107	0.054119
1.771196	0.054019
1.771285	0.053920
1.771374	0.053821
1.771462	0.053722
1.771551	0.053623
1.771639	0.053524
1.771727	0.053426
1.771815	0.053327
1.771903	0.053229
1.771990	0.053131
1.772078	0.053034
1.772165	0.052936
1.772252	0.052839
1.772339	0.052742
1.772426	0.052645
1.772512	0.052548
1.772599	0.052452
1.772685	0.052355
1.772771	0.052259
1.772857	0.052163
1.772943	0.052068
1.773028	0.051972
1.773113	0.051877
1.773199	0.051781
1.773284	0.051686
1.773369	0.051591
1.773453	0.051497
1.773538	0.051402
1.773622	0.051308
1.773707	0.051214
1.773791	0.051120
1.773875	0.051026
1.773959	0.050933
1.774042	0.050839
1.774126	0.050746
1.774209	0.050653
1.774292	0.050560
1.774375	0.050468
1.774458	0.050375
1.774541	0.050283
1.774623	0.050191
1.774705	0.050099
1.774788	0.050007
1.774870	0.049916
1.774951	0.049824
1.775033	0.049733
1.775115	0.049642
1.775196	0.049551
1.775277	0.049461
1.775358	0.049370
1.775439	0.049280
1.775520	0.049190
1.775601	0.049100
1.775681	0.049010
1.775762	0.048920
1.775842	0.048831
1.775922	0.048742
1.776002	0.048653
1.776081	0.048564
1.776161	0.048475
1.776240	0.048386
1.776320	0.048298
1.776399	0.048210
1.776478	0.048122
1.776556	0.048034
1.776635	0.047946
1.776714	0.047859
1.776792	0.047771
1.776870	0.047684
1.776948	0.047597
1.777026	0.047510
1.777104	0.047423
1.777181	0.047337
1.777259	0.047250
1.777336	0.047164
1.777413	0.047078
1.777490	0.046992
1.777567	0.046907
1.777644	0.046821
1.777721	0.046736
1.777797	0.046651
1.777873	0.046566
1.777949	0.046481
1.778025	0.046396
1.778101	0.046311
1.778177	0.046227
1.778253	0.046143
1.778328	0.046059
1.778403	0.045975
1.778478	0.045891
1.778553	0.045808
1.778628	0.045724
1.778703	0.045641
1.778778	0.045558
1.778852	0.045475
1.778926	0.045392
1.779000	0.045309
1.779074	0.045227
1.779148	0.045145
1.779222	0.045063
1.779296	0.044981
1.779369	0.044899
1.779442	0.044817
1.779516	0.044736
1.779589	0.044654
1.779661	0.044573
1.779734	0.044492
1.779807	0.044411
1.779879	0.044330
1.779952	0.044250
1.780024	0.044169
1.780096	0.044089
1.780168	0.044009
1.780240	0.043929
1.780311	0.043849
1.780383	0.043770
1.780454	0.043690
1.780526	0.043611
1.780597	0.043532
1.780668	0.043453
1.780739	0.043374
1.780809	0.043295
1.780880	0.043216
1.780950	0.043138
1.781021	0.043060
1.781091	0.042982
1.781161	0.042904
1.781231	0.042826
1.781301	0.042748
1.781370	0.042671
1.781440	0.042593
1.781509	0.042516
1.781578	0.042439
1.781648	0.042362
1.781717	0.042285
1.781786	0.042208
1.781854	0.042132
1.781923	0.042056
1.781991	0.041979
1.782060	0.041903
1.782128	0.041827
1.782196	0.041752
1.782264	0.041676
1.782332	0.041600
1.782400	0.041525
1.782467	0.041450
1.782535	0.041375
1.782602	0.041300
1.782669	0.041225
1.782736	0.041150
1.782803	0.041076
1.782870	0.041002
1.782937	0.040927
1.783004	0.040853
1.783070	0.040779
1.783136	0.040706
1.783203	0.040632
1.783269	0.040559
1.783335	0.040485
1.783401	0.040412
1.783466	0.040339
1.783532	0.040266
1.783597	0.040193
1.783663	0.040120
1.783728	0.040048
1.783793	0.039975
1.783858	0.039903
1.783923	0.039831
1.783988	0.039759
1.784052	0.039687
1.784117	0.039616
1.784181	0.039544
1.784245	0.039473
1.784310	0.039401
1.784374	0.039330
1.784437	0.039259
1.784501	0.039188
1.784565	0.039117
1.784629	0.039047
1.784692	0.038976
1.784755	0.038906
1.784818	0.038836
1.784882	0.038766
1.784944	0.038696
1.785007	0.038626
1.785070	0.038556
1.785133	0.038486
1.785195	0.038417
1.785258	0.038348
1.785320	0.038278
1.785382	0.038209
1.785444	0.038141
1.785506	0.038072
1.785568	0.038003
1.785629	0.037935
1.785691	0.037866
1.785752	0.037798
1.785814	0.037730
1.785875	0.037662
1.785936	0.037594
1.785997	0.037526
1.786058	0.037458
1.786119	0.037391
1.786179	0.037324
1.786240	0.037256
1.786300	0.037189
1.786361	0.037122
1.786421	0.037055
1.786481	0.036989
1.786541	0.036922
1.786601	0.036856
1.786661	0.036789
1.786720	0.036723
1.786780	0.036657
1.786839	0.036591
1.786899	0.036525
1.786958	0.036459
1.787017	0.036394
1.787076	0.036328
1.787135	0.036263
1.787193	0.036197
1.787252	0.036132
1.787311	0.036067
1.787369	0.036002
1.787427	0.035938
1.787486	0.035873
1.787544	0.035808
1.787602	0.035744
1.787660	0.035680
1.787718	0.035616
1.787775	0.035552
1.787833	0.035488
1.787890	0.035424
1.787948	0.035360
1.788005	0.035297
1.788062	0.035233
1.788119	0.035170
1.788176	0.035107
1.788233	0.035044
1.788290	0.034981
1.788346	0.034918
1.788403	0.034855
1.788459	0.034792
1.788516	0.034730
1.788572	0.034668
1.788628	0.034605
1.788684	0.034543
1.788740	0.034481
1.788796	0.034419
1.788851	0.034357
1.788907	0.034296
1.788962	0.034234
1.789018	0.034173
1.789073	0.034111
1.789128	0.034050
1.789183	0.033989
1.789238	0.033928
1.789293	0.033867
1.789348	0.033806
1.789403	0.033746
1.789457	0.033685
1.789512	0.033625
1.789566	0.033564
1.789620	0.033504
1.789675	0.033444
1.789729	0.033384
1.789783	0.033324
1.789837	0.033265
1.789890	0.033205
1.789944	0.033145
1.789998	0.033086
1.790051	0.033027
1.790104	0.032967
1.790158	0.032908
1.790211	0.032849
1.790264	0.032790
1.790317	0.032732
1.790370	0.032673
1.790423	0.032615
1.790475	0.032556
1.790528	0.032498
1.790581	0.032440
1.790633	0.032381
1.790685	0.032323
1.790737	0.032266
1.790790	0.032208
1.790842	0.032150
1.790894	0.032092
1.790945	0.032035
1.790997	0.031978
1.791049	0.031920
1.791100	0.031863
1.791152	0.031806
1.791203	0.031749
1.791254	0.031692
1.791306	0.031636
1.791357	0.031579
1.791408	0.031523
1.791459	0.031466
1.791509	0.031410
1.791560	0.031354
1.791611	0.031298
1.791661	0.031242
1.791712	0.031186
1.791762	0.031130
1.791812	0.031074
1.791862	0.031019
1.791912	0.030963
1.791962	0.030908
1.792012	0.030853
1.792062	0.030797
1.792112	0.030742
1.792161	0.030687
1.792211	0.030633
1.792260	0.030578
1.792310	0.030523
1.792359	0.030469
1.792408	0.030414
1.792457	0.030360
1.792506	0.030305
1.792555	0.030251
1.792604	0.030197
1.792652	0.030143
1.792701	0.030089
1.792750	0.030036
1.792798	0.029982
1.792846	0.029928
1.792895	0.029875
1.792943	0.029822
1.792991	0.029768
1.793039	0.029715
1.793087	0.029662
1.793135	0.029609
1.793182	0.029556
1.793230	0.029504
1.793278	0.029451
1.793325	0.029398
1.793372	0.029346
1.793420	0.029293
1.793467	0.029241
1.793514	0.029189
1.793561	0.029137
1.793608	0.029085
1.793655	0.029033
1.793702	0.028981
1.793748	0.028929
1.793795	0.028878
1.793842	0.028826
1.793888	0.028775
1.793934	0.028724
1.793981	0.028672
1.794027	0.028621
1.794073	0.028570
1.794119	0.028519
1.794165	0.028468
1.794211	0.028418
1.794257	0.028367
1.794302	0.028316
1.794348	0.028266
1.794393	0.028215
1.794439	0.028165
1.794484	0.028115
1.794529	0.028065
1.794575	0.028015
1.794620	0.027965
1.794665	0.027915
1.794710	0.027865
1.794755	0.027816
1.794799	0.027766
1.794844	0.027717
1.794889	0.027667
1.794933	0.027618
1.794978	0.027569
1.795022	0.027520
1.795066	0.027471
1.795111	0.027422
1.795155	0.027373
1.795199	0.027324
1.795243	0.027275
1.795287	0.027227
1.795330	0.027178
1.795374	0.027130
1.795418	0.027082
1.795461	0.027033
1.795505	0.026985
1.795548	0.026937
1.795592	0.026889
1.795635	0.026841
1.795678	0.026794
1.795721	0.026746
1.795764	0.026698
1.795807	0.026651
1.795850	0.026603
1.795893	0.026556
1.795936	0.026509
1.795978	0.026462
1.796021	0.026415
1.796063	0.026368
1.796106	0.026321
1.796148	0.026274
1.796190	0.026227
1.796232	0.026180
1.796274	0.026134
1.796316	0.026087
1.796358	0.026041
1.796400	0.025995
1.796442	0.025948
1.796484	0.025902
1.796525	0.025856
1.796567	0.025810
1.796609	0.025764
1.796650	0.025719
1.796691	0.025673
1.796733	0.025627
1.796774	0.025582
1.796815	0.025536
1.796856	0.025491
1.796897	0.025445
1.796938	0.025400
1.796979	0.025355
1.797019	0.025310
1.797060	0.025265
1.797101	0.025220
1.797141	0.025175
1.797182	0.025131
1.797222	0.025086
1.797262	0.025041
1.797302	0.024997
1.797343	0.024952
1.797383	0.024908
1.797423	0.024864
1.797463	0.024820
1.797503	0.024776
1.797542	0.024732
1.797582	0.024688
1.797622	0.024644
1.797661	0.024600
1.797701	0.024556
1.797740	0.024513
1.797780	0.024469
1.797819	0.024426
1.797858	0.024383
1.797897	0.024339
1.797936	0.024296
1.797975	0.024253
1.798014	0.024210
1.798053	0.024167
1.798092	0.024124
1.798131	0.024081
1.798169	0.024038
1.798208	0.023996
1.798247	0.023953
1.798285	0.023911
1.798323	0.023868
1.798362	0.023826
1.798400	0.023784
1.798438	0.023741
1.798476	0.023699
1.798514	0.023657
1.798552	0.023615
1.798590	0.023573
1.798628	0.023532
1.798666	0.023490
1.798703	0.023448
1.798741	0.023407
1.798779	0.023365
1.798816	0.023324
1.798854	0.023282
1.798891	0.023241
1.798928	0.023200
1.798965	0.023159
1.799003	0.023118
1.799040	0.023077
1.799077	0.023036
1.799114	0.022995
1.799151	0.022954
1.799187	0.022913
1.799224	0.022873
1.799261	0.022832
1.799297	0.022792
1.799334	0.022751
1.799371	0.022711
1.799407	0.022671
1.799443	0.022631
1.799480	0.022591
1.799516	0.022550
1.799552	0.022511
1.799588	0.022471
1.799624	0.022431
1.799660	0.022391
1.799696	0.022351
1.799732	0.022312
1.799768	0.022272
1.799803	0.022233
1.799839	0.022193
1.799875	0.022154
1.799910	0.022115
1.799946	0.022076
1.799981	0.022037
1.800016	0.021998
1.800052	0.021959
1.800087	0.021920
1.800122	0.021881
1.800157	0.021842
1.800192	0.021804
1.800227	0.021765
1.800262	0.021726
1.800297	0.021688
1.800331	0.021650
1.800366	0.021611
1.800401	0.021573
1.800435	0.021535
1.800470	0.021497
1.800504	0.021459
1.800539	0.021421
1.800573	0.021383
1.800607	0.021345
1.800641	0.021307
1.800676	0.021269
1.800710	0.021232
1.800744	0.021194
1.800778	0.021157
1.800812	0.021119
1.800845	0.021082
1.800879	0.021045
1.800913	0.021007
1.800947	0.020970
1.800980	0.020933
1.801014	0.020896
1.801047	0.020859
1.801081	0.020822
1.801114	0.020785
1.801147	0.020749
1.801180	0.020712
1.801214	0.020675
1.801247	0.020639
1.801280	0.020602
1.801313	0.020566
1.801346	0.020529
1.801379	0.020493
1.801411	0.020457
1.801444	0.020421
1.801477	0.020385
1.801510	0.020349
1.801542	0.020313
1.801575	0.020277
1.801607	0.020241
1.801640	0.020205
1.801672	0.020169
1.801704	0.020134
1.801736	0.020098
1.801769	0.020063
1.801801	0.020027
1.801833	0.019992
1.801865	0.019956
1.801897	0.019921
1.801929	0.019886
1.801961	0.019851
1.801992	0.019816
1.802024	0.019781
1.802056	0.019746
1.802087	0.019711
1.802119	0.019676
1.802150	0.019641
1.802182	0.019607
1.802213	0.019572
1.802245	0.019537
1.802276	0.019503
1.802307	0.019468
1.802338	0.019434
1.802369	0.019400
1.802400	0.019365
1.802431	0.019331
1.802462	0.019297
1.802493	0.019263
1.802524	0.019229
1.802555	0.019195
1.802585	0.019161
1.802616	0.019127
1.802647	0.019094
1.802677	0.019060
1.802708	0.019026
1.802738	0.018993
1.802769	0.018959
1.802799	0.018926
1.802829	0.018892
1.802859	0.018859
1.802890	0.018826
1.802920	0.018792
1.802950	0.018759
1.802980	0.018726
1.803010	0.018693
1.803040	0.018660
1.803069	0.018627
1.803099	0.018594
1.803129	0.018561
1.803159	0.018529
1.803188	0.018496
1.803218	0.018463
1.803247	0.018431
1.803277	0.018398
1.803306	0.018366
1.803336	0.018333
1.803365	0.018301
1.803394	0.018269
1.803424	0.018236
1.803453	0.018204
1.803482	0.018172
1.803511	0.018140
1.803540	0.018108
1.803569	0.018076
1.803598	0.018044
1.803627	0.018012
1.803655	0.017981
1.803684	0.017949
1.803713	0.017917
1.803741	0.017886
1.803770	0.017854
1.803799	0.017823
1.803827	0.017791
1.803856	0.017760
1.803884	0.017728
1.803912	0.017697
1.803941	0.017666
1.803969	0.017635
1.803997	0.017604
1.804025	0.017573
1.804053	0.017542
1.804081	0.017511
1.804109	0.017480
1.804137	0.017449
1.804165	0.017418
1.804193	0.017388
1.804221	0.017357
1.804248	0.017326
1.804276	0.017296
1.804304	0.017265
1.804331	0.017235
1.804359	0.017205
1.804386	0.017174
1.804414	0.017144
1.804441	0.017114
1.804469	0.017084
1.804496	0.017054
1.804523	0.017023
1.804550	0.016993
1.804578	0.016964
1.804605	0.016934
1.804632	0.016904
1.804659	0.016874
1.804686	0.016844
1.804713	0.016815
1.804739	0.016785
1.804766	0.016755
1.804793	0.016726
1.804820	0.016696
1.804846	0.016667
1.804873	0.016638
1.804900	0.016608
1.804926	0.016579
1.804953	0.016550
1.804979	0.016521
1.805006	0.016492
1.805032	0.016463
1.805058	0.016434
1.805084	0.016405
1.805111	0.016376
1.805137	0.016347
1.805163	0.016318
1.805189	0.016289
1.805215	0.016261
1.805241	0.016232
1.805267	0.016203
1.805293	0.016175
1.805319	0.016146
1.805344	0.016118
1.805370	0.016090
1.805396	0.016061
1.805421	0.016033
1.805447	0.016005
1.805473	0.015977
1.805498	0.015949
1.805524	0.015920
1.805549	0.015892
1.805574	0.015864
1.805600	0.015837
1.805625	0.015809
1.805650	0.015781
1.805675	0.015753
1.805701	0.015725
1.805726	0.015698
1.805751	0.015670
1.805776	0.015642
1.805801	0.015615
1.805826	0.015587
1.805851	0.015560
1.805875	0.015533
1.805900	0.015505
1.805925	0.015478
1.805950	0.221567
